Time x_Exact y_Exact x_FD y_FD x_TI y_TI
0 0 -5.68563e-05 0 -5.68563e-05 0 -5.68563e-05 0 -5.68563e-05 0 -5.68563e-05
5.59278e-11 5.58376e-06 -5.65814e-05 5.59278e-06 -5.63062e-05 5.53879e-06 -5.60337e-05 5.57925e-06 -5.63062e-05 5.53879e-06 -5.60337e-05
1.11856e-10 1.11135e-05 -5.57596e-05 1.11314e-05 -5.52059e-05 1.09701e-05 -5.46716e-05 1.11314e-05 -5.54816e-05 1.09701e-05 -5.46716e-05
1.67783e-10 1.65359e-05 -5.43986e-05 1.65619e-05 -5.35608e-05 1.62416e-05 -5.27831e-05 1.66431e-05 -5.4384e-05 1.62416e-05 -5.27831e-05
2.23711e-10 2.17983e-05 -5.25116e-05 2.18305e-05 -5.13815e-05 2.13023e-05 -5.03864e-05 2.21007e-05 -5.30153e-05 2.13023e-05 -5.03864e-05
2.79639e-10 2.685e-05 -5.0117e-05 2.68847e-05 -4.86839e-05 2.61034e-05 -4.75047e-05 2.74911e-05 -5.13781e-05 2.61034e-05 -4.75047e-05
3.35567e-10 3.16421e-05 -4.72378e-05 3.16736e-05 -4.54892e-05 3.05985e-05 -4.41658e-05 3.28009e-05 -4.94759e-05 3.05985e-05 -4.41658e-05
3.91494e-10 3.61283e-05 -4.3902e-05 3.61482e-05 -4.18234e-05 3.47443e-05 -4.04018e-05 3.80171e-05 -4.73125e-05 3.47443e-05 -4.04018e-05
4.47422e-10 4.02652e-05 -4.01416e-05 4.02623e-05 -3.77175e-05 3.85008e-05 -3.62492e-05 4.3127e-05 -4.48925e-05 3.85008e-05 -3.62492e-05
5.0335e-10 4.40128e-05 -3.59932e-05 4.39724e-05 -3.32069e-05 4.18316e-05 -3.17481e-05 4.81178e-05 -4.22212e-05 4.18316e-05 -3.17481e-05
5.59278e-10 4.73349e-05 -3.14968e-05 4.72389e-05 -2.83313e-05 4.47046e-05 -2.69418e-05 5.29773e-05 -3.93045e-05 4.47046e-05 -2.69418e-05
6.15206e-10 5.01993e-05 -2.66958e-05 5.00258e-05 -2.31344e-05 4.70922e-05 -2.18768e-05 5.76932e-05 -3.61488e-05 4.70922e-05 -2.18768e-05
6.71133e-10 5.25784e-05 -2.16368e-05 5.23014e-05 -1.76634e-05 4.89712e-05 -1.66019e-05 6.2254e-05 -3.27611e-05 4.89712e-05 -1.66019e-05
7.27061e-10 5.44491e-05 -1.63686e-05 5.40389e-05 -1.19685e-05 5.03234e-05 -1.11681e-05 6.66482e-05 -2.9149e-05 5.03234e-05 -1.11681e-05
7.82989e-10 5.57935e-05 -1.09421e-05 5.52162e-05 -6.10276e-06 5.1136e-05 -5.62783e-06 7.08647e-05 -2.53209e-05 5.1136e-05 -5.62783e-06
8.38917e-10 5.65983e-05 -5.40981e-06 5.58165e-05 -1.21164e-07 5.1401e-05 -3.45634e-08 7.48929e-05 -2.12854e-05 5.1401e-05 -3.45634e-08
8.94844e-10 5.6856e-05 1.74774e-07 5.58284e-05 5.91948e-06 5.11158e-05 5.55771e-06 7.87227e-05 -1.70518e-05 5.11158e-05 5.55771e-06
9.50772e-10 5.6564e-05 5.75767e-06 5.52462e-05 1.19613e-05 5.02832e-05 1.1095e-05 8.23442e-05 -1.26298e-05 5.02832e-05 1.1095e-05
1.0067e-09 5.57251e-05 1.12849e-05 5.40696e-05 1.79458e-05 4.89113e-05 1.65239e-05 8.57482e-05 -8.02965e-06 4.89113e-05 1.65239e-05
1.06263e-09 5.43475e-05 1.6703e-05 5.23043e-05 2.38146e-05 4.70133e-05 2.17919e-05 8.8926e-05 -3.26211e-06 4.70133e-05 2.17919e-05
1.11856e-09 5.24444e-05 2.19596e-05 4.99617e-05 2.95098e-05 4.46074e-05 2.68483e-05 9.18693e-05 1.66172e-06 4.46074e-05 2.68483e-05
1.17448e-09 5.00342e-05 2.7004e-05 4.70589e-05 3.49745e-05 4.17171e-05 3.16442e-05 9.45705e-05 6.73031e-06 4.17171e-05 3.16442e-05
1.23041e-09 4.71404e-05 3.17872e-05 4.36186e-05 4.01537e-05 3.837e-05 3.61333e-05 9.70223e-05 1.19318e-05 3.837e-05 3.61333e-05
1.28634e-09 4.37907e-05 3.62631e-05 3.96688e-05 4.49945e-05 3.45986e-05 4.02723e-05 9.92183e-05 1.72538e-05 3.45986e-05 4.02723e-05
1.34227e-09 4.00177e-05 4.03884e-05 3.52428e-05 4.94467e-05 3.04392e-05 4.40212e-05 0.000101153 2.26838e-05 3.04392e-05 4.40212e-05
1.39819e-09 3.58577e-05 4.41232e-05 3.03789e-05 5.34636e-05 2.5932e-05 4.73439e-05 0.00010282 2.8209e-05 2.5932e-05 4.73439e-05
1.45412e-09 3.13511e-05 4.74315e-05 2.51199e-05 5.7002e-05 2.11206e-05 5.02082e-05 0.000104215 3.38162e-05 2.11206e-05 5.02082e-05
1.51005e-09 2.65414e-05 5.02811e-05 1.95128e-05 6.00231e-05 1.60512e-05 5.25866e-05 0.000105335 3.9492e-05 1.60512e-05 5.25866e-05
1.56598e-09 2.14751e-05 5.26447e-05 1.36085e-05 6.24927e-05 1.0773e-05 5.44561e-05 0.000106175 4.52229e-05 1.0773e-05 5.44561e-05
1.62191e-09 1.62011e-05 5.44992e-05 7.46127e-06 6.43814e-05 5.33674e-06 5.57985e-05 0.000106734 5.09951e-05 5.33674e-06 5.57985e-05
1.67783e-09 1.07705e-05 5.58268e-05 1.12827e-06 6.56655e-05 -2.04988e-07 5.66011e-05 0.000107009 5.67948e-05 -2.04988e-07 5.66011e-05
1.73376e-09 5.2358e-06 5.66147e-05 -5.33105e-06 6.63266e-05 -5.79872e-06 5.68559e-05 0.000106998 6.2608e-05 -5.79872e-06 5.68559e-05
1.78969e-09 -3.49546e-07 5.68552e-05 -1.18554e-05 6.63524e-05 -1.13905e-05 5.65606e-05 0.000106702 6.84207e-05 -1.13905e-05 5.65606e-05
1.84562e-09 -5.93151e-06 5.65461e-05 -1.83823e-05 6.57364e-05 -1.69263e-05 5.57181e-05 0.00010612 7.42188e-05 -1.69263e-05 5.57181e-05
1.90154e-09 -1.14561e-05 5.56902e-05 -2.48486e-05 6.44783e-05 -2.23526e-05 5.43364e-05 0.000105252 7.99882e-05 -2.23526e-05 5.43364e-05
1.95747e-09 -1.687e-05 5.42959e-05 -3.11911e-05 6.25842e-05 -2.76172e-05 5.24288e-05 0.000104101 8.5715e-05 -2.76172e-05 5.24288e-05
2.0134e-09 -2.21207e-05 5.23766e-05 -3.73473e-05 6.00661e-05 -3.26693e-05 5.00139e-05 0.000102668 9.13852e-05 -3.26693e-05 5.00139e-05
2.06933e-09 -2.71576e-05 4.9951e-05 -4.32558e-05 5.69425e-05 -3.74599e-05 4.71148e-05 0.000100956 9.69849e-05 -3.74599e-05 4.71148e-05
2.12526e-09 -3.1932e-05 4.70424e-05 -4.88571e-05 5.32378e-05 -4.1943e-05 4.37596e-05 9.89689e-05 0.0001025 -4.1943e-05 4.37596e-05
2.18118e-09 -3.63976e-05 4.3679e-05 -5.40939e-05 4.8982e-05 -4.60751e-05 3.99807e-05 9.67105e-05 0.000107918 -4.60751e-05 3.99807e-05
2.23711e-09 -4.05112e-05 3.98933e-05 -5.89121e-05 4.42111e-05 -4.98165e-05 3.58146e-05 9.41856e-05 0.000113225 -4.98165e-05 3.58146e-05
2.29304e-09 -4.42333e-05 3.57219e-05 -6.3261e-05 3.89662e-05 -5.31311e-05 3.13014e-05 9.13996e-05 0.000118407 -5.31311e-05 3.13014e-05
2.34897e-09 -4.75276e-05 3.12052e-05 -6.7094e-05 3.32936e-05 -5.59867e-05 2.64848e-05 8.83588e-05 0.000123453 -5.59867e-05 2.64848e-05
2.40489e-09 -5.03625e-05 2.63867e-05 -7.0369e-05 2.72439e-05 -5.83559e-05 2.14112e-05 8.50698e-05 0.000128349 -5.83559e-05 2.14112e-05
2.46082e-09 -5.27104e-05 2.13131e-05 -7.30489e-05 2.08721e-05 -6.02158e-05 1.61295e-05 8.154e-05 0.000133083 -6.02158e-05 1.61295e-05
2.51675e-09 -5.45487e-05 1.60335e-05 -7.5102e-05 1.42366e-05 -6.15485e-05 1.06909e-05 7.77774e-05 0.000137644 -6.15485e-05 1.06909e-05
2.57268e-09 -5.58597e-05 1.05989e-05 -7.65024e-05 7.3992e-06 -6.2341e-05 5.14773e-06 7.37905e-05 0.000142019 -6.2341e-05 5.14773e-06
2.62861e-09 -5.66305e-05 5.06174e-06 -7.72303e-05 4.24037e-07 -6.25858e-05 -4.46453e-07 6.95884e-05 0.000146199 -6.25858e-05 -4.46453e-07
2.68453e-09 -5.68539e-05 -5.24315e-07 -7.7272e-05 -6.62272e-06 -6.22804e-05 -6.03766e-06 6.51807e-05 0.000150171 -6.22804e-05 -6.03766e-06
2.74046e-09 -5.65276e-05 -6.10531e-06 -7.66205e-05 -1.36736e-05 -6.14278e-05 -1.15719e-05 6.05776e-05 0.000153927 -6.14278e-05 -1.15719e-05
2.79639e-09 -5.56547e-05 -1.16273e-05 -7.52755e-05 -2.06604e-05 -6.00363e-05 -1.69958e-05 5.57898e-05 0.000157457 -6.00363e-05 -1.69958e-05
2.85232e-09 -5.42438e-05 -1.70368e-05 -7.32432e-05 -2.75148e-05 -5.81192e-05 -2.22569e-05 5.08284e-05 0.000160751 -5.81192e-05 -2.22569e-05
2.90824e-09 -5.23084e-05 -2.22816e-05 -7.05366e-05 -3.41694e-05 -5.56952e-05 -2.73046e-05 4.57049e-05 0.000163801 -5.56952e-05 -2.73046e-05
2.96417e-09 -4.98673e-05 -2.73111e-05 -6.71755e-05 -4.05577e-05 -5.27875e-05 -3.209e-05 4.04315e-05 0.000166599 -5.27875e-05 -3.209e-05
3.0201e-09 -4.6944e-05 -3.20764e-05 -6.3186e-05 -4.66154e-05 -4.94242e-05 -3.6567e-05 3.50205e-05 0.000169138 -4.94242e-05 -3.6567e-05
3.07603e-09 -4.35669e-05 -3.65316e-05 -5.86005e-05 -5.22807e-05 -4.56379e-05 -4.06923e-05 2.94845e-05 0.00017141 -4.56379e-05 -4.06923e-05
3.13196e-09 -3.97686e-05 -4.06337e-05 -5.34579e-05 -5.74949e-05 -4.1465e-05 -4.44262e-05 2.38369e-05 0.000173411 -4.1465e-05 -4.44262e-05
3.18788e-09 -3.55858e-05 -4.43429e-05 -4.78023e-05 -6.22032e-05 -3.69458e-05 -4.77325e-05 1.80908e-05 0.000175133 -3.69458e-05 -4.77325e-05
3.24381e-09 -3.10589e-05 -4.76233e-05 -4.16835e-05 -6.63552e-05 -3.2124e-05 -5.05795e-05 1.226e-05 0.000176573 -3.2124e-05 -5.05795e-05
3.29974e-09 -2.62318e-05 -5.04434e-05 -3.51564e-05 -6.99054e-05 -2.70461e-05 -5.29395e-05 6.35839e-06 0.000177726 -2.70461e-05 -5.29395e-05
3.35567e-09 -2.1151e-05 -5.27757e-05 -2.828e-05 -7.28135e-05 -2.17611e-05 -5.47899e-05 4.00071e-07 0.000178589 -2.17611e-05 -5.47899e-05
3.41159e-09 -1.58658e-05 -5.45978e-05 -2.11176e-05 -7.50451e-05 -1.63201e-05 -5.61127e-05 -5.60069e-06 0.000179159 -1.63201e-05 -5.61127e-05
3.46752e-09 -1.04271e-05 -5.5892e-05 -1.37356e-05 -7.65723e-05 -1.07755e-05 -5.68952e-05 -1.16295e-05 0.000179433 -1.07755e-05 -5.68952e-05
3.52345e-09 -4.88764e-06 -5.66458e-05 -6.20343e-06 -7.73732e-05 -5.18089e-06 -5.71299e-05 -1.76718e-05 0.000179412 -5.18089e-06 -5.71299e-05
3.57938e-09 6.9908e-07 -5.6852e-05 1.40753e-06 -7.74333e-05 4.09753e-07 -5.68144e-05 -2.3713e-05 0.000179093 4.09753e-07 -5.68144e-05
3.63531e-09 6.27904e-06 -5.65085e-05 9.0244e-06 -7.67447e-05 5.94246e-06 -5.59518e-05 -2.97385e-05 0.000178477 5.94246e-06 -5.59518e-05
3.69123e-09 1.17983e-05 -5.56187e-05 1.65735e-05 -7.53069e-05 1.13638e-05 -5.45505e-05 -3.57338e-05 0.000177564 1.13638e-05 -5.45505e-05
3.74716e-09 1.72035e-05 -5.41911e-05 2.39812e-05 -7.31264e-05 1.66215e-05 -5.26239e-05 -4.16841e-05 0.000176357 1.66215e-05 -5.26239e-05
3.80309e-09 2.24423e-05 -5.22396e-05 3.11745e-05 -7.02173e-05 2.16647e-05 -5.01908e-05 -4.75751e-05 0.000174857 2.16647e-05 -5.01908e-05
3.85902e-09 2.74642e-05 -4.97831e-05 3.80815e-05 -6.66006e-05 2.64449e-05 -4.72744e-05 -5.33923e-05 0.000173067 2.64449e-05 -4.72744e-05
3.91494e-09 3.22206e-05 -4.68452e-05 4.46328e-05 -6.23045e-05 3.09158e-05 -4.39031e-05 -5.91214e-05 0.000170991 3.09158e-05 -4.39031e-05
3.97087e-09 3.66654e-05 -4.34544e-05 5.07615e-05 -5.7364e-05 3.50343e-05 -4.01093e-05 -6.47485e-05 0.000168633 3.50343e-05 -4.01093e-05
4.0268e-09 4.07557e-05 -3.96435e-05 5.64042e-05 -5.18206e-05 3.87606e-05 -3.59296e-05 -7.02596e-05 0.000165999 3.87606e-05 -3.59296e-05
4.08273e-09 4.4452e-05 -3.54493e-05 6.15017e-05 -4.57221e-05 4.20588e-05 -3.14045e-05 -7.56412e-05 0.000163093 4.20588e-05 -3.14045e-05
4.13866e-09 4.77186e-05 -3.09124e-05 6.59992e-05 -3.91223e-05 4.4897e-05 -2.65776e-05 -8.08798e-05 0.000159923 4.4897e-05 -2.65776e-05
4.19458e-09 5.05238e-05 -2.60766e-05 6.98476e-05 -3.208e-05 4.72479e-05 -2.14954e-05 -8.59625e-05 0.000156496 4.72479e-05 -2.14954e-05
4.25051e-09 5.28405e-05 -2.09887e-05 7.30032e-05 -2.46592e-05 4.90887e-05 -1.62071e-05 -9.08766e-05 0.000152818 4.90887e-05 -1.62071e-05
4.30644e-09 5.46463e-05 -1.56979e-05 7.54288e-05 -1.69279e-05 5.04017e-05 -1.07637e-05 -9.56099e-05 0.000148898 5.04017e-05 -1.07637e-05
4.36237e-09 5.59238e-05 -1.02552e-05 7.7094e-05 -8.95808e-06 5.11742e-05 -5.21771e-06 -0.00010015 0.000144746 5.11742e-05 -5.21771e-06
4.41829e-09 5.66606e-05 -4.71349e-06 7.79751e-05 -8.24443e-07 5.13987e-05 3.7732e-07 -0.000104487 0.00014037 5.13987e-05 3.7732e-07
4.47422e-09 5.68496e-05 8.73837e-07 7.80562e-05 7.39587e-06 5.10731e-05 5.96739e-06 -0.000108608 0.000135781 5.10731e-05 5.96739e-06
4.53015e-09 5.64889e-05 6.45272e-06 7.73287e-05 1.56242e-05 5.02006e-05 1.14985e-05 -0.000112503 0.00013099 5.02006e-05 1.14985e-05
4.58608e-09 5.55822e-05 1.19692e-05 7.57918e-05 2.37809e-05 4.87895e-05 1.69173e-05 -0.000116163 0.000126007 4.87895e-05 1.69173e-05
4.64201e-09 5.4138e-05 1.737e-05 7.34526e-05 3.17864e-05 4.68534e-05 2.21715e-05 -0.000119577 0.000120844 4.68534e-05 2.21715e-05
4.69793e-09 5.21704e-05 2.26028e-05 7.03258e-05 3.95619e-05 4.44111e-05 2.72104e-05 -0.000122738 0.000115513 4.44111e-05 2.72104e-05
4.75386e-09 4.96984e-05 2.76171e-05 6.64343e-05 4.70298e-05 4.14861e-05 3.19852e-05 -0.000125636 0.000110026 4.14861e-05 3.19852e-05
4.80979e-09 4.67459e-05 3.23644e-05 6.18081e-05 5.41148e-05 3.81067e-05 3.645e-05 -0.000128265 0.000104397 3.81067e-05 3.645e-05
4.86572e-09 4.33415e-05 3.67988e-05 5.6485e-05 6.07449e-05 3.43055e-05 4.05617e-05 -0.000130617 9.86386e-05 3.43055e-05 4.05617e-05
4.92164e-09 3.9518e-05 4.08774e-05 5.05097e-05 6.68513e-05 3.01191e-05 4.42804e-05 -0.000132685 9.27646e-05 3.01191e-05 4.42804e-05
4.97757e-09 3.53125e-05 4.45608e-05 4.39337e-05 7.23699e-05 2.55881e-05 4.75705e-05 -0.000134465 8.67888e-05 2.55881e-05 4.75705e-05
5.0335e-09 3.07656e-05 4.78134e-05 3.68149e-05 7.72417e-05 2.0756e-05 5.04e-05 -0.000135951 8.07255e-05 2.0756e-05 5.04e-05
5.08943e-09 2.59212e-05 5.06037e-05 2.92169e-05 8.14132e-05 1.56696e-05 5.27416e-05 -0.000137138 7.45891e-05 1.56696e-05 5.27416e-05
5.14536e-09 2.08262e-05 5.29047e-05 2.12086e-05 8.48373e-05 1.0378e-05 5.45729e-05 -0.000138024 6.83944e-05 1.0378e-05 5.45729e-05
5.20128e-09 1.55298e-05 5.46943e-05 1.28634e-05 8.74737e-05 4.93221e-06 5.58761e-05 -0.000138605 6.2156e-05 4.93221e-06 5.58761e-05
5.25721e-09 1.00833e-05 5.5955e-05 4.25887e-06 8.92891e-05 -6.15171e-07 5.66385e-05 -0.000138879 5.58891e-05 -6.15171e-07 5.66385e-05
5.31314e-09 4.5393e-06 5.66748e-05 -4.52423e-06 9.02582e-05 -6.2106e-06 5.6853e-05 -0.000138845 4.96087e-05 -6.2106e-06 5.6853e-05
5.36907e-09 -1.04859e-06 5.68466e-05 -1.34026e-05 9.03633e-05 -1.18001e-05 5.65173e-05 -0.000138502 4.333e-05 -1.18001e-05 5.65173e-05
5.42499e-09 -6.62633e-06 5.64688e-05 -2.22914e-05 8.95951e-05 -1.73296e-05 5.56347e-05 -0.00013785 3.70681e-05 -1.73296e-05 5.56347e-05
5.48092e-09 -1.214e-05 5.55451e-05 -3.11046e-05 8.79525e-05 -2.27459e-05 5.42138e-05 -0.00013689 3.08383e-05 -2.27459e-05 5.42138e-05
5.53685e-09 -1.75363e-05 5.40843e-05 -3.97562e-05 8.5443e-05 -2.79966e-05 5.22683e-05 -0.000135624 2.46557e-05 -2.79966e-05 5.22683e-05
5.59278e-09 -2.27631e-05 5.21007e-05 -4.8161e-05 8.20824e-05 -3.3031e-05 4.98169e-05 -0.000134054 1.85354e-05 -3.3031e-05 4.98169e-05
5.64871e-09 -2.77698e-05 4.96133e-05 -5.62352e-05 7.78951e-05 -3.78006e-05 4.68833e-05 -0.000132183 1.24923e-05 -3.78006e-05 4.68833e-05
5.70463e-09 -3.2508e-05 4.66462e-05 -6.38975e-05 7.29136e-05 -4.22592e-05 4.34958e-05 -0.000130014 6.54121e-06 -4.22592e-05 4.34958e-05
5.76056e-09 -3.69319e-05 4.32282e-05 -7.10697e-05 6.71783e-05 -4.6364e-05 3.96871e-05 -0.000127553 6.96791e-07 -4.6364e-05 3.96871e-05
5.81649e-09 -4.09987e-05 3.93922e-05 -7.76779e-05 6.07376e-05 -5.00752e-05 3.54941e-05 -0.000124805 -5.02658e-06 -5.00752e-05 3.54941e-05
5.87242e-09 -4.46691e-05 3.51754e-05 -8.36524e-05 5.36468e-05 -5.3357e-05 3.09571e-05 -0.000121775 -1.06148e-05 -5.3357e-05 3.09571e-05
5.92834e-09 -4.79077e-05 3.06184e-05 -8.89295e-05 4.59683e-05 -5.61778e-05 2.61199e-05 -0.00011847 -1.60539e-05 -5.61778e-05 2.61199e-05
5.98427e-09 -5.06831e-05 2.57655e-05 -9.34513e-05 3.77707e-05 -5.85103e-05 2.10293e-05 -0.000114897 -2.13305e-05 -5.85103e-05 2.10293e-05
6.0402e-09 -5.29685e-05 2.06634e-05 -9.71667e-05 2.91284e-05 -6.0332e-05 1.57344e-05 -0.000111065 -2.64314e-05 -6.0332e-05 1.57344e-05
6.09613e-09 -5.47418e-05 1.53616e-05 -0.000100032 2.01205e-05 -6.16253e-05 1.02862e-05 -0.000106982 -3.13439e-05 -6.16253e-05 1.02862e-05
6.15206e-09 -5.59858e-05 9.91124e-06 -0.000102011 1.08308e-05 -6.23777e-05 4.73748e-06 -0.000102658 -3.60555e-05 -6.23777e-05 4.73748e-06
6.20798e-09 -5.66885e-05 4.36506e-06 -0.000103077 1.34646e-06 -6.25821e-05 -8.58326e-07 -9.81018e-05 -4.05544e-05 -6.25821e-05 -8.58326e-07
6.26391e-09 -5.68431e-05 -1.22333e-06 -0.000103209 -8.24271e-06 -6.22363e-05 -6.44718e-06 -9.33244e-05 -4.48292e-05 -6.22363e-05 -6.44718e-06
6.31984e-09 -5.64482e-05 -6.79988e-06 -0.000102398 -1.78449e-05 -6.13437e-05 -1.19751e-05 -8.83366e-05 -4.88691e-05 -6.13437e-05 -1.19751e-05
6.37577e-09 -5.55075e-05 -1.23107e-05 -0.000100643 -2.73673e-05 -5.9913e-05 -1.73888e-05 -8.31502e-05 -5.26637e-05 -5.9913e-05 -1.73888e-05
6.43169e-09 -5.40302e-05 -1.77025e-05 -9.79508e-05 -3.67171e-05 -5.7958e-05 -2.2636e-05 -7.77772e-05 -5.62031e-05 -5.7958e-05 -2.2636e-05
6.48762e-09 -5.20305e-05 -2.29231e-05 -9.4339e-05 -4.58021e-05 -5.54975e-05 -2.7666e-05 -7.22301e-05 -5.94784e-05 -5.54975e-05 -2.7666e-05
6.54355e-09 -4.95277e-05 -2.79221e-05 -8.98336e-05 -5.45318e-05 -5.25553e-05 -3.24302e-05 -6.65219e-05 -6.24807e-05 -5.25553e-05 -3.24302e-05
6.59948e-09 -4.65461e-05 -3.26512e-05 -8.44695e-05 -6.28183e-05 -4.91598e-05 -3.68828e-05 -6.0666e-05 -6.52024e-05 -4.91598e-05 -3.68828e-05
6.65541e-09 -4.31145e-05 -3.70646e-05 -7.82902e-05 -7.05771e-05 -4.53437e-05 -4.09806e-05 -5.46762e-05 -6.7636e-05 -4.53437e-05 -4.09806e-05
6.71133e-09 -3.9266e-05 -4.11196e-05 -7.13478e-05 -7.77282e-05 -4.1144e-05 -4.46843e-05 -4.85668e-05 -6.9775e-05 -4.1144e-05 -4.46843e-05
6.76726e-09 -3.50379e-05 -4.47771e-05 -6.37019e-05 -8.41963e-05 -3.6601e-05 -4.79579e-05 -4.23522e-05 -7.16135e-05 -3.6601e-05 -4.79579e-05
6.82319e-09 -3.0471e-05 -4.80016e-05 -5.54198e-05 -8.99123e-05 -3.17588e-05 -5.07699e-05 -3.60471e-05 -7.31464e-05 -3.17588e-05 -5.07699e-05
6.87912e-09 -2.56096e-05 -5.07621e-05 -4.65754e-05 -9.48136e-05 -2.6664e-05 -5.30932e-05 -2.96667e-05 -7.43692e-05 -2.6664e-05 -5.30932e-05
6.93504e-09 -2.05005e-05 -5.30318e-05 -3.72489e-05 -9.8845e-05 -2.13658e-05 -5.49053e-05 -2.32261e-05 -7.52782e-05 -2.13658e-05 -5.49053e-05
6.99097e-09 -1.51932e-05 -5.47887e-05 -2.75258e-05 -0.000101959 -1.59153e-05 -5.61888e-05 -1.67408e-05 -7.58704e-05 -1.59153e-05 -5.61888e-05
7.0469e-09 -9.73909e-06 -5.6016e-05 -1.74964e-05 -0.000104116 -1.03652e-05 -5.69312e-05 -1.02263e-05 -7.61436e-05 -1.03652e-05 -5.69312e-05
7.10283e-09 -4.19078e-06 -5.67016e-05 -7.25481e-06 -0.000105287 -4.76902e-06 -5.71254e-05 -3.69848e-06 -7.60964e-05 -4.76902e-06 -5.71254e-05
7.15876e-09 1.39805e-06 -5.68391e-05 3.10197e-06 -0.000105451 8.19193e-07 -5.67695e-05 2.82706e-06 -7.57282e-05 8.19193e-07 -5.67695e-05
7.21468e-09 6.97337e-06 -5.6427e-05 1.34748e-05 -0.000104595 6.34552e-06 -5.5867e-05 9.33449e-06 -7.5039e-05 6.34552e-06 -5.5867e-05
7.27061e-09 1.24813e-05 -5.54694e-05 2.37636e-05 -0.00010272 1.17566e-05 -5.44265e-05 1.5808e-05 -7.40297e-05 1.17566e-05 -5.44265e-05
7.32654e-09 1.78685e-05 -5.39755e-05 3.38678e-05 -9.98322e-05 1.70002e-05 -5.2462e-05 2.22319e-05 -7.27021e-05 1.70002e-05 -5.2462e-05
7.38247e-09 2.3083e-05 -5.19598e-05 4.3688e-05 -9.59506e-05 2.20258e-05 -4.99925e-05 2.85905e-05 -7.10585e-05 2.20258e-05 -4.99925e-05
7.43839e-09 2.80743e-05 -4.94416e-05 5.31263e-05 -9.1103e-05 2.67847e-05 -4.70417e-05 3.48683e-05 -6.91022e-05 2.67847e-05 -4.70417e-05
7.49432e-09 3.27941e-05 -4.64455e-05 6.20879e-05 -8.53269e-05 3.12311e-05 -4.36381e-05 4.10498e-05 -6.68371e-05 3.12311e-05 -4.36381e-05
7.55025e-09 3.71969e-05 -4.30003e-05 7.04812e-05 -7.86694e-05 3.53221e-05 -3.98146e-05 4.712e-05 -6.4268e-05 3.53221e-05 -3.98146e-05
7.60618e-09 4.12401e-05 -3.91394e-05 7.82197e-05 -7.11862e-05 3.90181e-05 -3.56082e-05 5.30637e-05 -6.14003e-05 3.90181e-05 -3.56082e-05
7.66211e-09 4.48846e-05 -3.49001e-05 8.5222e-05 -6.29419e-05 4.22835e-05 -3.10593e-05 5.88665e-05 -5.82403e-05 4.22835e-05 -3.10593e-05
7.71803e-09 4.80951e-05 -3.03233e-05 9.14134e-05 -5.40087e-05 4.50868e-05 -2.6212e-05 6.45138e-05 -5.47949e-05 4.50868e-05 -2.6212e-05
7.77396e-09 5.08406e-05 -2.54534e-05 9.67261e-05 -4.44665e-05 4.74009e-05 -2.1113e-05 6.99917e-05 -5.10718e-05 4.74009e-05 -2.1113e-05
7.82989e-09 5.30945e-05 -2.03374e-05 0.0001011 -3.44017e-05 4.92034e-05 -1.58115e-05 7.52864e-05 -4.70792e-05 4.92034e-05 -1.58115e-05
7.88582e-09 5.48352e-05 -1.50248e-05 0.000104484 -2.39067e-05 5.0477e-05 -1.03588e-05 8.03848e-05 -4.28262e-05 5.0477e-05 -1.03588e-05
7.94174e-09 5.60456e-05 -9.56686e-06 0.000106836 -1.30787e-05 5.12094e-05 -4.80733e-06 8.5274e-05 -3.83224e-05 5.12094e-05 -4.80733e-06
7.99767e-09 5.67143e-05 -4.01646e-06 0.000108122 -2.0195e-06 5.13935e-05 7.89177e-07 8.99417e-05 -3.35782e-05 5.13935e-05 7.89177e-07
8.0536e-09 5.68345e-05 1.57277e-06 0.000108321 9.1663e-06 5.10276e-05 6.37674e-06 9.4376e-05 -2.86044e-05 5.10276e-05 6.37674e-06
8.10953e-09 5.64053e-05 7.14679e-06 0.000107419 2.03716e-05 5.0115e-05 1.19014e-05 9.85658e-05 -2.34126e-05 5.0115e-05 1.19014e-05
8.16546e-09 5.54308e-05 1.26517e-05 0.000105415 3.14883e-05 4.86648e-05 1.73099e-05 0.0001025 -1.80146e-05 4.86648e-05 1.73099e-05
8.22138e-09 5.39203e-05 1.80343e-05 0.000102318 4.24078e-05 4.66908e-05 2.255e-05 0.000106169 -1.24232e-05 4.66908e-05 2.255e-05
8.27731e-09 5.18886e-05 2.32426e-05 9.81464e-05 5.30226e-05 4.42122e-05 2.7571e-05 0.000109563 -6.65126e-06 4.42122e-05 2.7571e-05
8.33324e-09 4.93551e-05 2.82261e-05 9.29308e-05 6.32272e-05 4.12528e-05 3.23246e-05 0.000112673 -7.12432e-07 4.12528e-05 3.23246e-05
8.38917e-09 4.63445e-05 3.29367e-05 8.67113e-05 7.29186e-05 3.78412e-05 3.67649e-05 0.000115491 5.37935e-06 3.78412e-05 3.67649e-05
8.44509e-09 4.28858e-05 3.73289e-05 7.95385e-05 8.19983e-05 3.40103e-05 4.08489e-05 0.000118009 1.16097e-05 3.40103e-05 4.08489e-05
8.50102e-09 3.90125e-05 4.13602e-05 7.14726e-05 9.03724e-05 2.97972e-05 4.45374e-05 0.000120221 1.7964e-05 2.97972e-05 4.45374e-05
8.55695e-09 3.47619e-05 4.49916e-05 6.2583e-05 9.79531e-05 2.52425e-05 4.77945e-05 0.00012212 2.4427e-05 2.52425e-05 4.77945e-05
8.61288e-09 3.01753e-05 4.8188e-05 5.29476e-05 0.000104659 2.03901e-05 5.05891e-05 0.000123702 3.09834e-05 2.03901e-05 5.05891e-05
8.66881e-09 2.5297e-05 5.09186e-05 4.26526e-05 0.000110418 1.52869e-05 5.28939e-05 0.000124961 3.76176e-05 1.52869e-05 5.28939e-05
8.72473e-09 2.01741e-05 5.31568e-05 3.17912e-05 0.000115163 9.9822e-06 5.46869e-05 0.000125893 4.43138e-05 9.9822e-06 5.46869e-05
8.78066e-09 1.48561e-05 5.48811e-05 2.04629e-05 0.000118841 4.52713e-06 5.59507e-05 0.000126497 5.10558e-05 4.52713e-06 5.59507e-05
8.83659e-09 9.39453e-06 5.60748e-05 8.77289e-06 0.000121404 -1.02561e-06 5.6673e-05 0.000126768 5.78275e-05 -1.02561e-06 5.6673e-05
8.89252e-09 3.8421e-06 5.67263e-05 -3.16923e-06 0.000122817 -6.62245e-06 5.6847e-05 0.000126707 6.46125e-05 -6.62245e-06 5.6847e-05
8.94844e-09 -1.74747e-06 5.68294e-05 -1.52503e-05 0.000123055 -1.22093e-05 5.64709e-05 0.000126312 7.13946e-05 -1.22093e-05 5.64709e-05
9.00437e-09 -7.32015e-06 5.63831e-05 -2.73549e-05 0.000122105 -1.77324e-05 5.55484e-05 0.000125584 7.81572e-05 -1.77324e-05 5.55484e-05
9.0603e-09 -1.2822e-05 5.53916e-05 -3.9366e-05 0.000119965 -2.31382e-05 5.40884e-05 0.000124522 8.4884e-05 -2.31382e-05 5.40884e-05
9.11623e-09 -1.82e-05 5.38646e-05 -5.11666e-05 0.000116643 -2.83747e-05 5.2105e-05 0.00012313 9.15586e-05 -2.83747e-05 5.2105e-05
9.17216e-09 -2.3402e-05 5.18169e-05 -6.26404e-05 0.00011216 -3.33913e-05 4.96173e-05 0.00012141 9.81647e-05 -3.33913e-05 4.96173e-05
9.22808e-09 -2.83777e-05 4.92681e-05 -7.36731e-05 0.000106548 -3.81395e-05 4.66493e-05 0.000119365 0.000104686 -3.81395e-05 4.66493e-05
9.28401e-09 -3.3079e-05 4.6243e-05 -8.41539e-05 9.98511e-05 -4.25736e-05 4.32297e-05 0.000116999 0.000111107 -4.25736e-05 4.32297e-05
9.33994e-09 -3.74606e-05 4.27708e-05 -9.3976e-05 9.21233e-05 -4.66507e-05 3.93915e-05 0.000114317 0.000117412 -4.66507e-05 3.93915e-05
9.39587e-09 -4.14799e-05 3.88851e-05 -0.000103038 8.34293e-05 -5.03315e-05 3.51717e-05 0.000111325 0.000123584 -5.03315e-05 3.51717e-05
9.45179e-09 -4.50983e-05 3.46235e-05 -0.000111245 7.38439e-05 -5.35805e-05 3.06111e-05 0.00010803 0.00012961 -5.35805e-05 3.06111e-05
9.50772e-09 -4.82806e-05 3.00271e-05 -0.000118508 6.34513e-05 -5.63662e-05 2.57537e-05 0.000104438 0.000135473 -5.63662e-05 2.57537e-05
9.56365e-09 -5.09961e-05 2.51404e-05 -0.00012475 5.23441e-05 -5.86619e-05 2.06463e-05 0.000100558 0.00014116 -5.86619e-05 2.06463e-05
9.61958e-09 -5.32186e-05 2.00106e-05 -0.000129899 4.0623e-05 -6.04453e-05 1.53384e-05 9.6398e-05 0.000146656 -6.04453e-05 1.53384e-05
9.67551e-09 -5.49265e-05 1.46874e-05 -0.000133895 2.83954e-05 -6.16992e-05 9.88102e-06 9.19678e-05 0.000151947 -6.16992e-05 9.88102e-06
9.73143e-09 -5.61034e-05 9.22211e-06 -0.000136688 1.57748e-05 -6.24115e-05 4.32698e-06 8.72774e-05 0.000157021 -6.24115e-05 4.32698e-06
9.78736e-09 -5.67379e-05 3.66771e-06 -0.00013824 2.87935e-06 -6.25754e-05 -1.27016e-06 8.23374e-05 0.000161863 -6.25754e-05 -1.27016e-06
9.84329e-09 -5.68238e-05 -1.92215e-06 -0.000138523 -1.01687e-05 -6.21892e-05 -6.85637e-06 7.71593e-05 0.000166463 -6.21892e-05 -6.85637e-06
9.89922e-09 -5.63603e-05 -7.49343e-06 -0.000137523 -2.32446e-05 -6.12567e-05 -1.23777e-05 7.17549e-05 0.000170808 -6.12567e-05 -1.23777e-05
9.95514e-09 -5.5352e-05 -1.29923e-05 -0.000135236 -3.62222e-05 -5.9787e-05 -1.77809e-05 6.61368e-05 0.000174888 -5.9787e-05 -1.77809e-05
1.00111e-08 -5.38084e-05 -1.83655e-05 -0.000131673 -4.89748e-05 -5.77941e-05 -2.30138e-05 6.03181e-05 0.000178691 -5.77941e-05 -2.30138e-05
1.0067e-08 -5.17447e-05 -2.35611e-05 -0.000126856 -6.13769e-05 -5.52973e-05 -2.80259e-05 5.43123e-05 0.000182207 -5.52973e-05 -2.80259e-05
1.01229e-08 -4.91806e-05 -2.8529e-05 -0.000120818 -7.33051e-05 -5.23207e-05 -3.27688e-05 4.81336e-05 0.000185429 -5.23207e-05 -3.27688e-05
1.01789e-08 -4.61411e-05 -3.3221e-05 -0.000113607 -8.46395e-05 -4.88931e-05 -3.71967e-05 4.17964e-05 0.000188346 -4.88931e-05 -3.71967e-05
1.02348e-08 -4.26555e-05 -3.75919e-05 -0.000105282 -9.52645e-05 -4.50475e-05 -4.12669e-05 3.53158e-05 0.000190952 -4.50475e-05 -4.12669e-05
1.02907e-08 -3.87574e-05 -4.15993e-05 -9.59107e-05 -0.000105071 -4.08211e-05 -4.494e-05 2.87069e-05 0.000193239 -4.08211e-05 -4.494e-05
1.03466e-08 -3.44847e-05 -4.52045e-05 -8.55752e-05 -0.000113955 -3.62546e-05 -4.81807e-05 2.19856e-05 0.000195201 -3.62546e-05 -4.81807e-05
1.04026e-08 -2.98785e-05 -4.83726e-05 -7.43658e-05 -0.000121823 -3.13922e-05 -5.09577e-05 1.51678e-05 0.000196833 -3.13922e-05 -5.09577e-05
1.04585e-08 -2.49835e-05 -5.10731e-05 -6.23825e-05 -0.000128588 -2.62807e-05 -5.32441e-05 8.26975e-06 0.000198129 -2.62807e-05 -5.32441e-05
1.05144e-08 -1.98469e-05 -5.32798e-05 -4.97338e-05 -0.000134174 -2.09695e-05 -5.50179e-05 1.30795e-06 0.000199086 -2.09695e-05 -5.50179e-05
1.05703e-08 -1.45184e-05 -5.49714e-05 -3.65355e-05 -0.000138516 -1.551e-05 -5.62619e-05 -5.70092e-06 0.0001997 -1.551e-05 -5.62619e-05
1.06263e-08 -9.04961e-06 -5.61315e-05 -2.29102e-05 -0.00014156 -9.95463e-06 -5.69642e-05 -1.274e-05 0.00019997 -9.95463e-06 -5.69642e-05
1.06822e-08 -3.49328e-06 -5.67489e-05 -8.98538e-06 -0.000143263 -4.3572e-06 -5.7118e-05 -1.97924e-05 0.000199894 -4.3572e-06 -5.7118e-05
1.07381e-08 2.09682e-06 -5.68176e-05 5.10695e-06 -0.000143597 1.2283e-06 -5.67217e-05 -2.6841e-05 0.00019947 1.2283e-06 -5.67217e-05
1.07941e-08 7.66664e-06 -5.6337e-05 1.92321e-05 -0.000142544 6.74796e-06 -5.57793e-05 -3.38687e-05 0.0001987 6.74796e-06 -5.57793e-05
1.085e-08 1.31623e-05 -5.53118e-05 3.32537e-05 -0.000140102 1.21485e-05 -5.42997e-05 -4.08586e-05 0.000197585 1.21485e-05 -5.42997e-05
1.09059e-08 1.85308e-05 -5.37517e-05 4.70352e-05 -0.000136281 1.73778e-05 -5.22974e-05 -4.77937e-05 0.000196125 1.73778e-05 -5.22974e-05
1.09618e-08 2.37201e-05 -5.1672e-05 6.04407e-05 -0.000131104 2.23853e-05 -4.97916e-05 -5.46569e-05 0.000194325 2.23853e-05 -4.97916e-05
1.10178e-08 2.868e-05 -4.90927e-05 7.3337e-05 -0.000124609 2.71228e-05 -4.68064e-05 -6.14316e-05 0.000192187 2.71228e-05 -4.68064e-05
1.10737e-08 3.33627e-05 -4.60388e-05 8.55944e-05 -0.000116845 3.15445e-05 -4.33708e-05 -6.81012e-05 0.000189715 3.15445e-05 -4.33708e-05
1.11296e-08 3.77228e-05 -4.25397e-05 9.7088e-05 -0.000107875 3.56078e-05 -3.95179e-05 -7.46492e-05 0.000186916 3.56078e-05 -3.95179e-05
1.11856e-08 4.17182e-05 -3.86294e-05 0.000107699 -9.77744e-05 3.92733e-05 -3.52849e-05 -8.10595e-05 0.000183795 3.92733e-05 -3.52849e-05
1.12415e-08 4.53103e-05 -3.43456e-05 0.000117317 -8.66302e-05 4.25057e-05 -3.07125e-05 -8.73163e-05 0.000180358 4.25057e-05 -3.07125e-05
1.12974e-08 4.84643e-05 -2.97297e-05 0.000125839 -7.454e-05 4.52739e-05 -2.58451e-05 -9.34041e-05 0.000176614 4.52739e-05 -2.58451e-05
1.13533e-08 5.11497e-05 -2.48264e-05 0.000133171 -6.16115e-05 4.75511e-05 -2.07295e-05 -9.93077e-05 0.00017257 4.75511e-05 -2.07295e-05
1.14093e-08 5.33406e-05 -1.9683e-05 0.000139231 -4.79617e-05 4.93153e-05 -1.54151e-05 -0.000105012 0.000168236 4.93153e-05 -1.54151e-05
1.14652e-08 5.50158e-05 -1.43494e-05 0.000143949 -3.37158e-05 5.05494e-05 -9.95329e-06 -0.000110504 0.000163621 5.05494e-05 -9.95329e-06
1.15211e-08 5.6159e-05 -8.87702e-06 0.000147266 -1.90058e-05 5.12417e-05 -4.39671e-06 -0.000115769 0.000158736 5.12417e-05 -4.39671e-06
1.1577e-08 5.67594e-05 -3.31882e-06 0.000149135 -3.96958e-06 5.13853e-05 1.20099e-06 -0.000120793 0.000153592 5.13853e-05 1.20099e-06
1.1633e-08 5.68109e-05 2.27146e-06 0.000149526 1.12505e-05 5.0979e-05 6.78576e-06 -0.000125564 0.000148202 5.0979e-05 6.78576e-06
1.16889e-08 5.63132e-05 7.83979e-06 0.000148419 2.65091e-05 5.00266e-05 1.23037e-05 -0.00013007 0.000142576 5.00266e-05 1.23037e-05
1.17448e-08 5.5271e-05 1.33323e-05 0.000145812 4.16587e-05 4.85373e-05 1.77016e-05 -0.0001343 0.000136729 4.85373e-05 1.77016e-05
1.18008e-08 5.36945e-05 1.86959e-05 0.000141714 5.65519e-05 4.65255e-05 2.29272e-05 -0.000138242 0.000130674 4.65255e-05 2.29272e-05
1.18567e-08 5.15988e-05 2.38788e-05 0.000136151 7.1042e-05 4.40106e-05 2.79302e-05 -0.000141886 0.000124425 4.40106e-05 2.79302e-05
1.19126e-08 4.90043e-05 2.88308e-05 0.000129163 8.49849e-05 4.10169e-05 3.26623e-05 -0.000145223 0.000117996 4.10169e-05 3.26623e-05
1.19685e-08 4.5936e-05 3.35041e-05 0.000120803 9.82403e-05 3.75733e-05 3.70778e-05 -0.000148243 0.000111404 3.75733e-05 3.70778e-05
1.20245e-08 4.24236e-05 3.78534e-05 0.000111139 0.000110673 3.37131e-05 4.11341e-05 -0.00015094 0.000104663 3.37131e-05 4.11341e-05
1.20804e-08 3.8501e-05 4.18368e-05 0.000100253 0.000122156 2.94734e-05 4.4792e-05 -0.000153305 9.77894e-05 2.94734e-05 4.4792e-05
1.21363e-08 3.42061e-05 4.54156e-05 8.82366e-05 0.000132568 2.48953e-05 4.80161e-05 -0.000155331 9.07995e-05 2.48953e-05 4.80161e-05
1.21923e-08 2.95806e-05 4.85554e-05 7.51964e-05 0.000141797 2.00228e-05 5.07755e-05 -0.000157014 8.37099e-05 2.00228e-05 5.07755e-05
1.22482e-08 2.4669e-05 5.12258e-05 6.12482e-05 0.000149744 1.49031e-05 5.30434e-05 -0.000158349 7.65375e-05 1.49031e-05 5.30434e-05
1.23041e-08 1.9519e-05 5.34008e-05 4.65183e-05 0.000156319 9.58558e-06 5.4798e-05 -0.00015933 6.92995e-05 9.58558e-06 5.4798e-05
1.236e-08 1.41802e-05 5.50596e-05 3.11416e-05 0.000161445 4.12153e-06 5.60223e-05 -0.000159956 6.20133e-05 4.12153e-06 5.60223e-05
1.2416e-08 8.70435e-06 5.61861e-05 1.52607e-05 0.000165059 -1.4363e-06 5.67045e-05 -0.000160223 5.46962e-05 -1.4363e-06 5.67045e-05
1.24719e-08 3.14433e-06 5.67693e-05 -9.75579e-07 0.00016711 -7.03424e-06 5.68381e-05 -0.00016013 4.73661e-05 -7.03424e-06 5.68381e-05
1.25278e-08 -2.44608e-06 5.68037e-05 -1.74137e-05 0.000167564 -1.26183e-05 5.64216e-05 -0.000159677 4.00405e-05 -1.26183e-05 5.64216e-05
1.25837e-08 -8.01285e-06 5.62888e-05 -3.38965e-05 0.000166402 -1.81345e-05 5.54593e-05 -0.000158863 3.27371e-05 -1.81345e-05 5.54593e-05
1.26397e-08 -1.35022e-05 5.52298e-05 -5.02649e-05 0.000163617 -2.35296e-05 5.39602e-05 -0.000157691 2.54738e-05 -2.35296e-05 5.39602e-05
1.26956e-08 -1.88609e-05 5.36368e-05 -6.63594e-05 0.000159223 -2.87517e-05 5.1939e-05 -0.000156161 1.82682e-05 -2.87517e-05 5.1939e-05
1.27515e-08 -2.40373e-05 5.15252e-05 -8.20217e-05 0.000153246 -3.37501e-05 4.94151e-05 -0.000154276 1.11378e-05 -3.37501e-05 4.94151e-05
1.28075e-08 -2.89813e-05 4.89155e-05 -9.7096e-05 0.000145728 -3.84768e-05 4.64128e-05 -0.000152041 4.10015e-06 -3.84768e-05 4.64128e-05
1.28634e-08 -3.36451e-05 4.58328e-05 -0.000111431 0.000136727 -4.28861e-05 4.29613e-05 -0.00014946 -2.82762e-06 -4.28861e-05 4.29613e-05
1.29193e-08 -3.79836e-05 4.2307e-05 -0.00012488 0.000126316 -4.69353e-05 3.90937e-05 -0.000146538 -9.62843e-06 -4.69353e-05 3.90937e-05
1.29752e-08 -4.19549e-05 3.83722e-05 -0.000137305 0.000114582 -5.05855e-05 3.48474e-05 -0.000143282 -1.62855e-05 -5.05855e-05 3.48474e-05
1.30312e-08 -4.55206e-05 3.40664e-05 -0.000148577 0.000101626 -5.38015e-05 3.02635e-05 -0.000139698 -2.27825e-05 -5.38015e-05 3.02635e-05
1.30871e-08 -4.86461e-05 2.94312e-05 -0.000158573 8.75608e-05 -5.6552e-05 2.5386e-05 -0.000135794 -2.91032e-05 -5.6552e-05 2.5386e-05
1.3143e-08 -5.13013e-05 2.45114e-05 -0.000167186 7.25126e-05 -5.88107e-05 2.02623e-05 -0.00013158 -3.52318e-05 -5.88107e-05 2.02623e-05
1.3199e-08 -5.34606e-05 1.93547e-05 -0.000174319 5.66172e-05 -6.05557e-05 1.49415e-05 -0.000127065 -4.11533e-05 -6.05557e-05 1.49415e-05
1.32549e-08 -5.51029e-05 1.40109e-05 -0.000179888 4.00201e-05 -6.17701e-05 9.47529e-06 -0.000122258 -4.68526e-05 -6.17701e-05 9.47529e-06
1.33108e-08 -5.62125e-05 8.53159e-06 -0.000183825 2.28752e-05 -6.24423e-05 3.91624e-06 -0.00011717 -5.23155e-05 -6.24423e-05 3.91624e-06
1.33667e-08 -5.67787e-05 2.96981e-06 -0.000186075 5.34306e-06 -6.25657e-05 -1.68194e-06 -0.000111814 -5.75282e-05 -6.25657e-05 -1.68194e-06
1.34227e-08 -5.67959e-05 -2.62069e-06 -0.000186601 -1.24104e-05 -6.21392e-05 -7.26521e-06 -0.000106202 -6.24775e-05 -6.21392e-05 -7.26521e-06
1.34786e-08 -5.62639e-05 -8.18584e-06 -0.00018538 -3.02156e-05 -6.11668e-05 -1.27797e-05 -0.000100346 -6.71507e-05 -6.11668e-05 -1.27797e-05
1.35345e-08 -5.5188e-05 -1.36719e-05 -0.000182408 -4.79007e-05 -5.9658e-05 -1.81721e-05 -9.42609e-05 -7.1536e-05 -5.9658e-05 -1.81721e-05
1.35904e-08 -5.35786e-05 -1.90257e-05 -0.000177696 -6.52935e-05 -5.76274e-05 -2.33905e-05 -8.79596e-05 -7.56219e-05 -5.76274e-05 -2.33905e-05
1.36464e-08 -5.14511e-05 -2.41956e-05 -0.000171273 -8.22227e-05 -5.50944e-05 -2.83844e-05 -8.14574e-05 -7.93979e-05 -5.50944e-05 -2.83844e-05
1.37023e-08 -4.88261e-05 -2.91315e-05 -0.000163185 -9.85202e-05 -5.20837e-05 -3.31056e-05 -7.47695e-05 -8.28541e-05 -5.20837e-05 -3.31056e-05
1.37582e-08 -4.57291e-05 -3.37859e-05 -0.000153494 -0.000114022 -4.86241e-05 -3.75086e-05 -6.79116e-05 -8.59814e-05 -4.86241e-05 -3.75086e-05
1.38142e-08 -4.219e-05 -3.81135e-05 -0.000142278 -0.000128571 -4.47493e-05 -4.15509e-05 -6.08999e-05 -8.87714e-05 -4.47493e-05 -4.15509e-05
1.38701e-08 -3.8243e-05 -4.20727e-05 -0.000129631 -0.000142016 -4.04964e-05 -4.51934e-05 -5.37509e-05 -9.12165e-05 -4.04964e-05 -4.51934e-05
1.3926e-08 -3.39263e-05 -4.56251e-05 -0.000115661 -0.000154217 -3.59066e-05 -4.84011e-05 -4.64817e-05 -9.331e-05 -3.59066e-05 -4.84011e-05
1.39819e-08 -2.92815e-05 -4.87364e-05 -0.000100491 -0.000165044 -3.10242e-05 -5.11428e-05 -3.91095e-05 -9.5046e-05 -3.10242e-05 -5.11428e-05
1.40379e-08 -2.43536e-05 -5.13765e-05 -8.42565e-05 -0.000174379 -2.58964e-05 -5.33922e-05 -3.1652e-05 -9.64194e-05 -2.58964e-05 -5.33922e-05
1.40938e-08 -1.91903e-05 -5.35198e-05 -6.71034e-05 -0.000182117 -2.05725e-05 -5.51276e-05 -2.41269e-05 -9.7426e-05 -2.05725e-05 -5.51276e-05
1.41497e-08 -1.38414e-05 -5.51457e-05 -4.91891e-05 -0.000188168 -1.51041e-05 -5.63321e-05 -1.65523e-05 -9.80625e-05 -1.51041e-05 -5.63321e-05
1.42057e-08 -8.35876e-06 -5.62385e-05 -3.06796e-05 -0.000192456 -9.54384e-06 -5.69943e-05 -8.94638e-06 -9.83265e-05 -9.54384e-06 -5.69943e-05
1.42616e-08 -2.79526e-06 -5.67875e-05 -1.17483e-05 -0.000194924 -3.94544e-06 -5.71076e-05 -1.32749e-06 -9.82163e-05 -3.94544e-06 -5.71076e-05
1.43175e-08 2.79526e-06 -5.67875e-05 7.42573e-06 -0.000195529 1.63705e-06 -5.6671e-05 6.28599e-06 -9.77315e-05 1.63705e-06 -5.6671e-05
1.43734e-08 8.35876e-06 -5.62385e-05 2.66593e-05 -0.000194249 7.14975e-06 -5.56886e-05 1.38756e-05 -9.68722e-05 7.14975e-06 -5.56886e-05
1.44294e-08 1.38414e-05 -5.51457e-05 4.5767e-05 -0.000191076 1.25395e-05 -5.41701e-05 2.1423e-05 -9.56396e-05 1.25395e-05 -5.41701e-05
1.44853e-08 1.91903e-05 -5.35198e-05 6.45626e-05 -0.000186024 1.77541e-05 -5.213e-05 2.89097e-05 -9.40358e-05 1.77541e-05 -5.213e-05
1.45412e-08 2.43536e-05 -5.13765e-05 8.28612e-05 -0.000179123 2.27434e-05 -4.95881e-05 3.63176e-05 -9.20637e-05 2.27434e-05 -4.95881e-05
1.45971e-08 2.92815e-05 -4.87364e-05 0.000100481 -0.000170422 2.74592e-05 -4.65688e-05 4.36285e-05 -8.97274e-05 2.74592e-05 -4.65688e-05
1.46531e-08 3.39263e-05 -4.56251e-05 0.000117245 -0.000159988 3.1856e-05 -4.31013e-05 5.08244e-05 -8.70314e-05 3.1856e-05 -4.31013e-05
1.4709e-08 3.8243e-05 -4.20727e-05 0.000132982 -0.000147905 3.58913e-05 -3.92191e-05 5.78878e-05 -8.39816e-05 3.58913e-05 -3.92191e-05
1.47649e-08 4.219e-05 -3.81135e-05 0.000147531 -0.000134274 3.95261e-05 -3.49597e-05 6.48011e-05 -8.05843e-05 3.95261e-05 -3.49597e-05
1.48209e-08 4.57291e-05 -3.37859e-05 0.000160739 -0.000119211 4.27254e-05 -3.03641e-05 7.15474e-05 -7.6847e-05 4.27254e-05 -3.03641e-05
1.48768e-08 4.88261e-05 -2.91315e-05 0.000172466 -0.00010285 4.54584e-05 -2.54768e-05 7.81099e-05 -7.27779e-05 4.54584e-05 -2.54768e-05
1.49327e-08 5.14511e-05 -2.41956e-05 0.000182583 -8.53347e-05 4.76985e-05 -2.03449e-05 8.44722e-05 -6.83861e-05 4.76985e-05 -2.03449e-05
1.49886e-08 5.35786e-05 -1.90257e-05 0.000190977 -6.68244e-05 4.94242e-05 -1.50179e-05 9.06185e-05 -6.36813e-05 4.94242e-05 -1.50179e-05
1.50446e-08 5.5188e-05 -1.36719e-05 0.00019755 -4.74885e-05 5.06189e-05 -9.5473e-06 9.65335e-05 -5.86742e-05 5.06189e-05 -9.5473e-06
1.51005e-08 5.62639e-05 -8.18584e-06 0.000202222 -2.75059e-05 5.1271e-05 -3.98586e-06 0.000102202 -5.33762e-05 5.1271e-05 -3.98586e-06
1.51564e-08 5.67959e-05 -2.62069e-06 0.000204927 -7.06387e-06 5.13742e-05 1.61272e-06 0.00010761 -4.77994e-05 5.13742e-05 1.61272e-06
1.52124e-08 5.67787e-05 2.96981e-06 0.000205622 1.36443e-05 5.09275e-05 7.19442e-06 0.000112744 -4.19566e-05 5.09275e-05 7.19442e-06
1.52683e-08 5.62125e-05 8.53159e-06 0.00020428 3.44209e-05 4.99352e-05 1.27053e-05 0.00011759 -3.58613e-05 4.99352e-05 1.27053e-05
1.53242e-08 5.51029e-05 1.40109e-05 0.000200894 5.50654e-05 4.8407e-05 1.80923e-05 0.000122137 -2.95277e-05 4.8407e-05 1.80923e-05
1.53801e-08 5.34606e-05 1.93547e-05 0.000195477 7.53769e-05 4.63574e-05 2.33033e-05 0.000126372 -2.29704e-05 4.63574e-05 2.33033e-05
1.54361e-08 5.13013e-05 2.45114e-05 0.000188063 9.51555e-05 4.38065e-05 2.8288e-05 0.000130285 -1.62049e-05 4.38065e-05 2.8288e-05
1.5492e-08 4.86461e-05 2.94312e-05 0.000178703 0.000114205 4.07787e-05 3.29983e-05 0.000133865 -9.24687e-06 4.07787e-05 3.29983e-05
1.55479e-08 4.55206e-05 3.40664e-05 0.000167469 0.000132333 3.73033e-05 3.73888e-05 0.000137102 -2.11279e-06 3.73033e-05 3.73888e-05
1.56038e-08 4.19549e-05 3.83722e-05 0.000154452 0.000149357 3.34138e-05 4.14171e-05 0.000139989 5.18052e-06 3.34138e-05 4.14171e-05
1.56598e-08 3.79836e-05 4.2307e-05 0.00013976 0.0001651 2.91478e-05 4.50442e-05 0.000142517 1.26158e-05 2.91478e-05 4.50442e-05
1.57157e-08 3.36451e-05 4.58328e-05 0.000123519 0.000179398 2.45465e-05 4.82352e-05 0.00014468 2.01754e-05 2.45465e-05 4.82352e-05
1.57716e-08 2.89813e-05 4.89155e-05 0.000105873 0.000192098 1.96542e-05 5.09593e-05 0.00014647 2.78414e-05 1.96542e-05 5.09593e-05
1.58276e-08 2.40373e-05 5.15252e-05 8.69764e-05 0.000203063 1.45183e-05 5.31902e-05 0.000147884 3.55955e-05 1.45183e-05 5.31902e-05
1.58835e-08 1.88609e-05 5.36368e-05 6.70018e-05 0.000212168 9.18817e-06 5.49063e-05 0.000148916 4.3419e-05 9.18817e-06 5.49063e-05
1.59394e-08 1.35022e-05 5.52298e-05 4.61314e-05 0.000219309 3.71541e-06 5.60911e-05 0.000149563 5.12934e-05 3.71541e-06 5.60911e-05
1.59953e-08 8.01285e-06 5.62888e-05 2.45587e-05 0.000224397 -1.8472e-06 5.67331e-05 0.000149823 5.91996e-05 -1.8472e-06 5.67331e-05
1.60513e-08 2.44608e-06 5.68037e-05 2.48539e-06 0.000227363 -7.44596e-06 5.68262e-05 0.000149694 6.71185e-05 -7.44596e-06 5.68262e-05
1.61072e-08 -3.14433e-06 5.67693e-05 -1.98796e-05 0.000228158 -1.30268e-05 5.63694e-05 0.000149176 7.50312e-05 -1.30268e-05 5.63694e-05
1.61631e-08 -8.70435e-06 5.61861e-05 -4.23228e-05 0.000226753 -1.8536e-05 5.53672e-05 0.000148269 8.29183e-05 -1.8536e-05 5.53672e-05
1.62191e-08 -1.41802e-05 5.50596e-05 -6.46278e-05 0.000223139 -2.39201e-05 5.38292e-05 0.000146973 9.07608e-05 -2.39201e-05 5.38292e-05
1.6275e-08 -1.9519e-05 5.34008e-05 -8.65773e-05 0.000217332 -2.91274e-05 5.17703e-05 0.000145292 9.85396e-05 -2.91274e-05 5.17703e-05
1.63309e-08 -2.4669e-05 5.12258e-05 -0.000107956 0.000209366 -3.41075e-05 4.92103e-05 0.000143229 0.000106236 -3.41075e-05 4.92103e-05
1.63868e-08 -2.95806e-05 4.85554e-05 -0.00012855 0.000199297 -3.88124e-05 4.6174e-05 0.000140787 0.00011383 -3.88124e-05 4.6174e-05
1.64428e-08 -3.42061e-05 4.54156e-05 -0.000148155 0.000187202 -4.31966e-05 4.26906e-05 0.000137971 0.000121305 -4.31966e-05 4.26906e-05
1.64987e-08 -3.8501e-05 4.18368e-05 -0.000166569 0.000173179 -4.72178e-05 3.87939e-05 0.000134787 0.000128641 -4.72178e-05 3.87939e-05
1.65546e-08 -4.24236e-05 3.78534e-05 -0.000183604 0.000157344 -5.08372e-05 3.45214e-05 0.000131243 0.00013582 -5.08372e-05 3.45214e-05
1.66105e-08 -4.5936e-05 3.35041e-05 -0.000199082 0.000139834 -5.40199e-05 2.99143e-05 0.000127346 0.000142826 -5.40199e-05 2.99143e-05
1.66665e-08 -4.90043e-05 2.88308e-05 -0.000212837 0.000120801 -5.67351e-05 2.50171e-05 0.000123104 0.000149639 -5.67351e-05 2.50171e-05
1.67224e-08 -5.15988e-05 2.38788e-05 -0.000224719 0.000100415 -5.89567e-05 1.98771e-05 0.000118527 0.000156244 -5.89567e-05 1.98771e-05
1.67783e-08 -5.36945e-05 1.86959e-05 -0.000234597 7.886e-05 -6.06632e-05 1.45439e-05 0.000113626 0.000162624 -6.06632e-05 1.45439e-05
1.68343e-08 -5.5271e-05 1.33323e-05 -0.000242354 5.63336e-05 -6.18381e-05 9.06905e-06 0.00010841 0.000168762 -6.18381e-05 9.06905e-06
1.68902e-08 -5.63132e-05 7.83979e-06 -0.000247895 3.30441e-05 -6.24701e-05 3.50529e-06 0.000102893 0.000174644 -6.24701e-05 3.50529e-06
1.69461e-08 -5.68109e-05 2.27146e-06 -0.000251146 9.20958e-06 -6.2553e-05 -2.09363e-06 9.70859e-05 0.000180255 -6.2553e-05 -2.09363e-06
1.7002e-08 -5.67594e-05 -3.31882e-06 -0.000252052 -1.49447e-05 -6.20862e-05 -7.67368e-06 9.10032e-05 0.00018558 -6.20862e-05 -7.67368e-06
1.7058e-08 -5.6159e-05 -8.87702e-06 -0.000250582 -3.91881e-05 -6.1074e-05 -1.3181e-05 8.46586e-05 0.000190606 -6.1074e-05 -1.3181e-05
1.71139e-08 -5.50158e-05 -1.43494e-05 -0.000246727 -6.32869e-05 -5.95263e-05 -1.85624e-05 7.80668e-05 0.00019532 -5.95263e-05 -1.85624e-05
1.71698e-08 -5.33406e-05 -1.9683e-05 -0.000240502 -8.70065e-05 -5.7458e-05 -2.37659e-05 7.12431e-05 0.00019971 -5.7458e-05 -2.37659e-05
1.72258e-08 -5.11497e-05 -2.48264e-05 -0.000231943 -0.000110114 -5.4889e-05 -2.87414e-05 6.42036e-05 0.000203764 -5.4889e-05 -2.87414e-05
1.72817e-08 -4.84643e-05 -2.97297e-05 -0.000221111 -0.000132379 -5.18442e-05 -3.34407e-05 5.69646e-05 0.000207472 -5.18442e-05 -3.34407e-05
1.73376e-08 -4.53103e-05 -3.43456e-05 -0.00020809 -0.000153579 -4.83529e-05 -3.78186e-05 4.95433e-05 0.000210824 -4.83529e-05 -3.78186e-05
1.73935e-08 -4.17182e-05 -3.86294e-05 -0.000192983 -0.000173498 -4.44489e-05 -4.18328e-05 4.19571e-05 0.000213811 -4.44489e-05 -4.18328e-05
1.74495e-08 -3.77228e-05 -4.25397e-05 -0.000175916 -0.000191931 -4.01699e-05 -4.54445e-05 3.4224e-05 0.000216424 -4.01699e-05 -4.54445e-05
1.75054e-08 -3.33627e-05 -4.60388e-05 -0.000157037 -0.000208685 -3.5557e-05 -4.86189e-05 2.63624e-05 0.000218658 -3.5557e-05 -4.86189e-05
1.75613e-08 -2.868e-05 -4.90927e-05 -0.000136509 -0.000223582 -3.0655e-05 -5.13253e-05 1.83909e-05 0.000220505 -3.0655e-05 -5.13253e-05
1.76172e-08 -2.37201e-05 -5.1672e-05 -0.000114516 -0.00023646 -2.5511e-05 -5.35376e-05 1.03286e-05 0.000221959 -2.5511e-05 -5.35376e-05
1.76732e-08 -1.85308e-05 -5.37517e-05 -9.12559e-05 -0.000247174 -2.01747e-05 -5.52344e-05 2.19472e-06 0.000223017 -2.01747e-05 -5.52344e-05
1.77291e-08 -1.31623e-05 -5.53118e-05 -6.69421e-05 -0.000255601 -1.46977e-05 -5.63994e-05 -5.99118e-06 0.000223675 -1.46977e-05 -5.63994e-05
1.7785e-08 -7.66664e-06 -5.6337e-05 -4.17994e-05 -0.000261636 -9.13284e-06 -5.70213e-05 -1.42094e-05 0.000223931 -9.13284e-06 -5.70213e-05
1.7841e-08 -2.09682e-06 -5.68176e-05 -1.60631e-05 -0.000265197 -3.53377e-06 -5.70942e-05 -2.24403e-05 0.000223782 -3.53377e-06 -5.70942e-05
1.78969e-08 3.49328e-06 -5.67489e-05 1.00235e-05 -0.000266227 2.04542e-06 -5.66172e-05 -3.06638e-05 0.000223229 2.04542e-06 -5.66172e-05
1.79528e-08 9.04961e-06 -5.61315e-05 3.62114e-05 -0.000264691 7.55088e-06 -5.55951e-05 -3.88601e-05 0.000222271 7.55088e-06 -5.55951e-05
1.80087e-08 1.45184e-05 -5.49714e-05 6.22482e-05 -0.000260579 1.29295e-05 -5.40377e-05 -4.70093e-05 0.000220909 1.29295e-05 -5.40377e-05
1.80647e-08 1.98469e-05 -5.32798e-05 8.78806e-05 -0.000253905 1.81293e-05 -5.19599e-05 -5.50915e-05 0.000219148 1.81293e-05 -5.19599e-05
1.81206e-08 2.49835e-05 -5.10731e-05 0.000112856 -0.000244711 2.31001e-05 -4.9382e-05 -6.30871e-05 0.000216988 2.31001e-05 -4.9382e-05
1.81765e-08 2.98785e-05 -4.83726e-05 0.000136928 -0.000233059 2.77939e-05 -4.63287e-05 -7.09764e-05 0.000214435 2.77939e-05 -4.63287e-05
1.82325e-08 3.44847e-05 -4.52045e-05 0.000159853 -0.00021904 3.21655e-05 -4.28296e-05 -7.87402e-05 0.000211495 3.21655e-05 -4.28296e-05
1.82884e-08 3.87574e-05 -4.15993e-05 0.0001814 -0.000202766 3.61726e-05 -3.89183e-05 -8.63594e-05 0.000208172 3.61726e-05 -3.89183e-05
1.83443e-08 4.26555e-05 -3.75919e-05 0.000201345 -0.000184372 3.97766e-05 -3.46327e-05 -9.38152e-05 0.000204475 3.97766e-05 -3.46327e-05
1.84002e-08 4.61411e-05 -3.3221e-05 0.000219481 -0.000164016 4.29426e-05 -3.00142e-05 -0.000101089 0.000200411 4.29426e-05 -3.00142e-05
1.84562e-08 4.91806e-05 -2.8529e-05 0.000235615 -0.000141876 4.56402e-05 -2.51072e-05 -0.000108163 0.000195989 4.56402e-05 -2.51072e-05
1.85121e-08 5.17447e-05 -2.35611e-05 0.000249571 -0.000118149 4.78431e-05 -1.99592e-05 -0.00011502 0.000191219 4.78431e-05 -1.99592e-05
1.8568e-08 5.38084e-05 -1.83655e-05 0.000261193 -9.30497e-05 4.95303e-05 -1.46199e-05 -0.000121642 0.000186112 4.95303e-05 -1.46199e-05
1.86239e-08 5.5352e-05 -1.29923e-05 0.000270346 -6.68068e-05 5.06854e-05 -9.14082e-06 -0.000128012 0.00018068 5.06854e-05 -9.14082e-06
1.86799e-08 5.63603e-05 -7.49343e-06 0.000276917 -3.96636e-05 5.12973e-05 -3.57481e-06 -0.000134116 0.000174934 5.12973e-05 -3.57481e-06
1.87358e-08 5.68238e-05 -1.92215e-06 0.000280819 -1.1874e-05 5.136e-05 2.02437e-06 -0.000139937 0.000168888 5.136e-05 2.02437e-06
1.87917e-08 5.67379e-05 3.66771e-06 0.000281987 1.62995e-05 5.0873e-05 7.60269e-06 -0.000145461 0.000162555 5.0873e-05 7.60269e-06
1.88477e-08 5.61034e-05 9.22211e-06 0.000280383 4.45878e-05 4.9841e-05 1.31063e-05 -0.000150673 0.000155951 4.9841e-05 1.31063e-05
1.89036e-08 5.49265e-05 1.46874e-05 0.000275998 7.27184e-05 4.82738e-05 1.84821e-05 -0.00015556 0.000149091 4.82738e-05 1.84821e-05
1.89595e-08 5.32186e-05 2.00106e-05 0.000268844 0.000100418 4.61867e-05 2.36781e-05 -0.00016011 0.00014199 4.61867e-05 2.36781e-05
1.90154e-08 5.09961e-05 2.51404e-05 0.000258967 0.000127413 4.35998e-05 2.86442e-05 -0.000164311 0.000134665 4.35998e-05 2.86442e-05
1.90714e-08 4.82806e-05 3.00271e-05 0.000246433 0.000153437 4.0538e-05 3.33326e-05 -0.000168151 0.000127134 4.0538e-05 3.33326e-05
1.91273e-08 4.50983e-05 3.46235e-05 0.00023134 0.000178228 3.7031e-05 3.76978e-05 -0.000171621 0.000119414 3.7031e-05 3.76978e-05
1.91832e-08 4.14799e-05 3.88851e-05 0.000213809 0.000201534 3.31125e-05 4.16979e-05 -0.000174712 0.000111523 3.31125e-05 4.16979e-05
1.92392e-08 3.74606e-05 4.27708e-05 0.000193984 0.000223116 2.88204e-05 4.52941e-05 -0.000177414 0.00010348 2.88204e-05 4.52941e-05
1.92951e-08 3.3079e-05 4.6243e-05 0.000172037 0.000242748 2.41961e-05 4.84518e-05 -0.00017972 9.53047e-05 2.41961e-05 4.84518e-05
1.9351e-08 2.83777e-05 4.92681e-05 0.000148159 0.000260221 1.92843e-05 5.11404e-05 -0.000181625 8.70155e-05 1.92843e-05 5.11404e-05
1.94069e-08 2.3402e-05 5.18169e-05 0.000122562 0.000275345 1.41323e-05 5.33341e-05 -0.000183122 7.86327e-05 1.41323e-05 5.33341e-05
1.94629e-08 1.82e-05 5.38646e-05 9.54767e-05 0.000287951 8.78999e-06 5.50117e-05 -0.000184206 7.01763e-05 8.78999e-06 5.50117e-05
1.95188e-08 1.2822e-05 5.53916e-05 6.71519e-05 0.000297893 3.30881e-06 5.61569e-05 -0.000184875 6.16665e-05 3.30881e-06 5.61569e-05
1.95747e-08 7.32015e-06 5.63831e-05 3.78491e-05 0.000305049 -2.25829e-06 5.67587e-05 -0.000185125 5.31239e-05 -2.25829e-06 5.67587e-05
1.96306e-08 1.74747e-06 5.68294e-05 7.8424e-06 0.000309322 -7.85758e-06 5.68113e-05 -0.000184955 4.45689e-05 -7.85758e-06 5.68113e-05
1.96866e-08 -3.8421e-06 5.67263e-05 -2.25846e-05 0.000310643 -1.3435e-05 5.63142e-05 -0.000184364 3.60223e-05 -1.3435e-05 5.63142e-05
1.97425e-08 -9.39453e-06 5.60748e-05 -5.31417e-05 0.000308972 -1.89367e-05 5.52722e-05 -0.000183353 2.75048e-05 -1.89367e-05 5.52722e-05
1.97984e-08 -1.48561e-05 5.48811e-05 -8.35343e-05 0.000304295 -2.43097e-05 5.36953e-05 -0.000181923 1.9037e-05 -2.43097e-05 5.36953e-05
1.98544e-08 -2.01741e-05 5.31568e-05 -0.000113467 0.000296628 -2.95019e-05 5.15988e-05 -0.000180077 1.06395e-05 -2.95019e-05 5.15988e-05
1.99103e-08 -2.5297e-05 5.09186e-05 -0.000142645 0.000286017 -3.44634e-05 4.90029e-05 -0.000177817 2.3329e-06 -3.44634e-05 4.90029e-05
1.99662e-08 -3.01753e-05 4.8188e-05 -0.00017078 0.000272535 -3.91462e-05 4.59327e-05 -0.000175149 -5.86261e-06 -3.91462e-05 4.59327e-05
2.00221e-08 -3.47619e-05 4.49916e-05 -0.000197588 0.000256286 -4.35051e-05 4.24178e-05 -0.000172078 -1.39269e-05 -4.35051e-05 4.24178e-05
2.00781e-08 -3.90125e-05 4.13602e-05 -0.000222798 0.0002374 -4.7498e-05 3.84921e-05 -0.00016861 -2.18401e-05 -4.7498e-05 3.84921e-05
2.0134e-08 -4.28858e-05 3.73289e-05 -0.000246151 0.000216035 -5.10865e-05 3.41935e-05 -0.000164753 -2.95828e-05 -5.10865e-05 3.41935e-05
2.01899e-08 -4.63445e-05 3.29367e-05 -0.000267401 0.000192372 -5.42358e-05 2.95635e-05 -0.000160515 -3.71358e-05 -5.42358e-05 2.95635e-05
2.02459e-08 -4.93551e-05 2.82261e-05 -0.000286324 0.000166618 -5.69156e-05 2.46468e-05 -0.000155906 -4.44803e-05 -5.69156e-05 2.46468e-05
2.03018e-08 -5.18886e-05 2.32426e-05 -0.000302714 0.000139004 -5.91e-05 1.94909e-05 -0.000150935 -5.15981e-05 -5.91e-05 1.94909e-05
2.03577e-08 -5.39203e-05 1.80343e-05 -0.000316387 0.000109777 -6.07679e-05 1.41456e-05 -0.000145614 -5.84715e-05 -6.07679e-05 1.41456e-05
2.04136e-08 -5.54308e-05 1.26517e-05 -0.000327186 7.92048e-05 -6.19032e-05 8.66233e-06 -0.000139956 -6.50832e-05 -6.19032e-05 8.66233e-06
2.04696e-08 -5.64053e-05 7.14679e-06 -0.000334977 4.75707e-05 -6.24949e-05 3.09415e-06 -0.000133972 -7.14165e-05 -6.24949e-05 3.09415e-06
2.05255e-08 -5.68345e-05 1.57277e-06 -0.000339656 1.51702e-05 -6.25374e-05 -2.50523e-06 -0.000127677 -7.74556e-05 -6.25374e-05 -2.50523e-06
2.05814e-08 -5.67143e-05 -4.01646e-06 -0.000341148 -1.76906e-05 -6.20302e-05 -8.08175e-06 -0.000121084 -8.3185e-05 -6.20302e-05 -8.08175e-06
2.06373e-08 -5.60456e-05 -9.56686e-06 -0.000339408 -5.06981e-05 -6.09783e-05 -1.35816e-05 -0.00011421 -8.85902e-05 -6.09783e-05 -1.35816e-05
2.06933e-08 -5.48352e-05 -1.50248e-05 -0.000334421 -8.35345e-05 -5.93917e-05 -1.89517e-05 -0.00010707 -9.36573e-05 -5.93917e-05 -1.89517e-05
2.07492e-08 -5.30945e-05 -2.03374e-05 -0.000326204 -0.00011588 -5.72858e-05 -2.41401e-05 -9.96807e-05 -9.83732e-05 -5.72858e-05 -2.41401e-05
2.08051e-08 -5.08406e-05 -2.54534e-05 -0.000314805 -0.000147418 -5.4681e-05 -2.90969e-05 -9.20595e-05 -0.000102726 -5.4681e-05 -2.90969e-05
2.08611e-08 -4.80951e-05 -3.03233e-05 -0.000300304 -0.000177834 -5.16023e-05 -3.37741e-05 -8.42242e-05 -0.000106703 -5.16023e-05 -3.37741e-05
2.0917e-08 -4.48846e-05 -3.49001e-05 -0.000282811 -0.000206824 -4.80795e-05 -3.81267e-05 -7.61933e-05 -0.000110296 -4.80795e-05 -3.81267e-05
2.09729e-08 -4.12401e-05 -3.91394e-05 -0.000262467 -0.000234093 -4.41466e-05 -4.21125e-05 -6.79857e-05 -0.000113493 -4.41466e-05 -4.21125e-05
2.10288e-08 -3.71969e-05 -4.30003e-05 -0.00023944 -0.000259361 -3.98415e-05 -4.56932e-05 -5.96209e-05 -0.000116287 -3.98415e-05 -4.56932e-05
2.10848e-08 -3.27941e-05 -4.64455e-05 -0.000213927 -0.000282364 -3.52059e-05 -4.88342e-05 -5.11187e-05 -0.000118669 -3.52059e-05 -4.88342e-05
2.11407e-08 -2.80743e-05 -4.94416e-05 -0.000186152 -0.000302857 -3.02844e-05 -5.15051e-05 -4.24993e-05 -0.000120633 -3.02844e-05 -5.15051e-05
2.11966e-08 -2.3083e-05 -5.19598e-05 -0.000156361 -0.000320618 -2.51245e-05 -5.36801e-05 -3.37833e-05 -0.000122173 -2.51245e-05 -5.36801e-05
2.12526e-08 -1.78685e-05 -5.39755e-05 -0.000124823 -0.000335449 -1.97762e-05 -5.53383e-05 -2.49915e-05 -0.000123284 -1.97762e-05 -5.53383e-05
2.13085e-08 -1.24813e-05 -5.54694e-05 -9.18256e-05 -0.000347177 -1.42909e-05 -5.64637e-05 -1.61451e-05 -0.000123963 -1.42909e-05 -5.64637e-05
2.13644e-08 -6.97337e-06 -5.6427e-05 -5.76749e-05 -0.00035566 -8.72165e-06 -5.70454e-05 -7.2653e-06 -0.000124207 -8.72165e-06 -5.70454e-05
2.14203e-08 -1.39805e-06 -5.68391e-05 -2.26897e-05 -0.000360783 -3.12221e-06 -5.70778e-05 1.62651e-06 -0.000124015 -3.12221e-06 -5.70778e-05
2.14763e-08 4.19078e-06 -5.67016e-05 1.27993e-05 -0.000362464 2.45339e-06 -5.65606e-05 1.05088e-05 -0.000123384 2.45339e-06 -5.65606e-05
2.15322e-08 9.73909e-06 -5.6016e-05 4.84538e-05 -0.000360655 7.95132e-06 -5.54987e-05 1.93602e-05 -0.000122317 7.95132e-06 -5.54987e-05
2.15881e-08 1.51932e-05 -5.47887e-05 8.39304e-05 -0.000355339 1.33185e-05 -5.39024e-05 2.8159e-05 -0.000120815 1.33185e-05 -5.39024e-05
2.1644e-08 2.05005e-05 -5.30318e-05 0.000118884 -0.000346533 1.85032e-05 -5.17872e-05 3.6884e-05 -0.00011888 1.85032e-05 -5.17872e-05
2.17e-08 2.56096e-05 -5.07621e-05 0.000152971 -0.000334288 2.34552e-05 -4.91734e-05 4.55138e-05 -0.000116516 2.34552e-05 -4.91734e-05
2.17559e-08 3.0471e-05 -4.80016e-05 0.000185854 -0.000318691 2.81269e-05 -4.60862e-05 5.40273e-05 -0.000113727 2.81269e-05 -4.60862e-05
2.18118e-08 3.50379e-05 -4.47771e-05 0.000217203 -0.000299859 3.24731e-05 -4.25556e-05 6.24036e-05 -0.00011052 3.24731e-05 -4.25556e-05
2.18678e-08 3.9266e-05 -4.11196e-05 0.000246699 -0.000277943 3.64518e-05 -3.86155e-05 7.06222e-05 -0.0001069 3.64518e-05 -3.86155e-05
2.19237e-08 4.31145e-05 -3.70646e-05 0.000274039 -0.000253126 4.00247e-05 -3.43039e-05 7.86628e-05 -0.000102877 4.00247e-05 -3.43039e-05
2.19796e-08 4.65461e-05 -3.26512e-05 0.000298939 -0.000225619 4.31573e-05 -2.96626e-05 8.65055e-05 -9.84577e-05 4.31573e-05 -2.96626e-05
2.20355e-08 4.95277e-05 -2.79221e-05 0.000321132 -0.000195664 4.58193e-05 -2.47363e-05 9.41309e-05 -9.36529e-05 4.58193e-05 -2.47363e-05
2.20915e-08 5.20305e-05 -2.29231e-05 0.000340379 -0.000163525 4.7985e-05 -1.95725e-05 0.00010152 -8.84731e-05 4.7985e-05 -1.95725e-05
2.21474e-08 5.40302e-05 -1.77025e-05 0.000356464 -0.000129493 4.96336e-05 -1.42212e-05 0.000108654 -8.29298e-05 4.96336e-05 -1.42212e-05
2.22033e-08 5.55075e-05 -1.23107e-05 0.000369202 -9.38781e-05 5.0749e-05 -8.73387e-06 0.000115516 -7.70357e-05 5.0749e-05 -8.73387e-06
2.22593e-08 5.64482e-05 -6.79988e-06 0.000378437 -5.70107e-05 5.13207e-05 -3.16359e-06 0.000122088 -7.08041e-05 5.13207e-05 -3.16359e-06
2.23152e-08 5.68431e-05 -1.22333e-06 0.000384045 -1.92349e-05 5.13429e-05 2.43591e-06 0.000128353 -6.42493e-05 5.13429e-05 2.43591e-06
2.23711e-08 5.66885e-05 4.36506e-06 0.000385937 1.90925e-05 5.08156e-05 8.01056e-06 0.000134296 -5.73863e-05 5.08156e-05 8.01056e-06
2.2427e-08 5.59858e-05 9.91124e-06 0.000384059 5.7606e-05 4.97438e-05 1.35066e-05 0.000139901 -5.0231e-05 4.97438e-05 1.35066e-05
2.2483e-08 5.47418e-05 1.53616e-05 0.000378392 9.59348e-05 4.81378e-05 1.88709e-05 0.000145154 -4.28001e-05 4.81378e-05 1.88709e-05
2.25389e-08 5.29685e-05 2.06634e-05 0.000368955 0.000133706 4.60132e-05 2.40517e-05 0.000150042 -3.51107e-05 4.60132e-05 2.40517e-05
2.25948e-08 5.06831e-05 2.57655e-05 0.000355803 0.000170549 4.33905e-05 2.8999e-05 0.000154552 -2.7181e-05 4.33905e-05 2.8999e-05
2.26507e-08 4.79077e-05 3.06184e-05 0.000339027 0.000206099 4.02949e-05 3.36651e-05 0.000158672 -1.90295e-05 4.02949e-05 3.36651e-05
2.27067e-08 4.46691e-05 3.51754e-05 0.000318753 0.000239998 3.67564e-05 3.80049e-05 0.000162391 -1.06753e-05 3.67564e-05 3.80049e-05
2.27626e-08 4.09987e-05 3.93922e-05 0.000295145 0.000271903 3.28091e-05 4.19765e-05 0.000165698 -2.13822e-06 3.28091e-05 4.19765e-05
2.28185e-08 3.69319e-05 4.32282e-05 0.000268399 0.000301485 2.84911e-05 4.55416e-05 0.000168586 6.56154e-06 2.84911e-05 4.55416e-05
2.28745e-08 3.2508e-05 4.66462e-05 0.000238743 0.000328437 2.38442e-05 4.86658e-05 0.000171047 1.54033e-05 2.38442e-05 4.86658e-05
2.29304e-08 2.77698e-05 4.96133e-05 0.000206436 0.000352472 1.89131e-05 5.13189e-05 0.000173072 2.43662e-05 1.89131e-05 5.13189e-05
2.29863e-08 2.27631e-05 5.21007e-05 0.000171764 0.000373328 1.37454e-05 5.34753e-05 0.000174656 3.34286e-05 1.37454e-05 5.34753e-05
2.30422e-08 1.75363e-05 5.40843e-05 0.000135041 0.000390774 8.39106e-06 5.51142e-05 0.000175795 4.25689e-05 8.39106e-06 5.51142e-05
2.30982e-08 1.214e-05 5.55451e-05 9.66017e-05 0.000404608 2.90175e-06 5.62197e-05 0.000176484 5.17653e-05 2.90175e-06 5.62197e-05
2.31541e-08 6.62633e-06 5.64688e-05 5.68017e-05 0.000414661 -2.66956e-06 5.67813e-05 0.000176721 6.09955e-05 -2.66956e-06 5.67813e-05
2.321e-08 1.04859e-06 5.68466e-05 1.60128e-05 0.000420798 -8.26908e-06 5.67934e-05 0.000176504 7.02374e-05 -8.26908e-06 5.67934e-05
2.3266e-08 -4.5393e-06 5.66748e-05 -2.53798e-05 0.000422923 -1.38428e-05 5.6256e-05 0.000175832 7.94686e-05 -1.38428e-05 5.6256e-05
2.33219e-08 -1.00833e-05 5.5955e-05 -6.69815e-05 0.000420977 -1.93368e-05 5.51743e-05 0.000174707 8.86668e-05 -1.93368e-05 5.51743e-05
2.33778e-08 -1.55298e-05 5.46943e-05 -0.000108392 0.000414938 -2.46982e-05 5.35586e-05 0.000173129 9.78096e-05 -2.46982e-05 5.35586e-05
2.34337e-08 -2.08262e-05 5.29047e-05 -0.000149208 0.000404826 -2.98752e-05 5.14247e-05 0.000171101 0.000106875 -2.98752e-05 5.14247e-05
2.34897e-08 -2.59212e-05 5.06037e-05 -0.000189029 0.000390699 -3.48178e-05 4.8793e-05 0.000168627 0.00011584 -3.48178e-05 4.8793e-05
2.35456e-08 -3.07656e-05 4.78134e-05 -0.000227461 0.000372655 -3.94783e-05 4.5689e-05 0.000165713 0.000124684 -3.94783e-05 4.5689e-05
2.36015e-08 -3.53125e-05 4.45608e-05 -0.000264118 0.000350831 -4.38116e-05 4.21427e-05 0.000162363 0.000133385 -4.38116e-05 4.21427e-05
2.36574e-08 -3.9518e-05 4.08774e-05 -0.000298628 0.000325401 -4.77761e-05 3.81882e-05 0.000158586 0.00014192 -4.77761e-05 3.81882e-05
2.37134e-08 -4.33415e-05 3.67988e-05 -0.000330637 0.000296576 -5.13334e-05 3.38638e-05 0.000154388 0.00015027 -5.13334e-05 3.38638e-05
2.37693e-08 -4.67459e-05 3.23644e-05 -0.00035981 0.000264602 -5.44492e-05 2.92112e-05 0.00014978 0.000158414 -5.44492e-05 2.92112e-05
2.38252e-08 -4.96984e-05 2.76171e-05 -0.000385838 0.000229759 -5.70934e-05 2.42753e-05 0.000144772 0.000166331 -5.70934e-05 2.42753e-05
2.38812e-08 -5.21704e-05 2.26028e-05 -0.000408439 0.000192355 -5.92404e-05 1.91037e-05 0.000139374 0.000174001 -5.92404e-05 1.91037e-05
2.39371e-08 -5.4138e-05 1.737e-05 -0.00042736 0.000152728 -6.08696e-05 1.37465e-05 0.000133599 0.000181406 -6.08696e-05 1.37465e-05
2.3993e-08 -5.55822e-05 1.19692e-05 -0.000442384 0.00011124 -6.19653e-05 8.25515e-06 0.00012746 0.000188527 -6.19653e-05 8.25515e-06
2.40489e-08 -5.64889e-05 6.45272e-06 -0.000453326 6.82746e-05 -6.25168e-05 2.68284e-06 0.00012097 0.000195346 -6.25168e-05 2.68284e-06
2.41049e-08 -5.68496e-05 8.73837e-07 -0.000460042 2.42325e-05 -6.25188e-05 -2.9167e-06 0.000114145 0.000201846 -6.25188e-05 -2.9167e-06
2.41608e-08 -5.66606e-05 -4.71349e-06 -0.000462426 -2.04703e-05 -6.19714e-05 -8.48941e-06 0.000107001 0.00020801 -6.19714e-05 -8.48941e-06
2.42167e-08 -5.59238e-05 -1.02552e-05 -0.000460412 -6.54075e-05 -6.08797e-05 -1.39815e-05 9.95527e-05 0.000213823 -6.08797e-05 -1.39815e-05
2.42727e-08 -5.46463e-05 -1.56979e-05 -0.000453978 -0.000110147 -5.92543e-05 -1.934e-05 9.1819e-05 0.00021927 -5.92543e-05 -1.934e-05
2.43286e-08 -5.28405e-05 -2.09887e-05 -0.000443143 -0.000154253 -5.7111e-05 -2.45131e-05 8.38175e-05 0.000224336 -5.7111e-05 -2.45131e-05
2.43845e-08 -5.05238e-05 -2.60766e-05 -0.00042797 -0.000197294 -5.44704e-05 -2.94509e-05 7.55667e-05 0.000229008 -5.44704e-05 -2.94509e-05
2.44404e-08 -4.77186e-05 -3.09124e-05 -0.000408563 -0.000238841 -5.1358e-05 -3.41057e-05 6.70862e-05 0.000233275 -5.1358e-05 -3.41057e-05
2.44964e-08 -4.4452e-05 -3.54493e-05 -0.000385069 -0.00027848 -4.78039e-05 -3.84327e-05 5.83958e-05 0.000237125 -4.78039e-05 -3.84327e-05
2.45523e-08 -4.07557e-05 -3.96435e-05 -0.000357676 -0.000315808 -4.38422e-05 -4.23901e-05 4.9516e-05 0.000240547 -4.38422e-05 -4.23901e-05
2.46082e-08 -3.66654e-05 -4.34544e-05 -0.00032661 -0.000350442 -3.95114e-05 -4.59395e-05 4.04679e-05 0.000243532 -3.95114e-05 -4.59395e-05
2.46641e-08 -3.22206e-05 -4.68452e-05 -0.000292139 -0.000382019 -3.48532e-05 -4.90469e-05 3.1273e-05 0.000246073 -3.48532e-05 -4.90469e-05
2.47201e-08 -2.74642e-05 -4.97831e-05 -0.000254561 -0.000410206 -2.99125e-05 -5.16822e-05 2.19532e-05 0.000248161 -2.99125e-05 -5.16822e-05
2.4776e-08 -2.24423e-05 -5.22396e-05 -0.00021421 -0.000434696 -2.47371e-05 -5.38199e-05 1.25306e-05 0.000249791 -2.47371e-05 -5.38199e-05
2.48319e-08 -1.72035e-05 -5.41911e-05 -0.00017145 -0.000455217 -1.93769e-05 -5.54394e-05 3.02789e-06 0.000250958 -1.93769e-05 -5.54394e-05
2.48879e-08 -1.17983e-05 -5.56187e-05 -0.000126672 -0.000471532 -1.38836e-05 -5.65251e-05 -6.53221e-06 0.000251657 -1.38836e-05 -5.65251e-05
2.49438e-08 -6.27904e-06 -5.65085e-05 -8.02889e-05 -0.000483442 -8.3103e-06 -5.70665e-05 -1.61267e-05 0.000251885 -8.3103e-06 -5.70665e-05
2.49997e-08 -6.9908e-07 -5.6852e-05 -3.27342e-05 -0.00049079 -2.71077e-06 -5.70585e-05 -2.57324e-05 0.000251642 -2.71077e-06 -5.70585e-05
2.50556e-08 4.88764e-06 -5.66458e-05 1.55432e-05 -0.000493459 2.86094e-06 -5.65009e-05 -3.53262e-05 0.000250927 2.86094e-06 -5.65009e-05
2.51116e-08 1.04271e-05 -5.5892e-05 6.40833e-05 -0.00049138 8.35105e-06 -5.53993e-05 -4.48848e-05 0.00024974 8.35105e-06 -5.53993e-05
2.51675e-08 1.58658e-05 -5.45978e-05 0.000112419 -0.000484527 1.37066e-05 -5.37643e-05 -5.4385e-05 0.000248082 1.37066e-05 -5.37643e-05
2.52234e-08 2.1151e-05 -5.27757e-05 0.00016008 -0.000472918 1.88758e-05 -5.16117e-05 -6.38037e-05 0.000245958 1.88758e-05 -5.16117e-05
2.52794e-08 2.62318e-05 -5.04434e-05 0.0002066 -0.000456621 2.38088e-05 -4.89621e-05 -7.31179e-05 0.00024337 2.38088e-05 -4.89621e-05
2.53353e-08 3.10589e-05 -4.76233e-05 0.000251516 -0.000435749 2.84581e-05 -4.58413e-05 -8.23047e-05 0.000240324 2.84581e-05 -4.58413e-05
2.53912e-08 3.55858e-05 -4.43429e-05 0.000294379 -0.000410458 3.27786e-05 -4.22794e-05 -9.13418e-05 0.000236826 3.27786e-05 -4.22794e-05
2.54471e-08 3.97686e-05 -4.06337e-05 0.000334755 -0.00038095 3.67288e-05 -3.83106e-05 -0.000100207 0.000232883 3.67288e-05 -3.83106e-05
2.55031e-08 4.35669e-05 -3.65316e-05 0.000372228 -0.000347471 4.02704e-05 -3.39734e-05 -0.000108878 0.000228505 4.02704e-05 -3.39734e-05
2.5559e-08 4.6944e-05 -3.20764e-05 0.000406407 -0.000310306 4.33694e-05 -2.93095e-05 -0.000117334 0.0002237 4.33694e-05 -2.93095e-05
2.56149e-08 4.98673e-05 -2.73111e-05 0.000436931 -0.000269779 4.59957e-05 -2.43641e-05 -0.000125553 0.000218479 4.59957e-05 -2.43641e-05
2.56708e-08 5.23084e-05 -2.22816e-05 0.000463469 -0.000226249 4.81241e-05 -1.91848e-05 -0.000133516 0.000212854 4.81241e-05 -1.91848e-05
2.57268e-08 5.42438e-05 -1.70368e-05 0.000485724 -0.000180109 4.97339e-05 -1.38217e-05 -0.000141202 0.000206838 4.97339e-05 -1.38217e-05
2.57827e-08 5.56547e-05 -1.16273e-05 0.000503441 -0.00013178 5.08097e-05 -8.32647e-06 -0.000148592 0.000200443 5.08097e-05 -8.32647e-06
2.58386e-08 5.65276e-05 -6.10531e-06 0.000516404 -8.1708e-05 5.13411e-05 -2.7522e-06 -0.000155668 0.000193685 5.13411e-05 -2.7522e-06
2.58946e-08 5.68539e-05 -5.24315e-07 0.000524441 -3.03608e-05 5.13228e-05 2.84731e-06 -0.000162411 0.000186579 5.13228e-05 2.84731e-06
2.59505e-08 5.66305e-05 5.06174e-06 0.000527427 2.1777e-05 5.07552e-05 8.418e-06 -0.000168805 0.000179141 5.07552e-05 8.418e-06
2.60064e-08 5.58597e-05 1.05989e-05 0.000525285 7.42085e-05 4.96437e-05 1.39061e-05 -0.000174833 0.000171389 4.96437e-05 1.39061e-05
2.60623e-08 5.45487e-05 1.60335e-05 0.000517986 0.000126429 4.79991e-05 1.92587e-05 -0.000180479 0.00016334 4.79991e-05 1.92587e-05
2.61183e-08 5.27104e-05 2.13131e-05 0.000505549 0.000177932 4.58371e-05 2.4424e-05 -0.00018573 0.000155014 4.58371e-05 2.4424e-05
2.61742e-08 5.03625e-05 2.63867e-05 0.000488047 0.000228212 4.31786e-05 2.93522e-05 -0.000190571 0.000146429 4.31786e-05 2.93522e-05
2.62301e-08 4.75276e-05 3.12052e-05 0.000465598 0.000276769 4.00494e-05 3.39958e-05 -0.00019499 0.000137606 4.00494e-05 3.39958e-05
2.62861e-08 4.42333e-05 3.57219e-05 0.000438373 0.000323119 3.64797e-05 3.83099e-05 -0.000198975 0.000128566 3.64797e-05 3.83099e-05
2.6342e-08 4.05112e-05 3.98933e-05 0.000406589 0.000366791 3.25038e-05 4.22529e-05 -0.000202516 0.00011933 3.25038e-05 4.22529e-05
2.63979e-08 3.63976e-05 4.3679e-05 0.000370509 0.000407336 2.81601e-05 4.57867e-05 -0.000205602 0.000109919 2.81601e-05 4.57867e-05
2.64538e-08 3.1932e-05 4.70424e-05 0.000330441 0.000444332 2.34907e-05 4.88772e-05 -0.000208225 0.000100357 2.34907e-05 4.88772e-05
2.65098e-08 2.71576e-05 4.9951e-05 0.000286733 0.000477386 1.85405e-05 5.14946e-05 -0.000210378 9.06663e-05 1.85405e-05 5.14946e-05
2.65657e-08 2.21207e-05 5.23766e-05 0.000239774 0.000506141 1.33574e-05 5.36136e-05 -0.000212055 8.08693e-05 1.33574e-05 5.36136e-05
2.66216e-08 1.687e-05 5.42959e-05 0.000189987 0.000530277 7.9914e-06 5.52138e-05 -0.000213249 7.09898e-05 7.9914e-06 5.52138e-05
2.66775e-08 1.14561e-05 5.56902e-05 0.000137825 0.000549516 2.49424e-06 5.62796e-05 -0.000213958 6.10516e-05 2.49424e-06 5.62796e-05
2.67335e-08 5.93151e-06 5.65461e-05 8.37707e-05 0.000563623 -3.08098e-06 5.68009e-05 -0.000214178 5.10786e-05 -3.08098e-06 5.68009e-05
2.67894e-08 3.49546e-07 5.68552e-05 2.83288e-05 0.000572414 -8.68045e-06 5.67726e-05 -0.000213907 4.10947e-05 -8.68045e-06 5.67726e-05
2.68453e-08 -5.2358e-06 5.66147e-05 -2.79778e-05 0.00057575 -1.42501e-05 5.61949e-05 -0.000213146 3.11242e-05 -1.42501e-05 5.61949e-05
2.69013e-08 -1.07705e-05 5.58268e-05 -8.46125e-05 0.000573549 -1.97362e-05 5.50735e-05 -0.000211894 2.11911e-05 -1.97362e-05 5.50735e-05
2.69572e-08 -1.62011e-05 5.44992e-05 -0.000141031 0.000565776 -2.50858e-05 5.34192e-05 -0.000210153 1.13196e-05 -2.50858e-05 5.34192e-05
2.70131e-08 -2.14751e-05 5.26447e-05 -0.000196684 0.000552453 -3.02472e-05 5.12478e-05 -0.000207927 1.53365e-06 -3.02472e-05 5.12478e-05
2.7069e-08 -2.65414e-05 5.02811e-05 -0.000251027 0.000533656 -3.51706e-05 4.85805e-05 -0.000205219 -8.14277e-06 -3.51706e-05 4.85805e-05
2.7125e-08 -3.13511e-05 4.74315e-05 -0.000303521 0.000509513 -3.98085e-05 4.54429e-05 -0.000202036 -1.7686e-05 -3.98085e-05 4.54429e-05
2.71809e-08 -3.58577e-05 4.41232e-05 -0.000353641 0.000480207 -4.41162e-05 4.18654e-05 -0.000198383 -2.70727e-05 -4.41162e-05 4.18654e-05
2.72368e-08 -4.00177e-05 4.03884e-05 -0.000400877 0.000445971 -4.8052e-05 3.78824e-05 -0.000194269 -3.62797e-05 -4.8052e-05 3.78824e-05
2.72928e-08 -4.37907e-05 3.62631e-05 -0.000444746 0.000407088 -5.15779e-05 3.35324e-05 -0.000189702 -4.52844e-05 -5.15779e-05 3.35324e-05
2.73487e-08 -4.71404e-05 3.17872e-05 -0.00048479 0.00036389 -5.466e-05 2.88574e-05 -0.000184692 -5.40645e-05 -5.466e-05 2.88574e-05
2.74046e-08 -5.00342e-05 2.7004e-05 -0.000520585 0.000316752 -5.72685e-05 2.39025e-05 -0.00017925 -6.25981e-05 -5.72685e-05 2.39025e-05
2.74605e-08 -5.24444e-05 2.19596e-05 -0.000551743 0.000266094 -5.93781e-05 1.87155e-05 -0.000173388 -7.08641e-05 -5.93781e-05 1.87155e-05
2.75165e-08 -5.43475e-05 1.6703e-05 -0.000577917 0.000212371 -6.09685e-05 1.33466e-05 -0.00016712 -7.88417e-05 -6.09685e-05 1.33466e-05
2.75724e-08 -5.57251e-05 1.12849e-05 -0.000598808 0.000156073 -6.20245e-05 7.84754e-06 -0.000160459 -8.65111e-05 -6.20245e-05 7.84754e-06
2.76283e-08 -5.6564e-05 5.75767e-06 -0.00061416 9.77207e-05 -6.25357e-05 2.27138e-06 -0.000153422 -9.38529e-05 -6.25357e-05 2.27138e-06
2.76842e-08 -5.6856e-05 1.74774e-07 -0.000623773 3.78578e-05 -6.24972e-05 -3.32802e-06 -0.000146023 -0.000100849 -6.24972e-05 -3.32802e-06
2.77402e-08 -5.65983e-05 -5.40981e-06 -0.000627497 -2.29506e-05 -6.19095e-05 -8.89663e-06 -0.00013828 -0.00010748 -6.19095e-05 -8.89663e-06
2.77961e-08 -5.57935e-05 -1.09421e-05 -0.000625239 -8.41253e-05 -6.07782e-05 -1.43807e-05 -0.000130211 -0.000113731 -6.07782e-05 -1.43807e-05
2.7852e-08 -5.44491e-05 -1.63686e-05 -0.000616964 -0.000145078 -5.91142e-05 -1.97273e-05 -0.000121834 -0.000119585 -5.91142e-05 -1.97273e-05
2.7908e-08 -5.25784e-05 -2.16368e-05 -0.000602693 -0.000205217 -5.69335e-05 -2.48847e-05 -0.00011317 -0.000125027 -5.69335e-05 -2.48847e-05
2.79639e-08 -5.01993e-05 -2.66958e-05 -0.000582506 -0.000263952 -5.42573e-05 -2.98034e-05 -0.000104237 -0.000130043 -5.42573e-05 -2.98034e-05
2.80198e-08 -4.73349e-05 -3.14968e-05 -0.000556542 -0.000320701 -5.11113e-05 -3.44356e-05 -9.50586e-05 -0.00013462 -5.11113e-05 -3.44356e-05
2.80757e-08 -4.40128e-05 -3.59932e-05 -0.000524996 -0.000374896 -4.7526e-05 -3.87368e-05 -8.56546e-05 -0.000138745 -4.7526e-05 -3.87368e-05
2.81317e-08 -4.02652e-05 -4.01416e-05 -0.000488119 -0.000425988 -4.35359e-05 -4.26654e-05 -7.60478e-05 -0.000142408 -4.35359e-05 -4.26654e-05
2.81876e-08 -3.61283e-05 -4.3902e-05 -0.000446216 -0.000473453 -3.91795e-05 -4.61835e-05 -6.62609e-05 -0.000145598 -3.91795e-05 -4.61835e-05
2.82435e-08 -3.16421e-05 -4.72378e-05 -0.000399643 -0.000516795 -3.4499e-05 -4.92571e-05 -5.6317e-05 -0.000148307 -3.4499e-05 -4.92571e-05
2.82995e-08 -2.685e-05 -5.0117e-05 -0.000348808 -0.000555557 -2.95394e-05 -5.18566e-05 -4.62399e-05 -0.000150526 -2.95394e-05 -5.18566e-05
2.83554e-08 -2.17983e-05 -5.25116e-05 -0.00029416 -0.000589318 -2.43486e-05 -5.39568e-05 -3.60536e-05 -0.00015225 -2.43486e-05 -5.39568e-05
2.84113e-08 -1.65359e-05 -5.43986e-05 -0.00023619 -0.000617703 -1.89769e-05 -5.55376e-05 -2.57826e-05 -0.000153474 -1.89769e-05 -5.55376e-05
2.84672e-08 -1.11135e-05 -5.57596e-05 -0.000175429 -0.000640386 -1.34759e-05 -5.65836e-05 -1.54514e-05 -0.000154192 -1.34759e-05 -5.65836e-05
2.85232e-08 -5.58376e-06 -5.65814e-05 -0.000112436 -0.000657093 -7.89881e-06 -5.70847e-05 -5.08483e-06 -0.000154401 -7.89881e-06 -5.70847e-05
2.85791e-08 3.52449e-18 -5.68563e-05 -4.77996e-05 -0.000667602 -2.29949e-06 -5.70361e-05 5.29202e-06 -0.000154101 -2.29949e-06 -5.70361e-05
