0 0.107582
0 0.0378901
0 0.0149525
0 0.0318348
0 0.0239483
0 0.0322953
0 0.00209966
0 0.0337351
0 0.0569783
0 0.00955666
0 0.025541
0 0.0374132
0 0.0674604
0 0.0120378
0 0.00992049
0 0.00911123
0 0.0296965
0 0.0950265
0 0.0193987
0 0.0394542
0 0.00769082
0 0.0635902
0 0.0742266
0 0.0473875
0 0.007648
0 0.0631592
0 0.0387043
0 0.140654
0 0.0209372
0 0.0660184
0 0.00602157
0 0.0673001
0 0.0560456
0 0.0616193
0 0.018187
0 0.0336047
0 0.00146337
0 0.0120798
0 0.0129885
0 0.00609029
0 0.0418265
0 0.0117532
0 0.0507262
0 0.0503235
0 0.0140243
0 0.0690897
0 0.0246993
0 0.0361023
0 0.00519644
0 0.0076435
0 0.0391577
0 0.0104798
0 0.0531124
0 0.00159932
0 0.0273928
0 0.0943238
0 0.00645115
0 0.0347404
0 0.0437863
0 0.00855171
0 0.0254099
0 0.0251857
0 0.0547068
0 0.0594793
0 0.0135462
0 0.0285309
0 0.0538973
0 0.018475
0 0.0173101
0 0.0575886
0 0.138839
0 0.0210445
0 0.0269495
0 0.0241335
0 0.0554079
0 0.0344652
0 0.00359706
0 0.0405463
0 0.0154504
0 0.00975972
0 0.02904
0 0.0562246
0 0.0195069
0 0.0472553
0 0.0755321
0 0.0326908
0 0.021963
0 0.093636
0 0.103637
0 0.0351683
0 0.0251255
0 0.0169715
0 0.00639267
0 0.0156446
0 0.0411805
0 0.0216276
0 0.00389466
0 0.0380576
0 0.0718722
0 0.0285341
0 0.0233119
0 0.00542537
0 0.0345453
0 0.00551456
0 0.0340451
0 0.061314
0 0.12972
0 0.0813929
0 0.0175936
0 0.0942081
0 0.0259223
0 0.027808
0 0.0225419
0 0.0675917
0 0.0614982
0 0.0378094
0 0.0197399
0 0.0385251
0 0.0405684
0 0.0475716
0 0.0904372
0 0.0306192
0 0.0901198
0 0.0214068
0 0.03263
0 0.0209127
0 0.0249316
0 0.0193738
0 0.0419663
0 0.0296118
0 0.00991539
0 0.0106518
0 0.0953063
0 0.0283502
0 0.0794033
0 0.00288582
0 0.0163286
0 0.00439288
0 0.056806
0 0.011643
0 0.0131241
0 0.0526132
0 0.0444011
0 0.0169464
0 0.0340867
0 0.0263248
0 0.0441048
0 0.0981632
0 0.0384028
0 0.0570928
0 0.0450618
0 0.0366946
0 0.0139247
0 0.0700991
0 0.0439368
0 0.0551291
0 0.0437816
0 0.143655
0 0.00776171
0 0.0404551
0 0.00294222
0 0.0318673
0 0.0735942
0 0.0269666
0 0.0863273
0 0.0220569
0 0.0210411
0 0.125831
0 0.0257592
0 0.0470652
0 0.0303291
0 0.0104594
0 0.0393573
0 0.0379834
0 0.0184754
0 0.154154
0 0.0533538
0 0.0332907
0 0.0226684
0 0.00549229
0 0.0510402
0 0.0533
0 0.112708
0 0.0188261
0 0.0207198
0 0.0295772
0 0.0169663
0 0.0557297
0 0.0351708
0 0.00187969
0 0.00707676
0 0.0379434
0 0.0622303
0 0.011998
0 0.0222418
0 0.0270208
0 0.0100289
0 0.0506358
0 0.0228725
0 0.0136368
0 0.0277173
0 0.0095767
0 0.0752925
0 0.0134195
0 0.0316034
0 0.0738591
0 0.08958
0 0.0115144
0 0.0130986
0 0.0272528
0 0.0208767
0 0.0177134
0 0.0181162
0 0.0212816
0 0.0104017
0 0.0585719
0 0.0415465
0 0.0174578
0 0.0425918
0 0.057754
0 0.117417
0 0.0231182
0 0.0164087
0 0.0343162
0 0.030194
0 0.00498771
0 0.0154032
0 0.0171895
0 0.024581
0 0.041903
0 0.0149326
0 0.088281
0 0.0496252
0 0.00119968
0 0.0320105
0 0.022719
0 0.0265261
0 0.0284455
0 0.0290476
0 0.0430864
0 0.0134417
0 0.0536712
0 0.0102548
0 0.0232542
0 0.0164337
0 0.0249596
0 0.0420514
0 0.04116
0 0.026086
0 0.0127151
0 0.0728852
0 0.0591699
0 0.00489851
0 0.0186156
0 0.0312789
0 0.0896249
0 0.0123817
0 0.0907612
0 0.0924207
0 0.0136134
0 0.0419267
0 0.0276968
0 0.0562304
0 0.0343717
0 0.0208543
0 0.0868072
0 0.00972144
0 0.0281609
0 0.0451055
0 0.00989939
0 0.0327731
0 0.0487246
0 0.0181442
0 0.0253314
0 0.0384576
0 0.02935
0 0.0527004
0 0.00153218
0 0.0410526
0 0.0515579
0 0.0862599
0 0.0115666
0 0.0543988
0 0.035768
0 0.0274158
0 0.0832961
0 0.0338676
0 0.0209132
0 0.0666048
0 0.058787
0 0.0741062
0 0.0551428
0 0.0244211
0 0.0688899
0 0.0622214
0 0.0550411
0 0.111787
0 0.00947011
0 0.0132084
0 0.0643818
0 0.0200182
0 0.0821489
0 0.0640265
0 0.00518823
0 0.0608619
0 0.0482832
0 0.00874152
0 0.0306445
0 0.00581134
0 0.0343625
0 0.0234999
0 0.050746
0 0.0460446
0 0.0494283
0 0.0636605
0 0.0933666
0 0.00943533
0 0.0626152
0 0.0169174
0 0.0495259
0 0.0169174
0 0.0241533
0 0.0177754
0 0.0588053
0 0.0579576
0 0.0255732
0 0.032041
0 0.00825762
0 0.0715749
0 0.0279194
0 0.0589931
0 0.021254
0 0.00275444
0 0.0250028
0 0.00343588
0 0.0697414
0 0.0147167
0 0.0276446
0 0.00777403
0 0.018831
0 0.0643463
0 0.00887149
0 0.0699826
0 0.0214684
0 0.0430572
0 0.00757807
0 0.0394322
0 0.0192307
0 0.00155153
0 0.0266808
0 0.0104958
0 0.0103219
0 0.0835964
0 0.03612
0 0.230055
0 0.0525663
0 0.0111675
0 0.0374707
0 0.0778118
0 0.0368077
0 0.133084
0 0.00774445
0 0.0250865
0 0.00308074
0 0.0484882
0 0.00637425
0 0.122019
0 0.0432097
0 0.205163
0 0.02765
0 0.040267
0 0.00832584
0 0.0521396
0 0.0195287
0 0.0607714
0 0.0693622
0 0.0459678
0 0.0404882
0 0.0240073
0 0.0350213
0 0.0410645
0 0.0410973
0 0.0728498
0 0.0125959
0 0.0998071
0 0.0244028
0 0.0134179
0 0.0342009
0 0.0365769
0 0.0297623
0 0.0160779
0 0.0151212
0 0.094607
0 0.0195425
0 0.0382339
0 0.00675252
0 0.0345014
0 0.156964
0 0.0283637
0 0.0158307
0 0.0099885
0 0.0801456
0 0.089066
0 0.0142539
0 0.0258645
0 0.0235417
0 0.127226
0 0.0301371
0 0.0302224
0 0.00410152
0 0.0281836
0 0.0315319
0 0.0455841
0 0.0327299
0 0.0151257
0 0.00669596
0 0.0585455
0 0.0134449
0 0.0183091
0 0.0559533
0 0.0211979
0 0.00918356
0 0.0183281
0 0.0305325
0 0.015994
0 0.00180335
0 0.0479806
0 0.0142638
0 0.0104336
0 0.0661013
0 0.0149444
0 0.0187085
0 0.0255376
0 0.0165296
0 0.0486502
0 0.0218864
0 0.0421757
0 0.0316304
0 0.03462
0 0.0118795
0 0.0242039
0 0.0283827
0 0.0652109
0 0.00975847
0 0.0539352
0 0.0282668
0 0.0132423
0 0.0174763
0 0.0495579
0 0.106668
0 0.0215468
0 0.0574144
0 0.00728964
0 0.0820752
0 0.0205321
0 0.0429663
0 0.0102334
0 0.108858
0 0.0107949
0 0.0190537
0 0.0124597
0 0.0374993
0 0.0319045
0 0.0249436
0 0.018212
0 0.0614738
0 0.044637
0 0.026765
0 0.0285062
0 0.00536294
0 0.0363973
0 0.0119004
0 0.0631282
0 0.0418291
0 0.0562691
0 0.0141481
0 0.029438
0 0.0398066
0 0.020567
0 0.0512518
0 0.120466
0 0.150488
0 0.0714083
0 0.0677373
0 0.036357
0 0.000879442
0 0.0182707
0 0.0753381
0 0.0301517
0 0.0110384
0 0.0683998
0 0.0558862
0 0.00862098
0 0.0275243
0 0.054472
0 0.0259507
0 0.050452
0 0.0234234
0 0.0517002
0 0.0331019
0 0.108373
0 0.0521244
0 0.0345801
0 0.0367062
0 0.00845872
0 0.0500064
0 0.0134943
0 0.0315553
0 0.0596778
0 0.00319926
0 0.0231219
0 0.0157734
0 0.0779899
0 0.0366533
0 0.0496847
0 0.00197405
0 0.0013513
0 0.0122191
0 0.0841813
0 0.0434208
0 0.0571576
0 0.0256912
0 0.00319273
0 0.0500356
0 0.00400439
0 0.0315985
0 0.035189
0 0.0873836
0 0.0282284
0 0.00601473
0 0.0428593
0 0.0614652
0 0.0986841
0 0.116663
0 0.0312823
0 0.0366521
0 0.0506409
0 0.0314465
0 0.0215701
0 0.0740975
0 0.0327783
0 0.0238525
0 0.039805
0 0.0448961
0 0.0475867
0 0.0433642
0 0.0464912
0 0.0111345
0 0.0193012
0 0.0187887
0 0.0172815
0 0.0479738
0 0.0852346
0 0.023524
0 0.00288189
0 0.0358098
0 0.0100596
0 0.101042
0 0.0160844
0 0.0541736
0 0.104602
0 0.151229
0 0.0689903
0 0.0091584
0 0.11966
0 0.00810609
0 0.0865009
0 0.0551368
0 0.00358692
0 0.0226275
0 0.045234
0 0.018182
0 0.0869286
0 0.0184105
0 0.00484912
0 0.0342711
0 0.00443097
0 0.0136778
0 0.0406576
0 0.0623205
0 0.0645816
0 0.0202195
0 0.0329847
0 0.0344375
0 0.0879957
0 0.0469382
0 0.0597681
0 0.00771949
0 0.0621822
0 0.023588
0 0.0115388
0 0.0335997
0 0.0771997
0 0.103723
0 0.0199583
0 0.0573547
0 0.0150894
0 0.028934
0 0.0448607
0 0.032318
0 0.038885
0 0.00901663
0 0.0147033
0 0.0150609
0 0.0601512
0 0.0351134
0 0.046495
0 0.0219022
0 0.0267155
0 0.0145727
0 0.00629144
0 0.0755365
0 0.0564886
0 0.0264858
0 0.0154143
0 0.18571
0 0.0437453
0 0.0202822
0 0.0620172
0 0.00455049
0 0.00546513
0 0.0716596
0 0.0289738
0 0.144223
0 0.0190757
0 0.00980065
0 0.0547944
0 0.0328732
0 0.0202697
0 0.0196396
0 0.0744071
0 0.0725212
0 0.0280888
0 0.0275749
0 0.00565588
0 0.0202875
0 0.019816
0 0.0552178
0 0.0380274
0 0.00670781
0 0.0443148
0 0.0107902
0 0.00705253
0 0.0452074
0 0.0658306
0 0.029928
0 0.0363037
0 0.0405529
0 0.0809131
0 0.0265018
0 0.0128435
0 0.0110214
0 0.00861438
0 0.0160045
0 0.00137478
0 0.038643
0 0.0135968
0 0.029758
0 0.0724141
0 0.0710773
0 0.0539597
0 0.0711708
0 0.0157823
0 0.0207424
0 0.0145224
0 0.0128528
0 0.0462398
0 0.0115605
0 0.161946
0 0.0440761
0 0.0112279
0 0.0103117
0 0.0156783
0 0.00812622
0 0.0548776
0 0.000482007
0 0.0454195
0 0.0109887
0 0.0569112
0 0.03074
0 0.0825268
0 0.0382487
0 0.0123699
0 0.00576655
0 0.0531518
0 0.0269467
0 0.0546983
0 0.0428242
0 0.0872827
0 0.0697204
0 0.048652
0 0.0441456
0 0.029545
0 0.0462105
0 0.0284319
0 0.0816602
0 0.0404748
0 0.0162223
0 0.0407886
0 0.0215125
0 0.0506681
0 0.0582342
0 0.0390503
0 0.014994
0 0.00759971
0 0.0599763
0 0.0551751
0 0.0086403
0 0.00689914
0 0.0573159
0 0.00871807
0 0.0292091
0 0.0738257
0 0.0333355
0 0.0980435
0 0.0248777
0 0.0299843
0 0.0567913
0 0.00131368
0 0.0459336
0 0.206911
0 0.0983553
0 0.0495475
0 0.0861302
0 0.00213231
0 0.0250702
0 0.054538
0 0.0188852
0 0.0213734
0 0.0085287
0 0.014547
0 0.00151653
0 0.0669421
0 0.0325677
0 0.0719858
0 0.0497184
0 0.0204249
0 0.00251511
0 0.0376148
0 0.0165004
0 0.0210817
0 0.0417032
0 0.0125803
0 0.018221
0 0.0302438
0 0.0694855
0 0.0123279
0 0.119684
0 0.0374992
0 0.0469364
0 0.0422836
0 0.000927278
0 0.0377352
0 0.0372845
0 0.025151
0 0.00518099
0 0.0325238
0 0.0227145
0 0.121369
0 0.0366065
0 0.0433694
0 0.0477761
0 0.134904
0 0.0319282
0 0.0107166
0 0.0824107
0 0.0125582
0 0.0497064
0 0.0585578
0 0.0303045
0 0.0249135
0 0.0234665
0 0.0696169
0 0.061097
0 0.111614
0 0.022933
0 0.115808
0 0.0348214
0 0.00296882
0 0.0185141
0 0.048906
0 0.0103083
0 0.0284437
0 0.0210241
0 0.0347738
0 0.0311808
0 0.0387106
0 0.0262222
0 0.0169953
0 0.066717
0 0.00239372
0 0.00817436
0 0.0626246
0 0.0104412
0 0.0216911
0 0.0592939
0 0.021378
0 0.0250993
0 0.0544674
0 0.0363603
0 0.0561609
0 0.0223157
0 0.0749027
0 0.072939
0 0.0015973
0 0.06523
0 0.0790649
0 0.0874287
0 0.0158202
0 0.0509592
0 0.0722381
0 0.00264161
0 0.104654
0 0.0300837
0 0.00123971
0 0.0246403
0 0.0307479
0 0.0530654
0 0.0310625
0 0.0770463
0 0.0117133
0 0.0207018
0 0.0389482
0 0.0138416
0 0.0145232
0 0.0648033
0 0.051865
0 0.0132312
0 0.0327686
0 0.107571
0 0.0275867
0 0.0971853
0 0.0842407
0 0.0183867
0 0.0232604
0 0.0676798
0 0.0357785
0 0.0829672
0 0.0411262
0 0.0206674
0 0.0440966
0 0.0243015
0 0.0155146
0 0.0123417
0 0.0112746
0 0.00776274
0 0.0485934
0 0.0978421
0 0.0388389
0 0.110025
0 0.0263064
0 0.157112
0 0.0518775
0 0.020445
0 0.00534672
0 0.0422568
0 0.0451554
0 0.0760756
0 0.0058883
0 0.0422267
0 0.0176001
0 0.0326123
0 0.021187
0 0.0916732
0 0.0803746
0 0.0431196
0 0.0439767
0 0.00883162
0 0.0549051
0 0.00265362
0 0.0662885
0 0.00285917
0 0.0582324
0 0.025289
0 0.0254907
0 0.0256989
0 0.00955445
0 0.0138528
0 0.0168735
0 0.00888751
0 0.0202002
0 0.0729583
0 0.015885
0 0.00727743
0 0.0362309
0 0.0118006
0 0.0313462
0 0.00405459
0 0.0548246
0 0.0297332
0 0.0533033
0 0.0205058
0 0.0314346
0 0.0593289
0 0.0238042
0 0.0565167
0 0.0572597
0 0.0136376
0 0.0193927
0 0.070982
0 0.00784217
0 0.00965967
0 0.027707
0 0.0169508
0 0.0128179
0 0.0300324
0 0.0297649
0 0.0538661
0 0.0913646
0 0.0183945
0 0.0601471
0 0.00853451
0 0.0242379
0 0.0311778
0 0.00546381
0 0.0299176
0 0.0883165
0 0.0265209
0 0.00530057
0 0.011101
0 0.0929734
0 0.0184225
0 0.0115908
0 0.0207667
0 0.048233
0 0.0562747
0 0.00591411
0 0.0584483
0 0.0447427
0 0.0381794
0 0.0066555
0 0.103451
0 0.0297934
0 0.016041
0 0.0184909
0 0.0344227
0 0.0296089
0 0.0437996
0 0.0773761
0 0.0607575
0 0.0180063
0 0.0109659
0 0.0339021
0 0.0855502
0 0.019964
0 0.0796664
0 0.0128467
0 0.0919946
0 0.0732865
0 0.027248
0 0.0412179
0 0.220997
0 0.0147014
0 0.0420642
0 0.0100428
0 0.104742
0 0.0574327
0 0.012005
0 0.0343217
0 0.038995
0 0.0317032
0 0.0179706
0 0.149498
0 0.0808146
0 0.0502271
0 0.038814
0 0.105839
0 0.0876317
0 0.0238352
0 0.0673893
0 0.0397663
0 0.0631986
0 0.0323857
0 0.0814373
0 0.0628377
0 0.0641161
0 0.0157023
0 0.0358132
0 0.213129
0 0.00196255
0 0.00763046
0 0.0670129
0 0.0479056
0 0.0755857
0 0.00451762
0 0.0760275
0 0.0432454
0 0.0111635
0 0.00657097
0 0.0465574
0 0.0483503
0 0.0403918
0 0.0210212
0 0.00550881
0 0.0148055
0 0.0507097
0 0.00708856
0 0.0694109
0 0.108005
0 0.0695321
0 0.045707
0 0.0117827
0 0.0277993
0 0.0392915
0 0.0470377
0 0.0325497
0 0.0670928
0 0.0451014
0 0.0126362
0 0.00984647
0 0.0141936
0 0.0407491
0 0.142205
0 0.0555617
0 0.0230228
0 0.0193653
0 0.00688327
0 0.0210683
0 0.033628
0 0.0210376
0 0.0710235
0 0.0173071
0 0.0271594
0 0.00600852
0 0.145802
0 0.0368947
0 0.0213408
0 0.0296044
0 0.0127531
0 0.0473403
0 0.0145711
0 0.0437263
0 0.0555009
0 0.00265024
0 0.00555829
0 0.0711448
0 0.0142311
0 0.0251782
0 0.0719742
0 0.0126354
0 0.00926369
0 0.0157391
0 0.0368013
0 0.014436
0 0.013398
0 0.0422221
0 0.0293068
0 0.00814458
0 0.00933172
0 0.0139743
0 0.0779699
0 0.0365452
0 0.0478315
0 0.0402671
0 0.0375294
0 0.0588142
0 0.0339605
0 0.0264112
0 0.0929674
0 0.0540872
0 0.0409134
0 0.0241115
0 0.0453609
0 0.0509358
0 0.040816
0 0.0388243
0 0.0322878
0 0.0669673
0 0.0464006
0 0.0540097
0 0.033849
0 0.0203133
0 0.0245686
0 0.0228884
0 0.0301294
0 0.0504859
0 0.0358267
0 0.00988915
0 0.0164761
0 0.0101486
0 0.0162104
0 0.0274469
0 0.063079
0 0.0491371
0 0.00802391
0 0.00760415
0 0.0470619
0 0.0402964
0 0.0724277
0 0.0442042
0 0.0235626
0 0.0401923
0 0.128861
0 0.0536028
0 0.0101982
0 0.0227074
0 0.018231
0 0.0379554
0 0.017327
0 0.0817042
0 0.120249
0 0.0466434
0 0.0103468
0 0.118678
0 0.010929
0 0.0326189
0 0.018935
0 0.0637911
0 0.0289359
0 0.119852
0 0.0809864
0 0.0315146
0 0.0764113
0 0.0102159
0 0.0117041
0 0.00124098
0 0.00343034
0 0.0251098
0 0.051774
0 0.017116
0 0.0440927
0 0.0692523
0 0.00284877
0 0.0125909
0 0.13004
0 0.0303683
0 0.00190689
0 0.00532905
0 0.0798674
0 0.0104126
0 0.101719
0 0.0152662
0 0.047385
0 0.0367853
0 0.0254513
0 0.0508493
0 0.00633977
0 0.12957
0 0.0129463
0 0.028584
0 0.00208682
0 0.0132225
0 0.0106105
0 0.0134834
0 0.0441973
0 0.0260159
0 0.0763955
0 0.0214354
0 0.0502795
0 0.0530877
0 0.021629
0 0.00593917
0 0.0456968
0 0.0206972
0 0.0928747
0 0.0484336
0 0.0201816
0 0.0199855
0 0.0214819
0 0.0224886
0 0.0577559
0 0.0383968
0 0.0228874
0 0.0367858
0 0.0493584
0 0.0248053
0 0.0191543
0 0.0326324
0 0.0960136
0 0.129113
0 0.0681314
0 0.028003
0 0.0104911
0 0.0257969
0 0.0460423
0 0.0302139
0 0.00638957
0 0.0604502
0 0.0289464
0 0.0617609
0 0.0125606
0 0.0163353
0 0.0319496
0 0.0317783
0 0.042359
0 0.00623204
0 0.037923
0 0.0554292
0 0.0122354
0 0.0786789
0 0.0314408
0 0.119546
0 0.0194745
0 0.0279342
0 0.0406347
0 0.0283425
0 0.0487518
0 0.00808547
0 0.0655579
0 0.0275745
0 0.018807
0 0.0374461
0 0.00999988
0 0.0419106
0 0.0782601
0 0.0226587
0 0.00853404
0 0.00393772
0 0.0468896
0 0.0921675
0 0.00117109
0 0.0229318
0 0.0216331
0 0.0335492
0 0.0570257
0 0.0322777
0 0.0443562
0 0.00486701
0 0.00870848
0 0.00672186
0 0.0805572
0 0.00939535
0 0.0499224
0 0.0213671
0 0.00668617
0 0.0452533
0 0.00334398
0 0.0231234
0 0.0834155
0 0.0297947
0 0.0559931
0 0.0232591
0 0.010673
0 0.040625
0 0.0220573
0 0.0272898
0 0.0686986
0 0.0101907
0 0.0145797
0 0.00971959
0 0.0203783
0 0.0362932
0 0.0245078
0 0.0291426
0 0.00656253
0 0.0184837
0 0.0294705
0 0.00830013
0 0.0194448
0 0.0238257
0 0.0653032
0 0.0061642
0 0.0444043
0 0.0351021
0 0.00380716
0 0.0617987
0 0.0153283
0 0.00616824
0 0.0515273
0 0.0072276
0 0.0166312
0 0.0942126
0 0.00788759
0 0.00686648
0 0.0537517
0 0.0290074
0 0.00705239
0 0.0940747
0 0.0166214
0 0.0343011
0 0.0075886
0 0.0218325
0 0.0043441
0 0.00345576
0 0.199991
0 0.0133783
0 0.0106534
0 0.108395
0 0.0266085
0 0.032202
0 0.0302829
0 0.0435022
0 0.017905
0 0.0107845
0 0.0315179
0 0.0337386
0 0.00672108
0 0.0651437
0 0.0106031
0 0.0356865
0 0.035289
0 0.0299229
0 0.0150603
0 0.101882
0 0.00302444
0 0.0476735
0 0.00646644
0 0.0147557
0 0.0974309
0 0.07718
0 0.061117
0 0.0201849
0 0.015324
0 0.0246169
0 0.031263
0 0.035113
0 0.032013
0 0.00457211
0 0.0430076
0 0.0484168
0 0.0146694
0 0.00330855
0 0.0110038
0 0.000456769
0 0.0277106
0 0.0426789
0 0.058178
0 0.0210195
0 0.0614499
0 0.0220127
0 0.0266818
0 0.126034
0 0.0534247
0 0.000927641
0 0.0110261
0 0.0169627
0 0.0314114
0 0.0153726
0 0.0621788
0 0.043933
0 0.0418962
0 0.0200247
0 0.0471431
0 0.0257139
0 0.0905855
0 0.0320937
0 0.245787
0 0.0427609
0 0.0295047
0 0.0428001
0 0.0440726
0 0.0631521
0 0.0288155
0 0.0627572
0 0.0270852
0 0.0378738
0 0.0213804
0 0.014006
0 0.0700464
0 0.0171306
0 0.00857395
0 0.010821
0 0.0138935
0 0.0219187
0 0.00952119
0 0.0750579
0 0.0134639
0 0.0319953
0 0.0653392
0 0.0119012
0 0.144737
0 0.00509434
0 0.0428451
0 0.0471574
0 0.154027
0 0.037824
0 0.00658072
0 0.0425566
0 0.0139068
0 0.0474852
0 0.00368698
0 0.0394377
0 0.0077959
0 0.00601961
0 0.0752039
0 0.0177555
0 0.0293162
0 0.0382961
0 0.0895046
0 0.011777
0 0.0763498
0 0.0607631
0 0.0101961
0 0.0112927
0 0.00763143
0 0.000579755
0 0.0130029
0 0.141615
0 0.0415862
0 0.0104177
0 0.0391212
0 0.0117881
0 0.0128339
0 0.0871871
0 0.00116742
0 0.0113605
0 0.0138612
0 0.00747629
0 0.316953
0 0.00278053
0 0.0102447
0 0.0315021
0 0.0287113
0 0.0550624
0 0.0306088
0 0.0197069
0 0.00953092
0 0.0768639
0 0.00706965
0 0.0296953
0 0.0403683
0 0.0859294
0 0.0134218
0 0.0248272
0 0.0155646
0 0.0259658
0 0.0173987
0 0.010996
0 0.00258919
0 0.080038
0 0.0290138
0 0.0391419
0 0.0223805
0 0.0241432
0 0.00838797
0 0.0684325
0 0.117955
0 0.0265533
0 0.0094128
0 0.028702
0 0.039889
0 0.0140226
0 0.0202214
0 0.0174362
0 0.0608069
0 0.0292927
0 0.0365094
0 0.0370271
0 0.0185668
0 0.0813598
0 0.0381025
0 0.0655298
0 0.00827482
0 0.0117689
0 0.0178723
0 0.0663163
0 0.000468654
0 0.0296749
0 0.057524
0 0.0880573
0 0.0408241
0 0.0419713
0 0.0244068
0 0.0971094
0 0.0810747
0 0.0186727
0 0.0288446
0 0.0260301
0 0.029031
0 0.0186359
0 0.00677422
0 0.100042
0 0.00855757
0 0.0360041
0 0.0238381
0 0.0326794
0 0.0074997
0 0.00509005
0 0.0644883
0 0.0376664
0 0.0173757
0 0.0122023
0 0.115253
0 0.0492126
0 0.0158799
0 0.0152163
0 0.00869922
0 0.014966
0 0.123928
0 0.00529646
0 0.0795783
0 0.0408432
0 0.0259382
0 0.0674136
0 0.0541328
0 0.00636848
0 0.0615089
0 0.0434564
0 0.00853692
0 0.0246503
0 0.0204098
0 0.0327159
0 0.0468454
0 0.0169167
0 0.0289214
0 0.0272406
0 0.0441741
0 0.0265178
0 0.0198684
0 0.0204188
0 0.129572
0 0.0714788
0 0.0232242
0 0.0411975
0 0.0419609
0 0.0164983
0 0.0503435
0 0.0290154
0 0.0876802
0 0.00473625
0 0.0057847
0 0.0474757
0 0.00539436
0 0.068883
0 0.139136
0 0.0739024
0 0.0783841
0 0.063638
0 0.030574
0 0.0247774
0 0.080513
0 0.0133132
0 0.00634594
0 0.0231083
0 0.0289466
0 0.0125949
0 0.0693736
0 0.0107453
0 0.151736
0 0.0701636
0 0.0316775
0 0.0168296
0 0.0259276
0 0.0732801
0 0.0458358
0 0.0630611
0 0.0215872
0 0.117211
0 0.0302264
0 0.0576207
0 0.0320767
0 0.00608573
0 0.0352034
0 0.0299949
0 0.0478863
0 0.0289836
0 0.0108054
0 0.115066
0 0.0242993
0 0.00424754
0 0.0114494
0 0.0046239
0 0.00422958
0 0.00933801
0 0.0932879
0 0.0391599
0 0.0283086
0 0.0750701
0 0.0120489
0 0.0128847
0 0.0854742
0 0.0874248
0 0.00597537
0 0.030569
0 0.0940541
0 0.0209663
0 0.109982
0 0.0652989
0 0.0483599
0 0.0232216
0 0.0399743
0 0.0805463
0 0.0170678
0 0.00859035
0 0.0561767
0 0.0102462
0 0.00238362
0 0.0208979
0 0.0095767
0 0.0682185
0 0.0435314
0 0.0624131
0 0.0350871
0 0.0258934
0 0.0262059
0 0.0368339
0 0.0366284
0 0.016717
0 0.0553775
0 0.0684178
0 0.0297474
0 0.0189292
0 0.0098033
0 0.0633452
0 0.0367958
0 0.0331794
0 0.0218863
0 0.00565915
0 0.00908929
0 0.0433461
0 0.0330542
0 0.0651093
0 0.00895046
0 0.0257702
0 0.067892
0 0.0096337
0 0.0236978
0 0.0455728
0 0.0285871
0 0.0464655
0 0.183518
0 0.0429109
0 0.033888
0 0.105401
0 0.0787447
0 0.0412566
0 0.0343377
0 0.0925855
0 0.0605143
0 0.0466228
0 0.0543616
0 0.029108
0 0.0384488
0 0.0226883
0 0.0210793
0 0.0309048
0 0.0226558
0 0.0370964
0 0.0386328
0 0.0432639
0 0.0612447
0 0.0926008
0 0.0175817
0 0.0952249
0 0.0162589
0 0.0381153
0 0.0420841
0 0.0536939
0 0.0454987
0 0.0988603
0 0.0173294
0 0.0514724
0 0.0478872
0 0.00210004
0 0.0693707
0 0.0697115
0 0.00397805
0 0.0190872
0 0.0149953
0 0.0211153
0 0.048435
0 0.00351545
0 0.0110558
0 0.00661282
0 0.0416328
0 0.0626999
0 0.00947049
0 0.0684553
0 0.0795769
0 0.0209356
0 0.0239562
0 0.0133879
0 0.0589167
0 0.0920398
0 0.0329302
0 0.0278988
0 0.0170539
0 0.105868
0 0.014223
0 0.0426239
0 0.0837209
0 0.0167353
0 0.0140589
0 0.04274
0 0.0484972
0 0.00511773
0 0.018331
0 0.0426566
0 0.0268319
0 0.0821527
0 0.0546015
0 0.0397527
0 0.0618155
0 0.00879975
0 0.0268876
0 0.0426597
0 0.0481904
0 0.023581
0 0.027125
0 0.00802536
0 0.0160667
0 0.0414626
0 0.0874582
0 0.00294306
0 0.0684349
0 0.0440809
0 0.0646884
0 0.0241526
0 0.0802026
0 0.00747507
0 0.0330795
0 0.0106873
0 0.0337615
0 0.0421441
0 0.0427235
0 0.0625988
0 0.0288862
0 0.0281641
0 0.134406
0 0.0366688
0 0.0525153
0 0.0584688
0 0.0471983
0 0.0485661
0 0.0109915
0 0.0484308
0 0.0183481
0 0.0287462
0 0.00754617
0 0.0198154
0 0.0128274
0 0.0190014
0 0.0426156
0 0.0308843
0 0.0429263
0 0.0146863
0 0.0283039
0 0.0629144
0 0.0479438
0 0.0713125
0 0.0685866
0 0.0131606
0 0.0483591
0 0.00639964
0 0.0208605
0 0.0020657
0 0.0173567
0 0.0091093
0 0.00894406
0 0.057884
0 0.00524015
0 0.00450489
0 0.0288609
0 0.00417838
0 0.0188664
0 0.0554925
0 0.0145387
0 0.00927918
0 0.0588588
0 0.0600899
0 0.00627517
0 0.0329881
0 0.0586283
0 0.010817
0 0.0091093
0 0.0861094
0 0.0825844
0 0.0565602
0 0.00897154
0 0.00945982
0 0.0300326
0 0.0404113
0 0.0702701
0 0.045854
0 0.0680719
0 0.00756038
0 0.0598456
0 0.0624665
0 0.0255585
0 0.0865768
0 0.00855006
0 0.087658
0 0.0284053
0 0.0831388
0 0.02451
0 0.049526
0 0.0560275
0 0.0281297
0 0.0579345
0 0.00690308
0 0.0412939
0 0.0212757
0 0.0332751
0 0.00668605
0 0.0188168
0 0.0975876
0 0.019816
0 0.169746
0 0.0413766
0 0.0676059
0 0.00786908
0 0.0254718
0 0.0272007
0 0.0334862
0 0.0293577
0 0.0653776
0 0.0269913
0 0.0326705
0 0.123522
0 0.0340655
0 0.0935348
0 0.0139474
0 0.0149007
0 0.0127679
0 0.0629591
0 0.00659002
0 0.0247942
0 0.0584905
0 0.178032
0 0.0662907
0 0.0152636
0 0.0168824
0 0.0274874
0 0.0498381
0 0.0436114
0 0.0527756
0 0.0309802
0 0.058564
0 0.0394804
0 0.0410275
0 0.000689439
0 0.0231261
0 0.061598
0 0.0244724
0 0.0189019
0 0.0685491
0 0.00437053
0 0.00407042
0 0.0823439
0 0.0655272
0 0.0426706
0 0.0372105
0 0.0929146
0 0.143778
0 0.0254732
0 0.0191293
0 0.0049469
0 0.00916087
0 0.0678133
0 0.109423
0 0.0580321
0 0.0917655
0 0.0745941
0 0.0422937
0 0.00349219
0 0.0108721
0 0.0332325
0 0.00717578
0 0.0768552
0 0.00992955
0 0.0129762
0 0.0511794
0 0.0278193
0 0.0422052
0 0.076747
0 0.0718676
0 0.0157548
0 0.0161862
0 0.0210542
0 0.0337666
0 0.0943227
0 0.0659861
0 0.0439396
0 0.214725
0 0.104093
0 0.0215563
0 0.0490667
0 0.00722633
0 0.00942014
0 0.0457739
0 0.0120765
0 0.0458857
0 0.038778
0 0.0156886
0 0.0169212
0 0.144784
0 0.0154676
0 0.0622096
0 0.030788
0 0.0473829
0 0.0155219
0 0.0230542
0 0.0731321
0 0.0195883
0 0.0188638
0 0.0664796
0 0.0193082
0 0.00480404
0 0.0171943
0 0.0283924
0 0.0399197
0 0.0105628
0 0.0558927
0 0.0383076
0 0.0122911
0 0.0517531
0 0.0498788
0 0.0247786
0 0.0398381
0 0.0105158
0 0.0146318
0 0.0189895
0 0.01185
0 0.0212995
0 0.00281395
0 0.00118264
0 0.0431125
0 0.0126672
0 0.0234921
0 0.0168885
0 0.0443805
0 0.0392503
0 0.00632341
0 0.00688025
0 0.0363748
0 0.0317205
0 0.0261668
0 0.0246617
0 0.0195023
0 0.021755
0 0.0236038
0 0.0323479
0 0.0789077
0 0.0118918
0 0.044263
0 0.0295936
0 0.0109457
0 0.0708733
0 0.0375424
0 0.038256
0 0.00600627
0 0.00900324
0 0.0153104
0 0.0183097
0 0.0452478
0 0.0470214
0 0.00613058
0 0.0266228
0 0.0376952
0 0.0460679
0 0.0900105
0 0.0285779
0 0.00320523
0 0.00299752
0 0.0225557
0 0.0160709
0 0.00390404
0 0.00816753
0 0.0261728
0 0.0891272
0 0.0124489
0 0.0522926
0 0.0303956
0 0.159415
0 0.0358257
0 0.0274562
0 0.0225133
0 0.0138215
0 0.0344631
0 0.0933705
0 0.019672
0 0.131211
0 0.0570602
0 0.0480145
0 0.0253939
0 0.043172
0 0.0585065
0 0.0203829
0 0.0225873
0 0.0261136
0 0.0113274
0 0.0450293
0 0.0891328
0 0.00363583
0 0.0135034
0 0.0840901
0 0.100049
0 0.0323844
0 0.0585104
0 0.00290537
0 0.0709859
0 0.046565
0 0.0406254
0 0.0387249
0 0.0439083
0 0.022255
0 0.0320884
0 0.00421182
0 0.0124476
0 0.027115
0 0.0282933
0 0.0445221
0 0.014169
0 0.0600237
0 0.146963
0 0.0250864
0 0.0536287
0 0.100351
0 0.0379736
0 0.163536
0 0.0460342
0 0.033661
0 0.0828315
0 0.00356217
0 0.0178099
0 0.0178431
0 0.015999
0 0.00629028
0 0.0540022
0 0.0104498
0 0.0131267
0 0.0126741
0 0.0302419
0 0.0539837
0 0.0492954
0 0.0249477
0 0.0454031
0 0.114243
0 0.0463439
0 0.0828547
0 0.165727
0 0.0774689
0 0.0181101
0 0.030205
0 0.0176186
0 0.0522537
0 0.0365508
0 0.0350713
0 0.0742282
0 0.0400532
0 0.03916
0 0.0744181
0 0.0925298
0 0.0152169
0 0.0267572
0 0.0528995
0 0.0128396
0 0.0537868
0 0.0268184
0 0.0138181
0 0.139341
0 0.0530463
0 0.00525483
0 0.0115046
0 0.00351995
0 0.0388247
0 0.0753322
0 0.0289788
0 0.0293912
0 0.0198085
0 0.00662472
0 0.00861842
0 0.00842011
0 0.0020633
0 0.0420161
0 0.0082163
0 0.0147955
0 0.0011265
0 0.00826313
0 0.0199241
0 0.0498299
0 0.0415644
0 0.0345519
0 0.0378928
0 0.138132
0 0.0893188
0 0.0182522
0 0.146175
0 0.00588479
0 0.0337029
0 0.048866
0 0.0439006
0 0.0148607
0 0.0742794
0 0.0574713
0 0.00849335
0 0.113054
0 0.0151693
0 0.0578613
0 0.0393699
0 0.0319367
0 0.0308745
0 0.0226201
0 0.0215502
0 0.00675711
0 0.0996149
0 0.00585333
0 0.0173663
0 0.00598188
0 0.0196977
0 0.0557122
0 0.0321048
0 0.0296509
0 0.00999804
0 0.0446945
0 0.0198708
0 0.0489424
0 0.0634448
0 0.0313704
0 0.0277216
0 0.0302903
0 0.0795691
0 0.0194914
0 0.0605986
0 0.00311312
0 0.00928831
0 0.0289434
0 0.013408
0 0.0422692
0 0.0117236
0 0.0309126
0 0.0104805
0 0.0552591
0 0.00258128
0 0.0308713
0 0.0415529
0 0.00117992
0 0.0721842
0 0.0376934
0 0.0595331
0 0.0553338
0 0.091422
0 0.102578
0 0.016501
0 0.0847498
0 0.100249
0 0.0365608
0 0.0171899
0 0.024564
0 0.0488614
0 0.0378167
0 0.00976719
0 0.0103511
0 0.10573
0 0.0308612
0 0.0250545
0 0.0101872
0 0.0733766
0 0.00953648
0 0.020031
0 0.144648
0 0.0565603
0 0.0436334
0 0.0307815
0 0.0342415
0 0.011497
0 0.00984117
0 0.0458612
0 0.0680137
0 0.0435736
0 0.0534382
0 0.0129688
0 0.0316313
0 0.041905
0 0.0616852
0 0.0882773
0 0.00706233
0 0.0221331
0 0.032343
0 0.0384796
0 0.0247823
0 0.0611131
0 0.0678252
0 0.106992
0 0.0218265
0 0.0103004
0 0.00288525
0 0.0234366
0 0.0117773
0 0.00647884
0 0.0337424
0 0.030574
0 0.0492474
0 0.0149518
0 0.0584268
0 0.00156311
0 0.0015279
0 0.018071
0 0.0877436
0 0.044283
0 0.0176724
0 0.0614172
0 0.0445428
0 0.0668191
0 0.0470509
0 0.0305617
0 0.0198413
0 0.0372292
0 0.126689
0 0.00870693
0 0.0180218
0 0.0170917
0 0.0152509
0 0.0287499
0 0.0336965
0 0.0164881
0 0.0112031
0 0.0225286
0 0.0675662
0 0.0900251
0 0.0411181
0 0.0897833
0 0.0818084
0 0.0609514
0 0.0643412
0 0.015169
0 0.0516107
0 0.0441383
0 0.0230273
0 0.0420222
0 0.0666294
0 0.00458453
0 0.101619
0 0.0171812
0 0.0106705
0 0.0199061
0 0.0221006
0 0.0116835
0 0.0279291
0 0.0102045
0 0.0558196
0 0.0147561
0 0.0334325
0 0.118975
0 0.00935487
0 0.105705
0 0.00504776
0 0.0325916
0 0.0290033
0 0.0223427
0 0.0859487
0 0.0504109
0 0.00618398
0 0.00081163
0 0.0740257
0 0.0329383
0 0.0207309
0 0.0823429
0 0.0443037
0 0.10016
0 0.00463154
0 0.0131975
0 0.0264967
0 0.0189805
0 0.0972899
0 0.00624887
0 0.00644237
0 0.0282351
0 0.121205
0 0.0428063
0 0.0327732
0 0.0670546
0 0.0261031
0 0.0792537
0 0.0157899
0 0.0133394
0 0.0130183
0 0.0614408
0 0.0709175
0 0.0781286
0 0.00648039
0 0.0643882
0 0.0367396
0 0.0481706
0 0.0831028
0 0.00400565
0 0.0150539
0 0.0427782
0 0.051853
0 0.0539234
0 0.035483
0 0.155864
0 0.0215666
0 0.0178905
0 0.00307505
0 0.022533
0 0.0152647
0 0.00465922
0 0.0166684
0 0.027417
0 0.042891
0 0.0565998
0 0.0200039
0 0.0272293
0 0.0769138
0 0.00479075
0 0.0196691
0 0.0498488
0 0.0496773
0 0.136447
0 0.00793445
0 0.0783073
0 0.0470586
0 0.010989
0 0.0568267
0 0.00268574
0 0.101496
0 0.0382837
0 0.0371057
0 0.0595038
0 0.00955296
0 0.0902512
0 0.0942251
0 0.0208719
0 0.0089091
0 0.0182438
0 0.0274748
0 0.0314417
0 0.0315384
0 0.0265881
0 0.135746
0 0.0936994
0 0.0838735
0 0.0129246
0 0.028095
0 0.0327885
0 0.0174743
0 0.0449556
0 0.0147793
0 0.0247119
0 0.0261892
0 0.0376607
0 0.00729229
0 0.0340227
0 0.0341618
0 0.0624937
0 0.0319575
0 0.048247
0 0.0328345
0 0.00974777
0 0.16356
0 0.0376231
0 0.008697
0 0.179512
0 0.0148429
0 0.0613996
0 0.0412868
0 0.0813371
0 0.0552892
0 0.000515739
0 0.0072089
0 0.0478531
0 0.125172
0 0.0182863
0 0.0837896
0 0.0571262
0 0.020772
0 0.00907096
0 0.000860881
0 0.0113567
0 0.0235896
0 0.017158
0 0.113015
0 0.0480453
0 0.0782454
0 0.0958614
0 0.000432284
0 0.0632519
0 0.0750504
0 0.0158278
0 0.0297752
0 0.0527738
0 0.0248766
0 0.0122943
0 0.0332031
0 0.0281983
0 0.0102292
0 0.0659977
0 0.00135924
0 0.0150969
0 0.0267725
0 0.0148389
0 0.202594
0 0.0813119
0 0.027381
0 0.0766166
0 0.0412777
0 0.0291623
0 0.00781447
0 0.0690378
0 0.0193126
0 0.000742083
0 0.0260674
0 0.0162172
0 0.0311286
0 0.0720682
0 0.00374328
0 0.0369078
0 0.037433
0 0.0527614
0 0.112575
0 0.0152493
0 0.0560879
0 0.0215237
0 0.0238435
0 0.0618385
0 0.0119923
0 0.0103846
0 0.0194712
0 0.00868278
0 0.0891264
0 0.0597712
0 0.0455608
0 0.039109
0 0.013208
0 0.012886
0 0.0158243
0 0.0223753
0 0.0211419
0 0.0365278
0 0.0749086
0 0.0212134
0 0.0421562
0 0.0137671
0 0.0196011
0 0.00298427
0 0.033276
0 0.0936206
0 0.033245
0 0.00661755
0 0.0408419
0 0.0371994
0 0.0157
0 0.00635793
0 0.100598
0 0.0375925
0 0.0050847
0 0.0229827
0 0.0573369
0 0.022716
0 0.121108
0 0.0225647
0 0.0857047
0 0.044483
0 0.0697749
0 0.00973739
0 0.0221
0 0.0495759
0 0.000676778
0 0.134703
0 0.0413712
0 0.0240279
0 0.143848
0 0.0196296
0 0.0603461
0 0.0460764
0 0.05109
0 0.101386
0 0.0120901
0 0.0631048
0 0.0543058
0 0.0503635
0 0.0103401
0 0.0241181
0 0.0098487
0 0.0339585
0 0.0686706
0 0.0122412
0 0.0839541
0 0.0321541
0 0.116343
0 0.031756
0 0.0915043
0 0.00849351
0 0.0535446
0 0.00751112
0 0.0566404
0 0.0279054
0 0.0301224
0 0.07923
0 0.0255613
0 0.0333547
0 0.0133589
0 0.0417525
0 0.0282462
0 0.00445493
0 0.00280315
0 0.0259472
0 0.0444947
0 0.0539502
0 0.0457681
0 0.0334001
0 0.0333043
0 0.0345204
0 0.0319432
0 0.111003
0 0.0561316
0 0.00311849
0 0.106888
0 0.00990773
0 0.0580033
0 0.0112199
0 0.0113212
0 0.0365021
0 0.0152614
0 0.00998758
0 0.0104418
0 0.0126627
0 0.0149363
0 0.0905043
0 0.061939
0 0.0518893
0 0.0225414
0 0.0800302
0 0.0352601
0 0.110191
0 0.0951438
0 0.00942834
0 0.0225864
0 0.0631458
0 0.0191933
0 0.000986974
0 0.0140272
0 0.00152412
0 0.0615786
0 0.0680874
0 0.0979433
0 0.0580748
0 0.126095
0 0.0123036
0 0.0407129
0 0.110611
0 0.0239679
0 0.0255109
0 0.0666657
0 0.0153369
0 0.0620454
0 0.0303417
0 0.0129
0 0.0203236
0 0.013949
0 0.0206136
0 0.0411706
0 0.0139301
0 0.0217556
0 0.0958363
0 0.0656423
0 0.0334802
0 0.00518163
0 0.0510246
0 0.0148137
0 0.011614
0 0.0756214
0 0.0120638
0 0.00349802
0 0.00388775
0 0.0169067
0 0.0310425
0 0.0559718
0 0.0198679
0 0.0754585
0 0.0336457
0 0.024821
0 0.0446601
0 0.0161103
0 0.0456911
0 0.0340359
0 0.038052
0 0.0135051
0 0.0450731
0 0.0235708
0 0.029125
0 0.0327042
0 0.0454056
0 0.0150303
0 0.0016103
0 0.0136997
0 0.0878034
0 0.00243713
0 0.00492863
0 0.0386075
0 0.0531092
0 0.00371261
0 0.0308252
0 0.0299435
0 0.0194925
0 0.0718809
0 0.00421622
0 0.183548
0 0.00430181
0 0.0208518
0 0.0166189
0 0.0171709
0 0.0186677
0 0.0109263
0 0.0201192
0 0.0101348
0 0.0863705
0 0.0273364
0 0.0607788
0 0.0521604
0 0.0141598
0 0.0133936
0 0.0739004
0 0.0783469
0 0.0695339
0 0.0470204
0 0.0186933
0 0.0860566
0 0.01118
0 0.045229
0 0.0245823
0 0.0151241
0 0.0607411
0 0.0664552
0 0.0579153
0 0.0295012
0 0.0660601
0 0.0903609
0 0.0824053
0 0.038669
0 0.0480334
0 0.0145709
0 0.0137812
0 0.0668345
0 0.0250106
0 0.0178243
0 0.0115168
0 0.0965504
0 0.0101422
0 0.0115928
0 0.00535488
0 0.0210378
0 0.00296803
0 0.040957
0 0.0161853
0 0.0377527
0 0.0122781
0 0.00735024
0 0.018366
0 0.0751077
0 0.0384127
0 0.0136921
0 0.0498079
0 0.0106974
0 0.000761867
0 0.000263865
0 0.0834321
0 0.121615
0 0.00470412
0 0.0324394
0 0.0461116
0 0.0978674
0 0.0541331
0 0.0352898
0 0.0362056
0 0.0222143
0 0.104907
0 0.0214866
0 0.0130673
0 0.0365334
0 0.0168246
0 0.0494849
0 0.0103083
0 0.0374068
0 0.069073
0 0.15458
0 0.0160651
0 0.0338432
0 0.0121662
0 0.0231169
0 0.0125383
0 0.0370617
0 0.0320104
0 0.00840463
0 0.0286018
0 0.0492893
0 0.0498191
0 0.0495823
0 0.0704315
0 0.0214442
0 0.0337365
0 0.0123781
0 0.0320287
0 0.0565589
0 0.0318582
0 0.0272539
0 0.0241109
0 0.00720265
0 0.0456115
0 0.0474881
0 0.0626742
0 0.0230892
0 0.0107953
0 0.0223152
0 0.0447754
0 0.0256386
0 0.023772
0 0.00253853
0 0.00374303
0 0.0513674
0 0.0218096
0 0.0562695
0 0.0167482
0 0.171624
0 0.0514679
0 0.0643874
0 0.140903
0 0.0965285
0 0.0595141
0 0.0182419
0 0.028099
0 0.0645645
0 0.103559
0 0.0360651
0 0.0677967
0 0.0969549
0 0.0145693
0 0.0438424
0 0.0304154
0 0.0681276
0 0.0228338
0 0.0555447
0 0.0143312
0 0.0203374
0 0.0813925
0 0.159498
0 0.0181501
0 0.125203
0 0.0420801
0 0.0153688
0 0.00122987
0 0.0123525
0 0.0394203
0 0.103344
0 0.112162
0 0.0496723
0 0.0446679
0 0.0148402
0 0.0163612
0 0.0337845
0 0.0562638
0 0.0390064
0 0.0243096
0 0.0491034
0 0.00594179
0 0.0169381
0 0.0156374
0 0.019839
0 0.00133226
0 0.0171186
0 0.0172382
0 0.0355532
0 0.0239737
0 0.0207539
0 0.0493772
0 0.0273191
0 0.034499
0 0.0357477
0 0.0406685
0 0.00624605
0 0.0207388
0 0.0454496
0 0.0349826
0 0.0126873
0 0.060496
0 0.00511825
0 0.00553481
0 0.0691466
0 0.0183539
0 0.031998
0 0.0226884
0 0.0321456
0 0.0108467
0 0.15363
0 0.0995544
0 0.00871259
0 0.0742147
0 0.0256264
0 0.103856
0 0.0343618
0 0.156688
0 0.0338576
0 0.0416229
0 0.0481859
0 0.00958055
0 0.00886343
0 0.0445159
0 0.0642565
0 0.0510789
0 0.0709449
0 0.0493109
0 0.0312391
0 0.0781912
0 0.00446012
0 0.0150311
0 0.0319575
0 0.00884978
0 0.0441729
0 0.0493237
0 0.0253027
0 0.0518829
0 0.0848565
0 0.0106941
0 0.068519
0 0.0350266
0 0.101424
0 0.0248275
0 0.0409095
0 0.0396202
0 0.0253901
0 0.0245061
0 0.0165643
0 0.0518354
0 0.011921
0 0.00558106
0 0.0216483
0 0.0168185
0 0.0261763
0 0.00700542
0 0.00560235
0 0.068606
0 0.0699445
0 0.00755334
0 0.0391751
0 0.0202473
0 0.0175927
0 0.0180729
0 0.111781
0 0.00719075
0 0.0460128
0 0.0387429
0 0.00994388
0 0.0336257
0 0.0887291
0 0.140635
0 0.0394376
0 0.00232683
0 0.0377195
0 0.0959487
0 0.0510622
0 0.00770051
0 0.0209929
0 0.0231354
0 0.035591
0 0.00463069
0 0.013045
0 0.00891129
0 0.0923684
0 0.011669
0 0.0383196
0 0.0546337
0 0.0298037
0 0.115063
0 0.0133188
0 0.0282402
0 0.0211685
0 0.0184426
0 0.18277
0 0.0575558
0 0.0508583
0 0.0598234
0 0.00908367
0 0.0465786
0 0.0872825
0 0.0140518
0 0.0059735
0 0.0553292
0 0.0436154
0 0.0236633
0 0.0372903
0 0.0274401
0 0.0428979
0 0.0478204
0 0.0755924
0 0.0450172
0 0.0664276
0 0.0532442
0 0.0352679
0 0.0440853
0 0.0282728
0 0.00628793
0 0.0421425
0 0.112502
0 0.0174388
0 0.00596638
0 0.0311491
0 0.0441713
0 0.122044
0 0.0176661
0 0.08904
0 0.0337851
0 0.0395127
0 0.00820336
0 0.0518932
0 0.0773883
0 0.00607433
0 0.0719373
0 0.0340635
0 0.0939952
0 0.0158705
0 0.0682163
0 0.0330788
0 0.0590147
0 0.0124969
0 0.0565685
0 0.0395303
0 0.0344971
0 0.00265807
0 0.00971134
0 0.0484446
0 0.00682426
0 0.0216885
0 0.0890105
0 0.0254705
0 0.0188599
0 0.0205037
0 0.0245016
0 0.0745147
0 0.0446258
0 0.0472406
0 0.0380453
0 0.0193082
0 0.0107342
0 0.0059792
0 0.0167032
0 0.00299547
0 0.0349296
0 0.0385638
0 0.0355368
0 0.0912825
0 0.0431341
0 0.0700182
0 0.0198824
0 0.0208863
0 0.119021
0 0.0160945
0 0.0250535
0 0.00821027
0 0.0687954
0 0.0318883
0 0.0219158
0 0.0486501
0 0.0289095
0 0.0447116
0 0.032952
0 0.0624606
0 0.0129264
0 0.0303841
0 0.189047
0 0.109285
0 0.0338872
0 0.0699766
0 0.0408783
0 0.0679578
0 0.00541463
0 0.00572308
0 0.0260955
0 0.0281695
0 0.0402824
0 0.00648771
0 0.00466426
0 0.0118674
0 0.0646115
0 0.0284765
0 0.0423288
0 0.0329278
0 0.0369637
0 0.0308839
0 0.0134882
0 0.00635676
0 0.0394478
0 0.080185
0 0.190015
0 0.0959441
0 0.0209461
0 0.0267853
0 0.0159624
0 0.0366751
0 0.0736274
0 0.0225268
0 0.0342864
0 0.0569101
0 0.0501141
0 0.0347951
0 0.0399039
0 0.0187487
0 0.00153364
0 0.118791
0 0.0260149
0 0.00195528
0 0.10222
0 0.0139569
0 0.0101149
0 0.0368596
0 0.0389145
0 0.0171422
0 0.0445657
0 0.073634
0 0.045364
0 0.0419689
0 0.0306134
0 0.0240579
0 0.0607523
0 0.0443347
0 0.00153173
0 0.0601157
0 0.0337032
0 0.00791264
0 0.0332491
0 0.0110763
0 0.0745794
0 0.0138404
0 0.0571719
0 0.0212473
0 0.0194284
0 0.0875228
0 0.027377
0 0.102357
0 0.0383588
0 0.0353523
0 0.0130889
0 0.00564457
0 0.15266
0 0.0697213
0 0.0218492
0 0.0183083
0 0.0385793
0 0.0479144
0 0.0295273
0 0.00431167
0 0.0291847
0 0.0116541
0 0.033638
0 0.0703511
0 0.0175343
0 0.00257666
0 0.0113
0 0.0199116
0 0.0174622
0 0.0550599
0 0.0446072
0 0.106719
0 0.0366092
0 0.0352801
0 0.0548348
0 0.0198021
0 0.00823289
0 0.0324955
0 0.118493
0 0.0809428
0 0.0830331
0 0.0326917
0 0.0544875
0 0.0439961
0 0.0686137
0 0.044937
0 0.0459267
0 0.0174656
0 0.0139386
0 0.0360748
0 0.0455344
0 0.0174312
0 0.123113
0 0.0323812
0 0.0158402
0 0.0973595
0 0.0842172
0 0.0566885
0 0.0680074
0 0.00349815
0 0.00450719
0 0.00382151
0 0.0127417
0 0.0232185
0 0.0612895
0 0.119952
0 0.0255955
0 0.0166488
0 0.0635287
0 0.0112158
0 0.0279897
0 0.0562034
0 0.124378
0 0.0135988
0 0.0748888
0 0.0387583
0 0.109596
0 0.0109774
0 0.0129171
0 0.0298592
0 0.00382984
0 0.0245245
0 0.0395687
0 0.039214
0 0.0329579
0 0.0091697
0 0.00807941
0 0.0272531
0 0.0429857
0 0.019576
0 0.0304923
0 0.0812867
0 0.0640848
0 0.0568608
0 0.0620352
0 0.017746
0 0.0721649
0 0.0785651
0 0.028512
0 0.0141572
0 0.00992129
0 0.0119028
0 0.0698414
0 0.0128337
0 0.0584536
0 0.0114711
0 0.0178954
0 0.0227438
0 0.0711021
0 0.031089
0 0.00405026
0 0.0128114
0 0.0164581
0 0.0175217
0 0.0587362
0 0.0426729
0 0.0685998
0 0.0505653
0 0.00120742
0 0.0306871
0 0.0390233
0 0.0348505
0 0.0430711
0 0.0315048
0 0.0476021
0 0.0168849
0 0.0577512
0 0.0635979
0 0.0335616
0 0.0316344
0 0.00927851
0 0.0758024
0 0.0394187
0 0.113728
0 0.0282673
0 0.0214527
0 0.0311421
0 0.0567306
0 0.0231326
0 0.00265259
0 0.0827828
0 0.0928573
0 0.0500418
0 0.0336213
0 0.0182979
0 0.0860711
0 0.0232108
0 0.0200501
0 0.0873916
0 0.0445969
0 0.0197544
0 0.0128418
0 0.004811
0 0.00682215
0 0.0373792
0 0.0578331
0 0.00914012
0 0.0367015
0 0.0471676
0 0.014638
0 0.0187779
0 0.0158053
0 0.0590276
0 0.00773478
0 0.0178198
0 0.0158924
0 0.0397791
0 0.0190803
0 0.0545019
0 0.0186167
0 0.0176077
0 0.016512
0 0.0346996
0 0.0174316
0 0.062137
0 0.0359114
0 0.0619928
0 0.0566304
0 0.0300708
0 0.144472
0 0.008281
0 0.0748816
0 0.0694349
0 0.0520933
0 0.0315898
0 0.0206033
0 0.00525755
0 0.0450683
0 0.050815
0 0.0307267
0 0.0196772
0 0.00127176
0 0.0734856
0 0.0137551
0 0.141507
0 0.013851
0 0.0531296
0 0.0295756
0 0.0337564
0 0.00573136
0 0.110844
0 0.0546741
0 0.0212153
0 0.150961
0 0.0394679
0 0.0268825
0 0.00584909
0 0.0442272
0 0.0319929
0 0.0943203
0 0.0214065
0 0.0477208
0 0.0899949
0 0.0489741
0 0.0157942
0 0.0335934
0 0.0170442
0 0.0193568
0 0.0746351
0 0.0196676
0 0.0334391
0 0.159662
0 0.0296555
0 0.0372715
0 0.103945
0 0.00888216
0 0.0507236
0 0.00520862
0 0.033371
0 0.0361863
0 0.0533849
0 0.0485498
0 0.0743773
0 0.0378204
0 0.0054754
0 0.040614
0 0.096112
0 0.0654198
0 0.0467432
0 0.0808272
0 0.0240636
0 0.0253424
0 0.00870149
0 0.0102259
0 0.0192946
0 0.0524616
0 0.0235438
0 0.0351675
0 0.0145046
0 0.0312843
0 0.0482175
0 0.0236998
0 0.0271687
0 0.041257
0 0.0789727
0 0.0619908
0 0.00354434
0 0.0103365
0 0.00735926
0 0.0895084
0 0.0558769
0 0.0365106
0 0.0390165
0 0.00977323
0 0.0407833
0 0.0340106
0 0.0318021
0 0.0349452
0 0.00294914
0 0.0279246
0 0.0404333
0 0.0147374
0 0.0234576
0 0.0254327
0 0.0240329
0 0.0405749
0 0.0779981
0 0.064802
0 0.0474885
0 0.0419474
0 0.0314403
0 0.00421386
0 0.016226
0 0.0791166
0 0.0583485
0 0.0423993
0 0.00545955
0 0.0486922
0 0.0101399
0 0.0174241
0 0.039879
0 0.0165297
0 0.00223435
0 0.0252059
0 0.0212561
0 0.0330317
0 0.0740758
0 0.0314484
0 0.0305792
0 0.0678953
0 0.00282613
0 0.017391
0 0.00461366
0 0.0209291
0 0.10674
0 0.0609493
0 0.0964236
0 0.0117157
0 0.0136875
0 0.0378025
0 0.0108354
0 0.0586776
0 0.0246202
0 0.0354505
0 0.0134854
0 0.0382354
0 0.0342021
0 0.0874386
0 0.0267211
0 0.00876553
0 0.0277429
0 0.13784
0 0.00810461
0 0.144812
0 0.100999
0 0.0215765
0 0.103341
0 0.104538
0 0.00571229
0 0.0147694
0 0.0263066
0 0.0294835
0 0.0332662
0 0.0555795
0 0.00351772
0 0.0165749
0 0.0502197
0 0.000254512
0 0.0201733
0 0.0644223
0 0.0116477
0 0.0112605
0 0.0588515
0 0.0349184
0 0.01376
0 0.025572
0 0.0189956
0 0.0389165
0 0.0745203
0 0.0314042
0 0.025572
0 0.0910585
0 0.00452178
0 0.080936
0 0.0201432
0 0.0187941
0 0.0194595
0 0.0849742
0 0.0444271
0 0.010739
0 0.0115806
0 0.01858
0 0.00705914
0 0.0396448
0 0.0385516
0 0.0525878
0 0.0833992
0 0.0346774
0 0.0723474
0 0.0683622
0 0.0612029
0 0.0144488
0 0.00279766
0 0.0194659
0 0.0788014
0 0.0138355
0 0.0438169
0 0.00403722
0 0.0720952
0 0.0928925
0 0.032687
0 0.0340748
0 0.00605623
0 0.00565085
0 0.0424593
0 0.0675957
0 0.0653167
0 0.0368899
0 0.053178
0 0.0402766
0 0.0268378
0 0.0265588
0 0.0591327
0 0.0144597
0 0.0579246
0 0.0848215
0 0.0896668
0 0.0205451
0 0.152483
0 0.0780029
0 0.0120311
0 0.0291384
0 0.00910142
0 0.0288142
0 0.067888
0 0.00988669
0 0.0595821
0 0.0273062
0 0.0542816
0 0.00580424
0 0.0286497
0 0.0371113
0 0.0387357
0 0.0304154
0 0.0105341
0 0.10222
0 0.0439999
0 0.00464829
0 0.0698302
0 0.0499789
0 0.00865573
0 0.00686302
0 0.00168827
0 0.0311361
0 0.122567
0 0.0153658
0 0.0185406
0 0.0356268
0 0.036519
0 0.00941342
0 0.00905314
0 0.0272376
0 0.137778
0 0.0828578
0 0.0686157
0 0.043308
0 0.0441759
0 0.0996763
0 0.0109303
0 0.0156039
0 0.0160467
0 0.0833693
0 0.0117502
0 0.00437338
0 0.013361
0 0.0350744
0 0.050195
0 0.0437571
0 0.016445
0 0.004129
0 0.00941767
0 0.068533
0 0.0609238
0 0.0269601
0 0.00407905
0 0.00203137
0 0.0591683
0 0.0712167
0 0.0264269
0 0.021892
0 0.0161234
0 0.13088
0 0.0556111
0 0.0720791
0 0.0248871
0 0.0233477
0 0.0325912
0 0.0232669
0 0.0014408
0 0.0178809
0 0.0116106
0 0.0614277
0 0.040966
0 0.0715929
0 0.017076
0 0.0418784
0 0.0106116
0 0.0679836
0 0.073998
0 0.0102711
0 0.0188931
0 0.0508001
0 0.0169956
0 0.0117574
0 0.0349429
0 0.0301268
0 0.0560172
0 0.0323378
0 0.00339764
0 0.067206
0 0.0438828
0 0.0443406
0 0.133245
0 0.00374307
0 0.0499428
0 0.0494821
0 0.0152771
0 0.00563565
0 0.0172137
0 0.149027
0 0.0249605
0 0.0261268
0 0.0354159
0 0.0116331
0 0.00883333
0 0.00455707
0 0.00139522
0 0.00918164
0 0.0844339
0 0.019943
0 0.043573
0 0.0269555
0 0.0847185
0 0.0237935
0 0.0664464
0 0.0875734
0 0.0265225
0 0.0375714
0 0.0144924
0 0.011879
0 0.0670006
0 0.0102472
0 0.01417
0 0.000858229
0 0.040375
0 0.0252606
0 0.0606153
0 0.0261491
0 0.00813734
0 0.016857
0 0.0354346
0 0.0527239
0 0.0573667
0 0.00623993
0 0.00892079
0 0.0084306
0 0.00445468
0 0.0489722
0 0.0148652
0 0.0308463
0 0.00903945
0 0.0548515
0 0.03596
0 0.0119526
0 0.0680648
0 0.0208094
0 0.0927379
0 0.0183174
0 0.019726
0 0.00712218
0 0.0708866
0 0.0629947
0 0.0313451
0 0.00716199
0 0.035136
0 0.04819
0 0.00270285
0 0.0143708
0 0.0294388
0 0.0297062
0 0.00529893
0 0.0622008
0 0.0272325
0 0.0099607
0 0.0540638
0 0.0280224
0 0.0364888
0 0.0999982
0 0.0153774
0 0.0353381
0 0.0531988
0 0.003367
0 0.00997202
0 0.0247013
0 0.040917
0 0.0419582
0 0.0738732
0 0.0204113
0 0.04163
0 0.0205642
0 0.0270389
0 0.0379474
0 0.0412161
0 0.0755268
0 0.0199978
0 0.0173854
0 0.03122
0 0.0428663
0 0.0365081
0 0.0602616
0 0.0589154
0 0.0739509
0 0.0098686
0 0.00265295
0 0.0608672
0 0.030375
0 0.0046075
0 0.0615546
0 0.0728697
0 0.0502399
0 0.0204598
0 0.031823
0 0.0624625
0 0.0538238
0 0.026739
0 0.0137485
0 0.107539
0 0.102028
0 0.0261567
0 0.0168081
0 0.0332476
0 0.0262502
0 0.00351319
0 0.0216891
0 0.019108
0 0.069534
0 0.0734639
0 0.00299044
0 0.0789856
0 0.0458016
0 0.0144992
0 0.0468264
0 0.0520221
0 0.0944085
0 0.00400665
0 0.0538448
0 0.00659035
0 0.0910554
0 0.0703924
0 0.0615316
0 0.0919702
0 0.0138851
0 0.0900021
0 0.0605146
0 0.166406
0 0.0716238
0 0.0123715
0 0.00631138
0 0.0414534
0 0.0617705
0 0.0266044
0 0.0665892
0 0.0697109
0 0.0170836
0 0.0650911
0 0.0203644
0 0.0772058
0 0.0242241
0 0.0276403
0 0.0280484
0 0.0669069
0 0.0253927
0 0.0620029
0 0.0339605
0 0.0202766
0 0.0370323
0 0.0207503
0 0.0239571
0 0.0546046
0 0.0568941
0 0.0160704
0 0.087226
0 0.100317
0 0.0186732
0 0.0443176
0 0.0034557
0 0.139733
0 0.106174
0 0.130861
0 0.0445192
0 0.0131694
0 0.0158255
0 0.0386027
0 0.0402167
0 0.0604965
0 0.0198443
0 0.117642
0 0.0088584
0 0.00257454
0 0.0386818
0 0.0185104
0 0.0242168
0 0.0409467
0 0.0571536
0 0.0663116
0 0.0221457
0 0.0690505
0 0.0112581
0 0.0725351
0 0.00478987
0 0.0104597
0 0.0713444
0 0.0115571
0 0.0590005
0 0.0186275
0 0.0462237
0 0.0730848
0 0.0146036
0 0.0235771
0 0.00663523
0 0.0827014
0 0.00695234
0 0.0573858
0 0.0914495
0 0.0161408
0 0.00969641
0 0.0191608
0 0.0494682
0 0.0131908
0 0.0411294
0 0.0458766
0 0.107327
0 0.00601583
0 0.0305971
0 0.0520058
0 0.0335343
0 0.0483328
0 0.0609212
0 0.0374464
0 0.0398459
0 0.0236049
0 0.0485398
0 0.0365125
0 0.0021015
0 0.0169505
0 0.033126
0 0.0259554
0 0.0185057
0 0.0369047
0 0.0197522
0 0.00383612
0 0.0163097
0 0.0311808
0 0.141638
0 0.0250814
0 0.0366146
0 0.0274833
0 0.133422
0 0.0411107
0 0.0802429
0 0.0431815
0 0.00570868
0 0.0284772
0 0.031907
0 0.0122992
0 0.00933521
0 0.0162431
0 0.0281346
0 0.0521346
0 0.0132778
0 0.0257783
0 0.0210982
0 0.027012
0 0.0143148
0 0.0205417
0 0.0172944
0 0.0101874
0 0.0737153
0 0.0475958
0 0.0617782
0 0.0815523
0 0.0337073
0 0.00642689
0 0.0310846
0 0.068687
0 0.0195231
0 0.0940923
0 0.0207561
0 0.0106461
0 0.00491387
0 0.028845
0 0.00929043
0 0.0591549
0 0.114362
0 0.00340776
0 0.182495
0 0.0164615
0 0.0510267
0 0.00315576
0 0.0257966
0 0.0495707
0 0.0174463
0 0.025665
0 0.0309891
0 0.00922218
0 0.018771
0 0.108916
0 0.0138687
0 0.096434
0 0.0371475
0 0.00662875
0 0.0217763
0 0.0269063
0 0.00141737
0 0.00703957
0 0.102548
0 0.0657187
0 0.0477498
0 0.0260532
0 0.0536892
0 0.007703
0 0.0335869
0 0.0835285
0 0.00761555
0 0.0959427
0 0.00942047
0 0.0348044
0 0.0451136
0 0.0209205
0 0.0105563
0 0.0166467
0 0.102974
0 0.00231045
0 0.0344061
0 0.0180519
0 0.0336382
0 0.0295709
0 0.0795706
0 0.0223502
0 0.109008
0 0.00636461
0 0.0183451
0 0.100916
0 0.0617988
0 0.0391714
0 0.0397668
0 0.0653077
0 0.0219735
0 0.0356806
0 0.0228298
0 0.00377394
0 0.0279779
0 0.0246766
0 0.0637247
0 0.0163775
0 0.0347117
0 0.0415071
0 0.0579785
0 0.0233184
0 0.0466961
0 0.0199934
0 0.0359454
0 0.07303
0 0.0311487
0 0.00799054
0 0.0576682
0 0.0464512
0 0.0649527
0 0.0461329
0 0.0391224
0 0.0396285
0 0.032653
0 0.0107728
0 0.0769634
0 0.0135306
0 0.0714441
0 0.0733827
0 0.00789688
0 0.143816
0 0.0308467
0 0.0152916
0 0.0254778
0 0.0201262
0 0.0843929
0 0.0711638
0 0.0159756
0 0.0413062
0 0.00964241
0 0.106366
0 0.0492219
0 0.0176618
0 0.0497886
0 0.016545
0 0.0374352
0 0.0144288
0 0.134951
0 0.0264648
0 0.023663
0 0.0267602
0 0.0242169
0 0.0239935
0 0.00588482
0 0.0810629
0 0.0267023
0 0.0262262
0 0.00937669
0 0.00295323
0 0.0221902
0 0.0550051
0 0.0641437
0 0.000310213
0 0.0178768
0 0.0313281
0 0.0272363
0 0.0759177
0 0.0861478
0 0.015634
0 0.0402151
0 0.0326566
0 0.0625702
0 0.0283222
0 0.0123837
0 0.0184294
0 0.00522189
0 0.00892864
0 0.0115763
0 0.0432248
0 0.109831
0 0.0280186
0 0.0424508
0 0.0061417
0 0.0807262
0 0.0367137
0 0.039327
0 0.117451
0 0.0117367
0 0.0126131
0 0.0135867
0 0.00899608
0 0.0946145
0 0.0230056
0 0.0284135
0 0.0108653
0 0.128437
0 0.0727408
0 0.0239625
0 0.0181088
0 0.0680126
0 0.0429293
0 0.0418878
0 0.0354944
0 0.0018445
0 0.00483958
0 0.0287386
0 0.0558393
0 0.0728664
0 0.0187288
0 0.0500884
0 0.0277169
0 0.045223
0 0.0783232
0 0.0312246
0 0.0670432
0 0.0108768
0 0.03163
0 0.0602274
0 0.0201262
0 0.0294832
0 0.0199519
0 0.0836696
0 0.0849231
0 0.0505129
0 0.108694
0 0.0663499
0 0.0294395
0 0.00281048
0 0.00743016
0 0.0409421
0 0.0299308
0 0.029004
0 0.0397592
0 0.107555
0 0.0223416
0 0.00634129
0 0.0336512
0 0.00680261
0 0.0802219
0 0.0206345
0 0.0261615
0 0.0423997
0 0.0259237
0 0.0482427
0 0.0559923
0 0.00725934
0 0.00764358
0 0.0358735
0 0.0751135
0 0.0124775
0 0.0137811
0 0.0349727
0 0.0538436
0 0.0479356
0 0.0386207
0 0.0345182
0 0.0122086
0 0.0468973
0 0.0659852
0 0.100293
0 0.00817326
0 0.0275528
0 0.0618474
0 0.0384838
0 0.0440594
0 0.0161958
0 0.0652529
0 0.0723818
0 0.0270799
0 0.0350015
0 0.0513215
0 0.0349971
0 0.00513803
0 0.0342382
0 0.15162
0 0.0328549
0 0.037303
0 0.0731507
0 0.0117812
0 0.0456391
0 0.00768511
0 0.00242251
0 0.00485253
0 0.0148704
0 0.0174946
0 0.0215803
0 0.064966
0 0.00176187
0 0.0355966
0 0.0104428
0 0.0978597
0 0.0183123
0 0.0550197
0 0.0461682
0 0.0522907
0 0.088917
0 0.0172614
0 0.0237196
0 0.00694421
0 0.0132206
0 0.0382173
0 0.0206332
0 0.0296498
0 0.0206453
0 0.00108761
0 0.012155
0 0.0509115
0 0.021466
0 0.0489873
0 0.0499989
0 0.0583118
0 0.0362957
0 0.0359904
0 0.0332015
0 0.0164323
0 0.0130653
0 0.0374348
0 0.00232342
0 0.0419093
0 0.0524184
0 0.0316339
0 0.0769952
0 0.0351941
0 0.0244876
0 0.0922118
0 0.00623266
0 0.0452646
0 0.0266127
0 0.0444356
0 0.0465074
0 0.0308496
0 0.0375282
0 0.217894
0 0.0200154
0 0.0442321
0 0.0440543
0 0.00489991
0 0.0360153
0 0.150308
0 0.119007
0 0.110787
0 0.0226266
0 0.0544941
0 0.000170858
0 0.0220931
0 0.0011025
0 0.0725454
0 0.0206347
0 0.00382388
0 0.0668479
0 0.01991
0 0.0409582
0 0.0279863
0 0.00898834
0 0.0338622
0 0.0494748
0 0.0113369
0 0.00215685
0 0.0710224
0 0.0185256
0 0.0379399
0 0.0551545
0 0.00440379
0 0.0158239
0 0.0302721
0 0.00684304
0 0.0535694
0 0.042022
0 0.0643788
0 0.0421245
0 0.0110896
0 0.0276332
0 0.0253254
0 0.0345026
0 0.0361325
0 0.0228765
0 0.017445
0 0.0723112
0 0.030608
0 0.0121342
0 0.00688045
0 0.00694468
0 0.0257781
0 0.104009
0 0.0361374
0 0.123797
0 0.0104166
0 0.0257838
0 0.0123023
0 0.0250269
0 0.0311631
0 0.142082
0 0.0109285
0 0.0475061
0 0.12333
0 0.0463796
0 0.0186013
0 0.073981
0 0.0358631
0 0.00569442
0 0.0496242
0 0.0242119
0 0.0240092
0 0.0507207
0 0.0494881
0 0.00446578
0 0.0793001
0 0.00549866
0 0.0489325
0 0.0873162
0 0.0106255
0 0.0152493
0 0.0272074
0 0.0501371
0 0.00587318
0 0.0271211
0 0.0545555
0 0.0191318
0 0.0231154
0 0.00642554
0 0.0142143
0 0.0567984
0 0.0901566
0 0.0113371
0 0.0659048
0 0.0138415
0 0.0589946
0 0.0943186
0 0.03934
0 0.0820542
0 0.0902094
0 0.0453237
0 0.00535291
0 0.029522
0 0.0444188
0 0.026177
0 0.0104019
0 0.0351192
0 0.0893117
0 0.0764196
0 0.0414583
0 0.0202885
0 0.0168494
0 0.0279315
0 0.0775307
0 0.0103272
0 0.00729007
0 0.0265612
0 0.0253873
0 0.0321816
0 0.0214792
0 0.01295
0 0.01286
0 0.0303354
0 0.0435596
0 0.0303414
0 0.0163245
0 0.00546646
0 0.0191982
0 0.0153056
0 0.0234402
0 0.00425256
0 0.0483237
0 0.0213315
0 0.0217117
0 0.00709397
0 0.0211531
0 0.000458565
0 0.151347
0 0.055113
0 0.0879596
0 0.0586786
0 0.0159952
0 0.00824874
0 0.0368092
0 0.04363
0 0.013267
0 0.0479542
0 0.0452808
0 0.0154685
0 0.0134789
0 0.0794353
0 0.0144996
0 0.00655056
0 0.0218345
0 0.182024
0 0.0528078
0 0.0162521
0 0.027529
0 0.02258
0 0.0370365
0 0.00346335
0 0.120814
0 0.0830428
0 0.0176221
0 0.194275
0 0.0100316
0 0.107371
0 0.020067
0 0.0234581
0 0.014092
0 0.00328572
0 0.0226617
0 0.0270014
0 0.0832107
0 0.0218736
0 0.00584899
0 0.0216724
0 0.0171232
0 0.117044
0 0.0606139
0 0.0272727
0 0.012651
0 0.0160414
0 0.0301645
0 0.0513484
0 0.00375144
0 0.00532897
0 0.0233672
0 0.0252281
0 0.0578988
0 0.0294422
0 0.0654501
0 0.0369943
0 0.00845915
0 0.0106933
0 0.0196353
0 0.0192168
0 0.0982399
0 0.0714728
0 0.00286499
0 0.027342
0 0.0379016
0 0.0116405
0 0.0146381
0 0.0353968
0 0.0209777
0 0.058883
0 0.0203245
0 0.02454
0 0.017302
0 0.0387263
0 0.0663525
0 0.0190749
0 0.0368143
0 0.0207221
0 0.0457993
0 0.0153999
0 0.0201755
0 0.0158266
0 0.0102943
0 0.107697
0 0.0772935
0 0.0100409
0 0.00757455
0 0.0336371
0 0.0414634
0 0.0314853
0 0.0475033
0 0.104802
0 0.00734579
0 0.0276364
0 0.0152001
0 0.050222
0 0.0293786
0 0.0138816
0 0.0584872
0 0.0844709
0 0.0137481
0 0.100364
0 0.069838
0 0.00474988
0 0.0471242
0 0.022164
0 0.00216437
0 0.0360065
0 0.00530855
0 0.0533014
0 0.0156294
0 0.0450742
0 0.0192177
0 0.0706474
0 0.0102001
0 0.0552734
0 0.0267834
0 0.0125326
0 0.00992661
0 0.0365045
0 0.068091
0 0.0271374
0 0.052506
0 0.0356305
0 0.0441392
0 0.0216805
0 0.154997
0 0.00199992
0 0.0296431
0 0.0278942
0 0.0759851
0 0.0804093
0 0.101636
0 0.0220059
0 0.0139657
0 0.00398121
0 0.0731656
0 0.0538776
0 0.0473529
0 0.0689199
0 0.0541547
0 0.0694161
0 0.0306909
0 0.100376
0 0.00967518
0 0.00616322
0 0.0190097
0 0.00720499
0 0.1083
0 0.0493848
0 0.00350157
0 0.0527798
0 0.00796661
0 0.010854
0 0.0847577
0 0.0267681
0 0.0139251
0 0.0354117
0 0.0115256
0 0.0408826
0 0.0193092
0 0.071735
0 0.00355447
0 0.0101814
0 0.0560445
0 0.0629174
0 0.00451635
0 0.032557
0 0.0892916
0 0.0460453
0 0.0395443
0 0.116277
0 0.00737061
0 0.0210114
0 0.0719693
0 0.0442997
0 0.0245228
0 0.011155
0 0.0338256
0 0.136343
0 0.0760444
0 0.0324418
0 0.0564421
0 0.0281718
0 0.00357193
0 0.0411942
0 0.0346251
0 0.0396148
0 0.0393183
0 0.0314086
0 0.042718
0 0.0101551
0 0.0176606
0 0.162293
0 0.0533448
0 0.0411628
0 0.00825338
0 0.0271253
0 0.0429684
0 0.0469857
0 0.0644762
0 0.0217561
0 0.0554646
0 0.0478972
0 0.00784238
0 0.0278254
0 0.014973
0 0.0197957
0 0.031443
0 0.0202672
0 0.0654022
0 0.013659
0 0.0413243
0 0.0414416
0 0.0359337
0 0.0304823
0 0.0256859
0 0.00967115
0 0.0477928
0 0.0218814
0 0.00963957
0 0.0223557
0 0.126531
0 0.0472068
0 0.154757
0 0.018137
0 0.0122533
0 0.0223356
0 0.0410683
0 0.0260129
0 0.0441277
0 0.042425
0 0.0686356
0 0.0144647
0 0.0189009
0 0.0630944
0 0.0529543
0 0.0271788
0 0.0535347
0 0.101544
0 0.0174734
0 0.0397763
0 0.00281958
0 0.0245384
0 0.0315862
0 0.00782839
0 0.126252
0 0.0436938
0 0.0738757
0 0.032902
0 0.0102183
0 0.0165543
0 0.0257589
0 0.0362376
0 0.0429031
0 0.0655621
0 0.0469109
0 0.0452606
0 0.0218338
0 0.0332784
0 0.0123403
0 0.0365717
0 0.0356635
0 0.00937109
0 0.0173146
0 0.0231159
0 0.142626
0 0.0372275
0 0.0234538
0 0.0507982
0 0.0374683
0 0.00177508
0 0.0489625
0 0.0186738
0 0.0277663
0 0.00969117
0 0.135579
0 0.0361525
0 0.0390858
0 0.111768
0 0.00073931
0 0.0351027
0 0.051767
0 0.0476395
0 0.019779
0 0.0587403
0 0.0306078
0 0.00188133
0 0.094721
0 0.00382919
0 0.0262826
0 0.010876
0 0.0510864
0 0.0139988
0 0.0188882
0 0.00417313
0 0.0397123
0 0.0575431
0 0.0594474
0 0.0842328
0 0.076809
0 0.0302467
0 0.0282206
0 0.0930113
0 0.00609539
0 0.0382619
0 0.0296112
0 0.0381236
0 0.0484904
0 0.079072
0 0.0484583
0 0.0617309
0 0.0534697
0 0.0108151
0 0.00840474
0 0.0209753
0 0.0587256
0 0.00371611
0 0.0641184
0 0.021404
0 0.00623169
0 0.00962115
0 0.0279253
0 0.0132024
0 0.004922
0 0.0121498
0 0.0159644
0 0.00767251
0 0.000335268
0 0.0021179
0 0.0980327
0 0.0234269
0 0.0614261
0 0.037799
0 0.0828705
0 0.0191462
0 0.00420821
0 0.00497704
0 0.00447937
0 0.0465825
0 0.0416939
0 0.0142758
0 0.0156753
0 0.0128561
0 0.114967
0 0.0402269
0 0.0232146
0 0.0239148
0 0.0651411
0 0.084107
0 0.0370329
0 0.00859021
0 0.0646742
0 0.0508276
0 0.0239057
0 0.00647197
0 0.22073
0 0.0421165
0 0.0131761
0 0.00455781
0 0.114299
0 0.0167902
0 0.0919167
0 0.0194759
0 0.0134074
0 0.0271631
0 0.0402383
0 0.0195975
0 0.0484986
0 0.0667516
0 0.0295378
0 0.0559346
0 0.0892333
0 0.0899595
0 0.0157658
0 0.0420775
0 0.0612904
0 0.0639073
0 0.0256099
0 0.0184991
0 0.0261873
0 0.0208563
0 0.0462828
0 0.0150195
0 0.0482399
0 0.0541549
0 0.0571373
0 0.00748282
0 0.0159315
0 0.104628
0 0.0743216
0 0.124397
0 0.0397768
0 0.0671768
0 0.0422856
0 0.0101326
0 0.0276059
0 0.0564929
0 0.0853762
0 0.0249256
0 0.0293815
0 0.0272896
0 0.0391316
0 0.0329689
0 0.0727928
0 0.0546602
0 0.0255674
0 0.0080936
0 0.0320543
0 0.0919712
0 0.0253121
0 0.0337874
0 0.00100215
0 0.0503293
0 0.0134783
0 0.0554685
0 0.00363871
0 0.0334635
0 0.0510202
0 0.0315428
0 0.0835345
0 0.034039
0 0.0381498
0 0.065178
0 0.07392
0 0.0301505
0 0.0194292
0 0.0228708
0 0.0383058
0 0.0513525
0 0.0125508
0 0.0509781
0 0.0152056
0 0.101393
0 0.0860385
0 0.0414315
0 0.00955053
0 0.0144354
0 0.128465
0 0.105433
0 0.0701763
0 0.0169748
0 0.0318632
0 0.0518718
0 0.0166292
0 0.0247568
0 0.075519
0 0.0136816
0 0.0215786
0 0.0260034
0 0.0299849
0 0.0448646
0 0.0144078
0 0.0325846
0 0.161931
0 0.0192743
0 0.031496
0 0.00978137
0 0.0197799
0 0.115819
0 0.0795619
0 0.0711521
0 0.0296534
0 0.0232048
0 0.00773707
0 0.013619
0 0.0695222
0 0.078448
0 0.0334484
0 0.0803117
0 0.0807313
0 0.0178644
0 0.0371374
0 0.0250201
0 0.0175338
0 0.058996
0 0.0140742
0 0.0915371
0 0.0291479
0 0.00598922
0 0.0232297
0 0.00911778
0 0.0192066
0 0.0599215
0 0.0224484
0 0.124791
0 0.0663347
0 0.0179984
0 0.0205446
0 0.027481
0 0.0104753
0 0.136647
0 0.0111805
0 0.00745002
0 0.0296221
0 0.0281898
0 0.00815676
0 0.121644
0 0.0148357
0 0.0399964
0 0.0395555
0 0.0592008
0 0.00841423
0 0.0292854
0 0.0413998
0 0.0310586
0 0.0224086
0 0.0489332
0 0.0219318
0 0.0426586
0 0.144281
0 0.011063
0 0.00218189
0 0.0312224
0 0.0290517
0 0.0316513
0 0.00232878
0 0.0203154
0 0.051234
0 0.00553216
0 0.00854027
0 0.0201357
0 0.0278941
0 0.0353046
0 0.0108215
0 0.0125124
0 0.0249252
0 0.0127478
0 0.034634
0 0.0200647
0 0.0101761
0 0.0486933
0 0.0216755
0 0.0548655
0 0.0407555
0 0.103637
0 0.070937
0 0.0717396
0 0.0231813
0 0.0741359
0 0.019169
0 0.0140948
0 0.0329049
0 0.037467
0 0.0100568
0 0.0655103
0 0.0326234
0 0.157122
0 0.0183215
0 0.00961459
0 0.0184903
0 0.0344366
0 0.0856279
0 0.0331657
0 0.0140644
0 0.064658
0 0.0221623
0 0.110893
0 0.024939
0 0.0533062
0 0.0331085
0 0.034251
0 0.057871
0 0.0672142
0 0.0307806
0 0.060872
0 0.0342153
0 0.0479414
0 0.0111772
0 0.0589988
0 0.00871678
0 0.0503885
0 0.0596145
0 0.0442552
0 0.042269
0 0.00539506
0 0.0591779
0 0.0990053
0 0.0523413
0 0.0878769
0 0.0485121
0 0.0146972
0 0.0333671
0 0.023967
0 0.00445127
0 0.0134886
0 0.0179837
0 0.0207162
0 0.0218507
0 0.044089
0 0.0214479
0 0.0714888
0 0.0519329
0 0.0115707
0 0.00336788
0 0.0270628
0 0.0984144
0 0.0319312
0 0.0229784
0 0.00615777
0 0.032809
0 0.0424498
0 0.028477
0 0.0110132
0 0.0489677
0 0.0699983
0 0.0543721
0 0.0789688
0 0.00307851
0 0.0765592
0 0.0770294
0 0.0179999
0 0.0228703
0 0.0213029
0 0.0420618
0 0.0412747
0 0.0309356
0 0.0179875
0 0.0593377
0 0.0305165
0 0.0398133
0 0.0161873
0 0.0355271
0 0.0198398
0 0.0160494
0 0.0109144
0 0.0237936
0 0.0362017
0 0.0354067
0 0.0600476
0 0.0531387
0 0.0705394
0 0.061725
0 0.0398421
0 0.0370419
0 0.0499776
0 0.0135552
0 0.0394959
0 0.0310098
0 0.000544701
0 0.015977
0 0.0120586
0 0.0452013
0 0.0481669
0 0.0134991
0 0.0430836
0 0.00329423
0 0.00546016
0 0.00844163
0 0.0234255
0 0.00696661
0 0.00416384
0 0.0208146
0 0.0198434
0 0.0364593
0 0.00412683
0 0.00843674
0 0.0515445
0 0.0655257
0 0.0392032
0 0.0487721
0 0.00862016
0 0.0406098
0 0.0691806
0 0.020509
0 0.022665
0 0.0541522
0 0.041465
0 0.0306698
0 0.00826707
0 0.0216647
0 0.00797232
0 0.0430146
0 0.0291143
0 0.0185556
0 0.00382337
0 0.0195593
0 0.0184883
0 0.0362723
0 0.0217785
0 0.0053409
0 0.028701
0 0.0094581
0 0.0323417
0 0.0344181
0 0.0500372
0 0.0265054
0 0.0631264
0 0.0106338
0 0.0397293
0 0.00894877
0 0.00762301
0 0.00202546
0 0.0796874
0 0.0222277
0 0.0144395
0 0.0898312
0 0.0377504
0 0.0451095
0 0.0142664
0 0.0274793
0 0.0266908
0 0.0277816
0 0.0722296
0 0.00772528
0 0.0587392
0 0.0295159
0 0.079966
0 0.0986216
0 0.0244339
0 0.0199405
0 0.0151131
0 0.0439417
0 0.0286704
0 0.0590508
0 0.0246351
0 0.132972
0 0.0140377
0 0.0165238
0 0.044028
0 0.0103474
0 0.0393758
0 0.145971
0 0.0361381
0 0.0322649
0 0.00658772
0 0.051901
0 0.00993524
0 0.0124091
0 0.152238
0 0.0249635
0 0.0111504
0 0.0227879
0 0.00933851
0 0.0382058
0 0.0592513
0 0.00872734
0 0.0345525
0 0.0561239
0 0.0484159
0 0.0211633
0 0.0136747
0 0.00639809
0 0.00742526
0 0.0587571
0 0.0112959
0 0.0141027
0 0.0139887
0 0.00759426
0 0.0428975
0 0.0684081
0 0.0344548
0 0.0178888
0 0.04284
0 0.0346327
0 0.0238345
0 0.0245701
0 0.112943
0 0.0183708
0 0.0106514
0 0.0237441
0 0.00955441
0 0.017918
0 0.0277019
0 0.0058241
0 0.0204856
0 0.0061126
0 0.0625461
0 0.0156635
0 0.0517257
0 0.0440715
0 0.00960068
0 0.0248307
0 0.058089
0 0.0214647
0 0.04594
0 0.0413607
0 0.00945065
0 0.00875856
0 0.0232518
0 0.0420455
0 0.0561121
0 0.00619029
0 0.0202477
0 0.00497122
0 0.0141373
0 0.032066
0 0.0743005
0 0.0409707
0 0.0104483
