0 0.0278445
0 0.0130723
0 0.00990061
0 0.0282525
0 0.0515612
0 0.0275188
0 0.0349961
0 0.0763297
0 0.0464153
0 0.053578
0 0.0459114
0 0.00353901
0 0.038483
0 0.00407092
0 0.0709109
0 0.0244258
0 0.0298149
0 0.0123292
0 0.00528238
0 0.0350895
0 0.0125161
0 0.106882
0 0.0250056
0 0.0333249
0 0.0284792
0 0.00897741
0 0.022782
0 0.070704
0 0.0869556
0 0.0466075
0 0.0119765
0 0.124343
0 0.108944
0 0.00372968
0 0.0193991
0 0.0136249
0 0.0465898
0 0.0204979
0 0.00373697
0 0.013314
0 0.0661161
0 0.0251023
0 0.0570701
0 0.0568494
0 0.005288
0 0.00189958
0 0.0551301
0 0.0345787
0 0.0742764
0 0.0878922
0 0.108835
0 0.0275854
0 0.120449
0 0.00474014
0 0.0138513
0 0.00628528
0 0.0556771
0 0.00419926
0 0.054868
0 0.038911
0 0.00486897
0 0.0239791
0 0.0185149
0 0.0207245
0 0.0136047
0 0.0208139
0 0.0621375
0 0.0237087
0 0.0411229
0 0.00122502
0 0.0108962
0 0.0955102
0 0.00982495
0 0.0221017
0 0.0113395
0 0.0418069
0 0.038773
0 0.0388476
0 0.110711
0 0.0122175
0 0.00521028
0 0.0921198
0 0.0191192
0 0.0323837
0 0.0388101
0 0.0629247
0 0.0115424
0 0.00504268
0 0.025083
0 0.0506217
0 0.0155435
0 0.00541516
0 0.0310935
0 0.0298731
0 0.021933
0 0.0108506
0 0.0353284
0 0.0190825
0 0.107117
0 0.0274491
0 0.114989
0 0.0243415
0 0.0133834
0 0.0576287
0 0.04331
0 0.0122511
0 0.0189645
0 0.0527743
0 0.0501931
0 0.0327984
0 0.00889201
0 0.0100853
0 0.0274659
0 0.0607266
0 0.0459245
0 0.023918
0 0.0902291
0 0.00769967
0 0.0149326
0 0.0356114
0 0.00580984
0 0.0678252
0 0.0108122
0 0.00962656
0 0.0903832
0 0.00567751
0 0.0461198
0 0.0202257
0 0.0161675
0 0.0761161
0 0.0315556
0 0.0185012
0 0.00214022
0 0.040316
0 0.0122127
0 0.0247166
0 0.0104918
0 0.0421531
0 0.0366837
0 0.00809572
0 0.0591758
0 0.0150736
0 0.0377317
0 0.0915769
0 0.0716109
0 0.0148621
0 0.0701725
0 0.0221709
0 0.016432
0 0.0496978
0 0.00527777
0 0.0121847
0 0.0010463
0 0.0301433
0 0.0312915
0 0.00952135
0 0.0415329
0 0.0134311
0 0.0135009
0 0.0235285
0 0.0130166
0 0.0573226
0 0.00705813
0 0.0520766
0 0.00579342
0 0.0121328
0 0.0307135
0 0.0247167
0 0.0423971
0 0.0567304
0 0.0396173
0 0.0737614
0 0.075929
0 0.0309338
0 0.102285
0 0.0258893
0 0.0565181
0 0.0598524
0 0.0575071
0 0.106162
0 0.0276541
0 0.0939479
0 0.00959173
0 0.047824
0 0.0315663
0 0.0661208
0 0.0390048
0 0.0438911
0 0.0338471
0 0.0129463
0 0.0181293
0 0.0231427
0 0.0166663
0 0.0155006
0 0.0227052
0 0.00951092
0 0.0780315
0 0.072243
0 0.029165
0 0.065807
0 0.0224696
0 0.0214584
0 0.0795571
0 0.0433407
0 0.0127402
0 0.0127299
0 0.0408093
0 0.0116235
0 0.0247976
0 0.101505
0 0.0247637
0 0.0248324
0 0.0374001
0 0.0295585
0 0.00957963
0 0.0225461
0 0.0147624
0 0.0583713
0 0.0166335
0 0.106717
0 0.04387
0 0.0115494
0 0.0592987
0 0.035527
0 0.036538
0 0.108077
0 0.0426944
0 0.00597525
0 0.0743799
0 0.0201876
0 0.0886765
0 0.0250393
0 0.0325983
0 0.0217766
0 0.0626747
0 0.079081
0 0.0195555
0 0.00859173
0 0.0147024
0 0.0492918
0 0.0251146
0 0.0232501
0 0.085067
0 0.0316645
0 0.0163837
0 0.0351697
0 0.039971
0 0.0345582
0 0.0127551
0 0.0864486
0 0.00203046
0 0.0560657
0 0.0121785
0 0.0298856
0 0.0126611
0 0.0299052
0 0.0299449
0 0.0502464
0 0.00379671
0 0.016744
0 0.0445284
0 0.0775506
0 0.0134389
0 0.0668488
0 0.021287
0 0.0240256
0 0.0310918
0 0.0315237
0 0.0102156
0 0.00923723
0 0.0107254
0 0.0150101
0 0.035869
0 0.0198923
0 0.0461873
0 0.0577242
0 0.0371772
0 0.0150512
0 0.00882912
0 0.0363261
0 0.0327477
0 0.0511688
0 0.0947706
0 0.00275697
0 0.0285243
0 0.0192484
0 0.0412446
0 0.000618577
0 0.0282446
0 0.0719606
0 0.113733
0 0.0181795
0 0.0308836
0 0.0108314
0 0.0179283
0 0.0274599
0 0.103206
0 0.102871
0 0.0370955
0 0.0974075
0 0.0513307
0 0.0168053
0 0.0739107
0 0.0751902
0 0.0546301
0 0.0126576
0 0.0180659
0 0.0187348
0 0.0489645
0 0.0966245
0 0.0220763
0 0.013283
0 0.00118594
0 0.107651
0 0.0232013
0 0.0589535
0 0.0173813
0 0.025879
0 0.0853704
0 0.0512237
0 0.060572
0 0.0324886
0 0.069854
0 0.0304896
0 0.0892945
0 0.0566556
0 0.0301475
0 0.0314276
0 0.00692141
0 0.0206458
0 0.0832926
0 0.00307544
0 0.0355974
0 0.0801109
0 0.0153577
0 0.0501561
0 0.0593726
0 0.0592724
0 0.0597854
0 0.0487254
0 0.0858202
0 0.0177379
0 0.0096712
0 0.0070479
0 0.00989223
0 0.00436517
0 0.0204089
0 0.0163142
0 0.0245174
0 0.0309471
0 0.0123612
0 0.0192643
0 0.0378046
0 0.0240092
0 0.0511786
0 0.0647034
0 0.0168545
0 0.0734854
0 0.140495
0 0.00631329
0 0.00648053
0 0.0381755
0 0.00496148
0 0.00974201
0 0.0308177
0 0.0496209
0 0.0250664
0 0.0224862
0 0.013432
0 0.0387939
0 0.00319432
0 0.00070355
0 0.0313052
0 0.0651996
0 0.0154801
0 0.0121251
0 0.0248981
0 0.0431914
0 0.0728481
0 0.0422765
0 0.118571
0 0.0114766
0 0.00310907
0 0.0156661
0 0.0679293
0 0.00724112
0 0.0821999
0 0.0492971
0 0.0361709
0 0.0168739
0 0.0137452
0 0.0173597
0 0.0104195
0 0.0260137
0 0.00471322
0 0.0374859
0 0.0151402
0 0.055928
0 0.0104669
0 0.0183194
0 0.0201064
0 0.00600784
0 0.0242117
0 0.0179555
0 0.0239779
0 0.042376
0 0.0488681
0 0.0367525
0 0.0533993
0 0.0232897
0 0.005785
0 0.00767826
0 0.0565206
0 0.0104898
0 0.0261064
0 0.0264563
0 0.070032
0 0.0382791
0 0.0310768
0 0.0226765
0 0.0108815
0 0.00793375
0 0.00566299
0 0.00728834
0 0.0217122
0 0.0605306
0 0.0331453
0 0.0228107
0 0.0374171
0 0.0354609
0 0.00658829
0 0.0378432
0 0.0663324
0 0.027018
0 0.0264514
0 0.0391421
0 0.0494144
0 0.0381341
0 0.0306886
0 0.0311325
0 0.0113454
0 0.0626814
0 0.051059
0 0.0281368
0 0.0395911
0 0.0321856
0 0.0353359
0 0.0375743
0 0.0365216
0 0.00487316
0 0.0255327
0 0.0703422
0 0.0182858
0 0.0259816
0 0.0302557
0 0.0204854
0 0.0338715
0 0.0214149
0 0.0245729
0 0.0118432
0 0.00874982
0 0.0269888
0 0.0258733
0 0.0259991
0 0.0181187
0 0.159507
0 0.0237274
0 0.0419213
0 0.129109
0 0.00506147
0 0.0368162
0 0.015637
0 0.026692
0 0.0098774
0 0.0245066
0 0.0550723
0 0.0254524
0 0.029682
0 0.0306294
0 0.082234
0 0.0225225
0 0.00988164
0 0.0249241
0 0.0407258
0 0.117246
0 0.0665836
0 0.0130781
0 0.106327
0 0.0126883
0 0.0685424
0 0.0420716
0 0.0593565
0 0.0106495
0 0.0164282
0 0.053525
0 0.0123513
0 0.101056
0 0.0123448
0 0.0259571
0 0.0531007
0 0.025653
0 0.011064
0 0.0349513
0 0.0239183
0 0.0426558
0 0.0073413
0 0.0289894
0 0.0515704
0 0.0218811
0 0.0288779
0 0.0211899
0 0.00632825
0 0.0179028
0 0.00980384
0 0.0411978
0 0.00779773
0 0.0116268
0 0.0393461
0 0.106308
0 0.0684654
0 0.0216669
0 0.0245523
0 0.0561775
0 0.0427206
0 0.0446084
0 0.00639514
0 0.0272106
0 0.0508036
0 0.0137114
0 0.102272
0 0.0100667
0 0.122147
0 0.0403103
0 0.00796553
0 0.0335601
0 0.125143
0 0.00865605
0 0.101045
0 0.0256321
0 0.0101129
0 0.0332319
0 0.00889393
0 0.0106499
0 0.0132128
0 0.0258561
0 0.0288268
0 0.0102799
0 0.0105706
0 0.0476434
0 0.030191
0 0.0216696
0 0.0482434
0 0.0070467
0 0.0384419
0 0.0598625
0 0.04347
0 0.0764851
0 0.0355991
0 0.0499922
0 0.0376728
0 0.0867019
0 0.107218
0 0.0567723
0 0.019615
0 0.0443477
0 0.0117344
0 0.00992881
0 0.00940963
0 0.0250782
0 0.0531537
0 0.074235
0 0.0788561
0 0.0546657
0 0.00402821
0 0.0061364
0 0.0513513
0 0.0358069
0 0.0149748
0 0.0408935
0 0.0176294
0 0.00259275
0 0.0459427
0 0.0111225
0 0.00800051
0 0.087947
0 0.00175621
0 0.0056301
0 0.044037
0 0.0126551
0 0.0210619
0 0.00560538
0 0.02089
0 0.00686134
0 0.00345954
0 0.00437877
0 0.0232062
0 0.110396
0 0.0583967
0 0.003811
0 0.00983584
0 0.0575704
0 0.0261754
0 0.0325917
0 0.0711769
0 0.0382532
0 0.00649556
0 0.0922673
0 0.0204829
0 0.0530204
0 0.00763367
0 0.0919568
0 0.052776
0 0.0440498
0 0.0236283
0 0.0398282
0 0.0433837
0 0.0409365
0 0.0496683
0 0.0427283
0 0.0251317
0 0.059222
0 0.0711311
0 0.0423911
0 0.0844855
0 0.0608045
0 0.0617436
0 0.00856376
0 0.0622622
0 0.0318814
0 0.0659722
0 0.0890211
0 0.0077136
0 0.00816294
0 0.0569681
0 0.0341945
0 0.0178427
0 0.0221213
0 0.0479443
0 0.0158075
0 0.0178176
0 0.0157452
0 0.107893
0 0.0547981
0 0.0323588
0 0.00557038
0 0.049454
0 0.0320684
0 0.0618158
0 0.016515
0 0.0793889
0 0.0145077
0 0.0376813
0 0.0312209
0 0.164315
0 0.0454915
0 0.0233541
0 0.00556444
0 0.0203634
0 0.0212195
0 0.0164367
0 0.0996871
0 0.00271767
0 0.00706496
0 0.0294208
0 0.0760487
0 0.0461303
0 0.0548067
0 0.0615501
0 0.0152554
0 0.021738
0 0.0584613
0 0.0292596
0 0.0221003
0 0.0517952
0 0.0593057
0 0.0636128
0 0.0295885
0 0.0188385
0 0.0169632
0 0.079043
0 0.00416572
0 0.0148979
0 0.0208498
0 0.0100952
0 0.00659421
0 0.0237783
0 0.0138928
0 0.0354246
0 0.0450529
0 0.0149242
0 0.0566643
0 0.0303763
0 0.0151645
0 0.0803933
0 0.0400563
0 0.0255848
0 0.00497917
0 0.0287448
0 0.0265966
0 0.00215187
0 0.00364277
0 0.0197368
0 0.0507611
0 0.103088
0 0.0150521
0 0.0587458
0 0.0135935
0 0.0240645
0 0.207021
0 0.054676
0 0.0886401
0 0.00173091
0 0.0140715
0 0.0110333
0 0.0104649
0 0.00637762
0 0.0322089
0 0.0272708
0 0.0312969
0 0.00382236
0 0.0947559
0 0.0399469
0 0.0048393
0 0.0256653
0 0.0455846
0 0.0163766
0 0.0426282
0 0.00216041
0 0.014929
0 0.0263157
0 0.0400508
0 0.119695
0 0.0531667
0 0.056592
0 0.0421353
0 0.000695559
0 0.116627
0 0.0353884
0 0.122252
0 0.00324317
0 0.0617375
0 0.0465497
0 0.00584858
0 0.0353555
0 0.0197489
0 0.00505658
0 0.0438503
0 0.0389898
0 0.0261741
0 0.0221131
0 0.0191425
0 0.00723424
0 0.011626
0 0.0187959
0 0.00643414
0 0.0171418
0 0.0756072
0 0.00536011
0 0.11247
0 0.077858
0 0.00553484
0 0.0130861
0 0.0555509
0 0.0286648
0 0.223213
0 0.0472984
0 0.0374258
0 0.0668623
0 0.0274992
0 0.0555701
0 0.0487383
0 0.000374959
0 0.0173487
0 0.0418102
0 0.0274043
0 0.00855435
0 0.0549275
0 0.0179899
0 0.035463
0 0.0229664
0 0.0496929
0 0.0308457
0 0.029287
0 0.0460006
0 0.00952483
0 0.00632169
0 0.0314717
0 0.00517935
0 0.0984799
0 0.0416363
0 0.0169497
0 0.00795916
0 0.0303036
0 0.0346198
0 0.00851939
0 0.00374631
0 0.0151771
0 0.0591109
0 0.0181142
0 0.0538392
0 0.00640115
0 0.0285094
0 0.0236712
0 0.0314517
0 0.068732
0 0.122861
0 0.0358623
0 0.00874083
0 0.0245903
0 0.0512014
0 0.0527992
0 0.023512
0 0.0445668
0 0.0177892
0 0.0291419
0 0.0541255
0 0.00477525
0 0.0121751
0 0.0218456
0 0.0221705
0 0.026819
0 0.0406188
0 0.0405331
0 0.0533931
0 0.046001
0 0.0454202
0 0.0290716
0 0.0355385
0 0.0883618
0 0.00537115
0 0.0304386
0 0.0424557
0 0.00644784
0 0.0139831
0 0.0613558
0 0.0471544
0 0.0849098
0 0.0304484
0 0.0501516
0 0.0141431
0 0.0242523
0 0.0174781
0 0.00605159
0 0.0415994
0 0.00276754
0 0.11061
0 0.0237444
0 0.0498973
0 0.0269792
0 0.0794127
0 0.0224693
0 0.0229806
0 0.0712438
0 0.0364333
0 0.00309556
0 0.0128351
0 0.11391
0 0.0119108
0 0.0486221
0 0.137787
0 0.0106574
0 0.0857899
0 0.022385
0 0.0734998
0 0.0472243
0 0.0415569
0 0.0571012
0 0.0158711
0 0.0463122
0 0.0202998
0 0.00568546
0 0.0436896
0 0.0095677
0 0.00706571
0 0.0333457
0 0.120351
0 0.0144798
0 0.0373099
0 0.0784187
0 0.0649282
0 0.0125369
0 0.10175
0 0.0543289
0 0.0320372
0 0.0876971
0 0.0381305
0 0.101226
0 0.0705423
0 0.00813516
0 0.0204735
0 0.0291654
0 0.0633222
0 0.0296574
0 0.0178616
0 0.00498456
0 0.160339
0 0.00753971
0 0.0256168
0 0.0301881
0 0.0611585
0 0.0388646
0 0.0106043
0 0.00528239
0 0.0469861
0 0.0594155
0 0.00338999
0 0.0381333
0 0.00541771
0 0.0366088
0 0.021614
0 0.0357148
0 0.0530414
0 0.0528299
0 0.0129798
0 0.0204573
0 0.0211622
0 0.0770435
0 0.0171585
0 0.0634335
0 0.0284289
0 0.0425856
0 0.0286901
0 0.0287383
0 0.0270594
0 0.00493907
0 0.0674388
0 0.0177412
0 0.0291945
0 0.109702
0 0.0125032
0 0.0248271
0 0.10732
0 0.00456354
0 0.0176386
0 0.0405153
0 0.0250541
0 0.0396742
0 0.0896366
0 0.0278761
0 0.0146449
0 0.0208437
0 0.0358161
0 0.0196227
0 0.0430845
0 0.00538221
0 0.0276613
0 0.023628
0 0.0148008
0 0.0286562
0 0.0659865
0 0.0236446
0 0.016632
0 0.031698
0 0.00591093
0 0.0530132
0 0.0104413
0 0.0228528
0 0.0578392
0 0.0171403
0 0.0195253
0 0.077528
0 0.0108513
0 0.0646614
0 0.0225806
0 0.0233486
0 0.0355165
0 0.0317963
0 0.0225225
0 0.0169682
0 0.0374241
0 0.00567821
0 0.0872022
0 0.0156822
0 0.0184131
0 0.0444144
0 0.0645245
0 0.00236981
0 0.0130404
0 0.0113109
0 0.0189513
0 0.124526
0 0.0702194
0 0.0331508
0 0.0635857
0 0.0753764
0 0.0295232
0 0.0276758
0 0.00867421
0 0.00368953
0 0.0130496
0 0.0759744
0 0.0347198
0 0.00148101
0 0.070918
0 0.0237968
0 0.115141
0 0.0256705
0 0.0582973
0 0.0689092
0 0.0313463
0 0.00636572
0 0.0135856
0 0.00798402
0 0.0313159
0 0.055662
0 0.0296352
0 0.0741096
0 0.102453
0 0.0685902
0 0.0673544
0 0.10122
0 0.0103287
0 0.0145529
0 0.0693506
0 0.0112308
0 0.0220748
0 0.04997
0 0.121928
0 0.117202
0 0.0579962
0 0.00792014
0 0.0384173
0 0.023801
0 0.00442488
0 0.0097226
0 0.049692
0 0.0739368
0 0.00511977
0 0.0465288
0 0.0347253
0 0.00688767
0 0.0245342
0 0.0114115
0 0.106041
0 0.0482813
0 0.0392866
0 0.0511169
0 0.000413624
0 0.0524173
0 0.00369063
0 0.0363307
0 0.00638105
0 0.0107644
0 0.0354344
0 0.0367055
0 0.0230352
0 0.0166109
0 0.0373888
0 0.0441229
0 0.0163451
0 0.00547076
0 0.0134722
0 0.094728
0 0.0398584
0 0.0149613
0 0.00343117
0 0.0596202
0 0.0666086
0 0.0598329
0 0.0187786
0 0.0850189
0 0.0264309
0 0.0122569
0 0.0254889
0 0.0360251
0 0.0178602
0 0.0169815
0 0.0486674
0 0.0178492
0 0.0316213
0 0.0258599
0 0.0102819
0 0.00981653
0 0.005946
0 0.0170725
0 0.109367
0 0.023601
0 0.00609018
0 0.0254969
0 0.0204391
0 0.0119785
0 0.0165073
0 0.0677187
0 0.0110501
0 0.0375676
0 0.10036
0 0.0245145
0 0.0144563
0 0.0351987
0 0.0855545
0 0.0362103
0 0.0592519
0 0.0142693
0 0.0197699
0 0.0280117
0 0.0954711
0 0.0283982
0 0.0876861
0 0.011101
0 0.0266613
0 0.0144493
0 0.0598008
0 0.0294115
0 0.0335305
0 0.0730005
0 0.0215569
0 0.0432829
0 0.0141868
0 0.0266236
0 0.0163984
0 0.0527188
0 0.0260684
0 0.0146409
0 0.152078
0 0.015253
0 0.0573386
0 0.0258252
0 0.0821498
0 0.171209
0 0.0427032
0 0.0552574
0 0.0404401
0 0.0109074
0 0.024615
0 0.0633479
0 0.0183323
0 0.0283525
0 0.0248035
0 0.0390693
0 0.0376911
0 0.0930058
0 0.0581061
0 0.00922996
0 0.0177555
0 0.0735308
0 0.0132361
0 0.0153302
0 0.0190385
0 0.0690784
0 0.0381972
0 0.0359035
0 0.0119608
0 0.0195489
0 0.0330882
0 0.0136654
0 0.0399582
0 0.0254277
0 0.00734751
0 0.0114774
0 0.140425
0 0.0169358
0 0.0167738
0 0.165397
0 0.0233383
0 0.0389106
0 0.00173895
0 0.0592651
0 0.0404384
0 0.0384514
0 0.0407229
0 0.0953669
0 0.0107919
0 0.0255932
0 0.015718
0 0.0612691
0 0.0509215
0 0.00555775
0 0.0956631
0 0.0157395
0 0.011657
0 0.0113604
0 0.0243125
0 0.0443297
0 0.0320512
0 0.0404014
0 0.0292937
0 0.0195657
0 0.0252117
0 0.0388572
0 0.0415222
0 0.0665732
0 0.00502126
0 0.125588
0 0.0356316
0 0.0281718
0 0.0679688
0 0.0260123
0 0.0356783
0 0.0128855
0 0.0518749
0 0.00924436
0 0.00829139
0 0.0705692
0 0.0565151
0 0.0935018
0 0.0107242
0 0.0499182
0 0.0342212
0 0.0199588
0 0.0624658
0 0.00417218
0 0.0541127
0 0.0622708
0 0.0562562
0 0.012411
0 0.0376491
0 0.0458319
0 0.0106222
0 0.138829
0 0.0649069
0 0.0288495
0 0.0215969
0 0.00256869
0 0.0301006
0 0.0296411
0 0.0628586
0 0.0443166
0 0.00957702
0 0.0167089
0 0.0376695
0 0.011886
0 0.0906357
0 0.0383137
0 0.0659586
0 0.0648477
0 0.00361541
0 0.0253693
0 0.0304113
0 0.102636
0 0.0140646
0 0.0707826
0 0.0496261
0 0.0239518
0 0.0452086
0 0.00331178
0 0.0540371
0 0.0331173
0 0.0376489
0 0.0239204
0 0.0109042
0 0.00874385
0 0.0283467
0 0.0240281
0 0.0154083
0 0.0406484
0 0.038586
0 0.0137927
0 0.0374314
0 0.0336597
0 0.0281595
0 0.0107508
0 0.0501366
0 0.00968271
0 0.0168392
0 0.00333523
0 0.0615423
0 0.0482934
0 0.00791242
0 0.00501225
0 0.0601559
0 0.0451038
0 0.0482046
0 0.0226575
0 0.0476216
0 0.0159387
0 0.00912625
0 0.0544692
0 0.0160637
0 0.0501595
0 0.0598961
0 0.0645411
0 0.00860297
0 0.0696439
0 0.0562283
0 0.0938157
0 0.0121737
0 0.0336048
0 0.011032
0 0.00560541
0 0.0183868
0 0.0388828
0 0.0149761
0 0.0790664
0 0.0192382
0 0.0731804
0 0.00538241
0 0.00664235
0 0.112791
0 0.0398253
0 0.172439
0 0.00292832
0 0.0238584
0 0.0189586
0 0.0062629
0 0.00237427
0 0.0238197
0 0.0272345
0 0.101701
0 0.0344781
0 0.0231003
0 0.0381542
0 0.0227789
0 0.0262831
0 0.0352326
0 0.00315631
0 0.0176484
0 0.0477884
0 0.0602068
0 0.0435008
0 0.0378403
0 0.0253174
0 0.0254657
0 0.0876807
0 0.0468353
0 0.0683418
0 0.00299234
0 0.0107844
0 0.0553188
0 0.0605771
0 0.00607805
0 0.00841945
0 0.082628
0 0.0990241
0 0.0598326
0 0.0141872
0 0.0218836
0 0.0695739
0 0.0164385
0 0.0930173
0 0.0114381
0 0.0142439
0 0.0201501
0 0.0443194
0 0.0258073
0 0.00159818
0 0.0163658
0 0.0496617
0 0.059839
0 0.0336432
0 0.0324385
0 0.00683789
0 0.0118183
0 0.0101788
0 0.0144057
0 0.0269514
0 0.0243039
0 0.0642411
0 0.0282909
0 0.0823239
0 0.0953004
0 0.000728275
0 0.0341809
0 0.0162376
0 0.0861243
0 0.00905785
0 0.015126
0 0.099862
0 0.0380312
0 0.0692086
0 0.0124544
0 0.0223605
0 0.0172009
0 0.00273317
0 0.0288252
0 0.0509196
0 0.0217692
0 0.0120092
0 0.0210262
0 0.0181653
0 0.0529384
0 0.03967
0 0.111664
0 0.00512774
0 0.0294253
0 0.0484496
0 0.0360761
0 0.0257519
0 0.0754276
0 0.0559336
0 0.010835
0 0.140222
0 0.139048
0 0.0613799
0 0.0408833
0 0.011278
0 0.0517859
0 0.0112723
0 0.0982576
0 0.0317982
0 0.00995578
0 0.0232653
0 0.0362281
0 0.0470596
0 0.029266
0 0.0476714
0 0.0715011
0 0.00959976
0 0.00996083
0 0.0278782
0 0.0312044
0 0.0861859
0 0.0409046
0 0.00777113
0 0.0558608
0 0.0764119
0 0.077465
0 0.0416066
0 0.0289514
0 0.0103362
0 0.0852159
0 0.00902195
0 0.0266871
0 0.00306903
0 0.0229855
0 0.047113
0 0.0129449
0 0.0106951
0 0.0206162
0 0.0424702
0 0.041284
0 0.0222059
0 0.00553933
0 0.0616742
0 0.1815
0 0.021741
0 0.0245063
0 0.0215548
0 0.0585189
0 0.0633176
0 0.0485549
0 0.00587597
0 0.0394507
0 0.0319002
0 0.0212547
0 0.0181662
0 0.0070653
0 0.0646176
0 0.0234592
0 0.0296105
0 0.0634276
0 0.0672644
0 0.0124682
0 0.0118342
0 0.0255251
0 0.070396
0 0.0277343
0 0.00979653
0 0.0351094
0 0.0614455
0 0.0706936
0 0.00781827
0 0.0445866
0 0.0182246
0 0.0450604
0 0.102876
0 0.0209009
0 0.0448453
0 0.0316656
0 0.113566
0 0.0508608
0 0.0937989
0 0.0104629
0 0.00511827
0 0.0347047
0 0.0621539
0 0.0262211
0 0.0501796
0 0.0178678
0 0.00566193
0 0.0274645
0 0.00453074
0 0.0355497
0 0.0340072
0 0.0223706
0 0.0176496
0 0.0106387
0 0.0836695
0 0.130502
0 0.0442663
0 0.00574709
0 0.0549847
0 0.0261375
0 0.0676166
0 0.0182731
0 0.0470882
0 0.0880955
0 0.0119513
0 0.0612012
0 0.0198263
0 0.0156776
0 0.00487092
0 0.0631181
0 0.0238591
0 0.0293083
0 0.102348
0 0.0049638
0 0.00151028
0 0.0096706
0 0.0592354
0 0.0121792
0 0.0206914
0 0.0219651
0 0.0178454
0 0.0184251
0 0.0163939
0 0.0440934
0 0.0299724
0 0.00628169
0 0.0465784
0 0.0387207
0 0.0155782
0 0.154262
0 0.115199
0 0.0397383
0 0.0154625
0 0.00252933
0 0.0452796
0 0.00918856
0 0.0269843
0 0.0292862
0 0.00829547
0 0.0258779
0 0.0166378
0 0.190174
0 0.006112
0 0.0381306
0 0.0487172
0 0.0953762
0 0.0539064
0 0.0268457
0 0.0106756
0 0.12264
0 0.0882869
0 0.00683589
0 0.0120199
0 0.00918865
0 0.0517764
0 0.0294575
0 0.0627624
0 0.0882263
0 0.0156767
0 0.0373088
0 0.0583532
0 0.0148049
0 0.0216262
0 0.0861978
0 0.0263631
0 0.0718069
0 0.0296587
0 0.0466641
0 0.00675842
0 0.0070847
0 0.0700428
0 0.0296867
0 0.0100765
0 0.0132918
0 0.0660048
0 0.00276548
0 0.0377086
0 0.0379398
0 0.136303
0 0.0219249
0 0.0430621
0 0.0673069
0 0.0746435
0 0.00286215
0 0.00325748
0 0.0839001
0 0.00958157
0 0.0157454
0 0.0154672
0 0.0581239
0 0.160575
0 0.0138641
0 0.0722709
0 0.0217698
0 0.00381637
0 0.0731391
0 0.130937
0 0.0291679
0 0.0556855
0 0.157144
0 0.0492265
0 0.0684519
0 0.0450044
0 0.0326867
0 0.106254
0 0.02561
0 0.00759614
0 0.0232308
0 0.0239089
0 0.01942
0 0.026106
0 0.0395768
0 0.0491608
0 0.034112
0 0.0453781
0 0.00688817
0 0.00894365
0 0.0127943
0 0.0519203
0 0.0343877
0 0.0496635
0 0.00468546
0 0.0489213
0 0.0799902
0 0.0353046
0 0.0277811
0 0.0370173
0 0.0439976
0 0.0308202
0 0.0724171
0 0.0341482
0 0.0292684
0 0.0304346
0 0.072004
0 0.015781
0 0.0212585
0 0.0232527
0 0.068338
0 0.0110344
0 0.15207
0 0.00322747
0 0.0294083
0 0.00531307
0 0.047107
0 0.127517
0 0.0196521
0 0.0234914
0 0.0362104
0 0.0130464
0 0.00796622
0 0.0501973
0 0.0238394
0 0.0504541
0 0.0444234
0 0.00414206
0 0.0503833
0 0.0365363
0 0.0503918
0 0.0190533
0 0.0316734
0 0.0268245
0 0.0188147
0 0.0121081
0 0.0367413
0 0.0511507
0 0.0200662
0 0.0846138
0 0.134251
0 0.0354948
0 0.044264
0 0.0221759
0 0.0392549
0 0.0197971
0 0.0298838
0 0.01607
0 0.037256
0 0.0492451
0 0.00861191
0 0.109472
0 0.0136862
0 0.0437998
0 0.068622
0 0.0692202
0 0.0219428
0 0.0375117
0 0.0629402
0 0.0190248
0 0.00342379
0 0.020431
0 0.0151915
0 0.0107822
0 0.0306296
0 0.0390743
0 0.0708394
0 0.0191323
0 0.0970898
0 0.0113873
0 0.0355935
0 0.0316599
0 0.0113986
0 0.0275862
0 0.0281848
0 0.043356
0 0.0117013
0 0.0895587
0 0.0919244
0 0.00715846
0 0.0398504
0 0.0153535
0 0.0289657
0 0.0157829
0 0.0334338
0 0.0693249
0 0.0260913
0 0.0106407
0 0.038774
0 0.023409
0 0.00205632
0 0.0286897
0 0.0506198
0 0.019804
0 0.0278928
0 0.0442572
0 0.0416906
0 0.0680215
0 0.039329
0 0.00877904
0 0.140607
0 0.0237358
0 0.0959148
0 0.0260792
0 0.141991
0 0.0508328
0 0.0347401
0 0.00924295
0 0.0990433
0 0.0627422
0 0.0250039
0 0.00449393
0 0.123124
0 0.104207
0 0.0322576
0 0.0535166
0 0.0155372
0 0.0106788
0 0.0269609
0 0.0133433
0 0.0423183
0 0.0516673
0 0.0230454
0 0.043215
0 0.00098421
0 0.0347512
0 0.030742
0 0.00296078
0 0.02475
0 0.0376842
0 0.0270646
0 0.0328796
0 0.00896314
0 0.0153112
0 0.0568308
0 0.00298928
0 0.0805188
0 0.0657003
0 0.00752117
0 0.00894129
0 0.00950569
0 0.0673609
0 0.0286118
0 0.0292268
0 0.100553
0 0.0418796
0 0.0267625
0 0.0351912
0 0.0315148
0 0.0429717
0 0.00226311
0 0.10236
0 0.0486015
0 0.0485824
0 0.0338645
0 0.0448384
0 0.0434042
0 0.0342989
0 0.0442169
0 0.1107
0 0.0567595
0 0.0641042
0 0.0408847
0 0.0251153
0 0.0137799
0 0.00238962
0 0.100821
0 0.0194091
0 0.0255286
0 0.0243269
0 0.0634108
0 0.0237082
0 0.000571482
0 0.0220942
0 0.00415333
0 0.0302996
0 0.0734582
0 0.0510728
0 0.0353283
0 0.0119739
0 0.00501689
0 0.00718651
0 0.0183123
0 0.0483745
0 0.0137724
0 0.137558
0 0.0961958
0 0.00887858
0 0.0626616
0 0.00586625
0 0.0127636
0 0.0286045
0 0.00186815
0 0.00859661
0 0.0244977
0 0.0122713
0 0.0563499
0 0.138025
0 0.0204898
0 0.0404156
0 0.0801575
0 0.00359199
0 0.0445558
0 0.0394024
0 0.020631
0 0.00691118
0 0.0151793
0 0.0333914
0 0.0489149
0 0.0997333
0 0.0796937
0 0.0260694
0 0.0159665
0 0.0652836
0 0.00189621
0 0.0179566
0 0.0235837
0 0.033307
0 0.0896016
0 0.0158342
0 0.00873365
0 0.0795689
0 0.0256134
0 0.00493345
0 0.00199353
0 0.0222261
0 0.019021
0 0.0438294
0 0.0212876
0 0.0594886
0 0.0240174
0 0.00274146
0 0.0355838
0 0.0136303
0 0.027079
0 0.0299605
0 0.0115481
0 0.0322559
0 0.0414294
0 0.0484471
0 0.0669969
0 0.100865
0 0.0382922
0 0.00822499
0 0.0160097
0 0.172375
0 0.0778983
0 0.0456413
0 0.00658817
0 0.077397
0 0.026332
0 0.0318724
0 0.0475345
0 0.106137
0 0.0252041
0 0.0406304
0 0.00412809
0 0.0454384
0 0.0172315
0 0.0695426
0 0.0207738
0 0.00249032
0 0.0221159
0 0.0444496
0 0.00121556
0 0.00959145
0 0.00255614
0 0.0856098
0 0.0320607
0 0.0459014
0 0.0527492
0 0.00725352
0 0.0400082
0 0.00976447
0 0.00663571
0 0.0448725
0 0.0336743
0 0.0326146
0 0.0389477
0 0.0348047
0 0.0294047
0 0.0190442
0 0.058841
0 0.017691
0 0.0124305
0 0.0188661
0 0.0730678
0 0.00419337
0 0.0221182
0 0.0367327
0 0.0329245
0 0.110426
0 0.09547
0 0.0188651
0 0.00711781
0 0.0124202
0 0.0253462
0 0.045014
0 0.0301611
0 0.0670255
0 0.00651689
0 0.0136351
0 0.0517677
0 0.0251664
0 0.0213761
0 0.0165078
0 0.00649409
0 0.0346916
0 0.0258711
0 0.00383542
0 0.00824322
0 0.00390605
0 0.0312715
0 0.0316018
0 0.00176844
0 0.0079644
0 0.0302917
0 0.0562982
0 0.0130702
0 0.0642491
0 0.0472536
0 0.0901028
0 0.0084997
0 0.0374385
0 0.0845836
0 0.00048159
0 0.0574583
0 0.0680004
0 0.0296447
0 0.0103118
0 0.0246187
0 0.0292331
0 0.0914367
0 0.0165847
0 0.0087328
0 0.0393005
0 0.0411482
0 0.00291736
0 0.00218345
0 0.0696258
0 0.00317981
0 0.0349022
0 0.0295293
0 0.00482194
0 0.0482654
0 0.0666945
0 0.0229611
0 0.0484607
0 0.00970561
0 0.0174797
0 0.0470338
0 0.0277391
0 0.0270718
0 0.0182052
0 0.0193299
0 0.00805214
0 0.0148945
0 0.000849421
0 0.0372468
0 0.0271615
0 0.0107557
0 0.0169826
0 0.0243449
0 0.0398413
0 0.0231808
0 0.0130615
0 0.0998572
0 0.0183257
0 0.0637534
0 0.0494235
0 0.00804668
0 0.013484
0 0.0194339
0 0.0361923
0 0.0483139
0 0.0353037
0 0.0437889
0 0.0127829
0 0.0559187
0 0.0206794
0 0.115924
0 0.00838138
0 0.0395981
0 0.024913
0 0.00370885
0 0.0358767
0 0.0242963
0 0.0633438
0 0.0388055
0 0.0344051
0 0.0238529
0 0.027296
0 0.021426
0 0.00981212
0 0.00469156
0 0.0172256
0 0.0228079
0 0.0386401
0 0.0669447
0 0.0352932
0 0.00562292
0 0.111479
0 0.0640608
0 0.0275471
0 0.010621
0 0.0175545
0 0.0520071
0 0.0354659
0 0.0138946
0 0.0552061
0 0.0523727
0 0.0804179
0 0.000160896
0 0.0352891
0 0.0252058
0 0.0541075
0 0.0218898
0 0.145782
0 0.0229592
0 0.0480797
0 0.0306661
0 0.0568731
0 0.00713333
0 0.0249693
0 0.0603184
0 0.00883928
0 0.0951632
0 0.00479411
0 0.00786806
0 0.0481986
0 0.0181059
0 0.0721001
0 0.0159294
0 0.0161293
0 0.0247803
0 0.020377
0 0.0185705
0 0.0407864
0 0.0175487
0 0.0489674
0 0.0230165
0 0.0633169
0 0.0185058
0 0.00840796
0 0.0133097
0 0.0567058
0 0.0218711
0 0.00305494
0 0.0170359
0 0.0531507
0 0.00301583
0 0.0139121
0 0.0337913
0 0.00287674
0 0.0132382
0 0.054565
0 0.0169212
0 0.0596847
0 0.0174627
0 0.0466063
0 0.0163223
0 0.0120875
0 0.0213049
0 0.0634462
0 0.000204389
0 0.038455
0 0.00127693
0 0.0522128
0 0.00789732
0 0.0210944
0 0.0180153
0 0.00680029
0 0.0486661
0 0.0664152
0 0.0136553
0 0.0736578
0 0.0654706
0 0.0618099
0 0.133407
0 0.0405354
0 0.03421
0 0.0196373
0 0.0717432
0 0.00730663
0 0.0213934
0 0.0251999
0 0.0248139
0 0.051254
0 0.0536079
0 0.0212694
0 0.0620027
0 0.0194552
0 0.0439214
0 0.0311577
0 0.0383835
0 0.00460807
0 0.0213252
0 0.0283301
0 0.0387924
0 0.0448902
0 0.035091
0 0.0576983
0 0.0178428
0 0.0132672
0 0.0177939
0 0.105182
0 0.0350571
0 0.0479651
0 0.0094701
0 0.0583505
0 0.00619507
0 0.0410362
0 0.0158224
0 0.0395298
0 0.038719
0 0.057519
0 0.00844202
0 0.0164724
0 0.0480845
0 0.0435214
0 0.0223212
0 0.00564546
0 0.0421056
0 0.0160842
0 0.0893115
0 0.0513744
0 0.0186181
0 0.0484194
0 0.0366267
0 0.107288
0 0.160567
0 0.0172558
0 0.018979
0 0.062573
0 0.0310968
0 0.0498209
0 0.0932394
0 0.0292449
0 0.0252362
0 0.00663545
0 0.00462342
0 0.0117101
0 0.049412
0 0.0964211
0 0.0994478
0 0.0035475
0 0.0753415
0 0.11667
0 0.0289323
0 0.00239637
0 0.0219403
0 0.0224363
0 0.0331979
0 0.0701568
0 0.000925568
0 0.0490839
0 0.0178823
0 0.0181743
0 0.0271165
0 0.0176908
0 0.102616
0 0.023988
0 0.0726656
0 0.0648981
0 0.0055884
0 0.0372828
0 0.0627956
0 0.0242414
0 0.040498
0 0.0258839
0 0.01777
0 0.0750064
0 0.0188474
0 0.0689312
0 0.00136185
0 0.0414077
0 0.00409119
0 0.043807
0 0.0209694
0 0.0152275
0 0.0230618
0 0.0275243
0 0.0225787
0 0.0664686
0 0.0304894
0 0.00375799
0 0.0202376
0 0.0172296
0 0.0531032
0 0.0082854
0 0.0138067
0 0.0220652
0 0.0247474
0 0.0566611
0 0.050683
0 0.0601454
0 0.00898087
0 0.0304746
0 0.0230586
0 0.0215315
0 0.00248579
0 0.00896312
0 0.0572486
0 0.0691324
0 0.00605601
0 0.0435754
0 0.0390074
0 0.03374
0 0.0225249
0 0.0263665
0 0.00584077
0 0.0619148
0 0.0137606
0 0.0303272
0 0.0409031
0 0.00363122
0 0.0177281
0 0.00321332
0 0.0364773
0 0.0728673
0 0.0586688
0 0.0471941
0 0.0232361
0 0.00685291
0 0.00246833
0 0.0325594
0 0.057921
0 0.0324561
0 0.032043
0 0.0489018
0 0.0575589
0 0.0026865
0 0.0359084
0 0.0169861
0 0.0813987
0 0.0590545
0 0.00470454
0 0.00232334
0 0.0771766
0 0.0474263
0 0.00958964
0 0.0212173
0 0.134756
0 0.0410901
0 0.0303092
0 0.0133711
0 0.0161269
0 0.0429419
0 0.0746729
0 0.033196
0 0.00679033
0 0.0341922
0 0.0500611
0 0.0676788
0 0.0581816
0 0.0527138
0 0.00731526
0 0.0790503
0 0.0151708
0 0.0578737
0 0.00979429
0 0.011325
0 0.0445793
0 0.0361394
0 0.00636382
0 0.0331639
0 0.0575293
0 0.0484851
0 0.00826687
0 0.0086466
0 0.0142574
0 0.00062571
0 0.0252102
0 0.0300696
0 0.056489
0 0.0162704
0 0.0171895
0 0.0939157
0 0.0562722
0 0.00382216
0 0.0425081
0 0.00469079
0 0.0215629
0 0.0266075
0 0.00897973
0 0.00780015
0 0.046722
0 0.0552773
0 0.0277096
0 0.0394467
0 0.0159512
0 0.021227
0 0.00396687
0 0.0255517
0 0.0253662
0 0.0234853
0 0.0301541
0 0.0283934
0 0.0191375
0 0.0350444
0 0.0534829
0 0.0130091
0 0.0248871
0 0.00494853
0 0.0112796
0 0.0286301
0 0.0195106
0 0.049517
0 0.0965019
0 0.0569553
0 0.0720269
0 0.0601253
0 0.0110202
0 0.00781695
0 0.147302
0 0.0741338
0 0.0317749
0 0.0155428
0 0.0409072
0 0.0153436
0 0.123693
0 0.0382905
0 0.0296004
0 0.027588
0 0.0445603
0 0.035066
0 0.00433449
0 0.0448755
0 0.0269431
0 0.0479349
0 0.0163695
0 0.0352901
0 0.0488803
0 0.0346932
0 0.0167067
0 0.043151
0 0.0265813
0 0.0475538
0 0.0509716
0 0.0772717
0 0.00646423
0 0.0238938
0 0.0469129
0 0.0129875
0 0.162427
0 0.0689389
0 0.092356
0 0.0194092
0 0.0235585
0 0.0486484
0 0.0256881
0 0.0629276
0 0.0116093
0 0.00367017
0 0.0177177
0 0.00274122
0 0.0256681
0 0.0112596
0 0.045661
0 0.0487306
0 0.023921
0 0.099212
0 0.0575548
0 0.0269702
0 0.044247
0 0.0211166
0 0.0131435
0 0.0951862
0 0.00097067
0 0.0120021
0 0.0220778
0 0.0137471
0 0.0235842
0 0.0126559
0 0.0134544
0 0.0158938
0 0.0513785
0 0.0331167
0 0.0178577
0 0.00995185
0 0.0150797
0 0.0123381
0 0.0415488
0 0.00960752
0 0.00673939
0 0.0839663
0 0.0268392
0 0.00700184
0 0.048734
0 0.00623199
0 0.0574883
0 0.00360922
0 0.00854082
0 0.0236571
0 0.00581524
0 0.0290977
0 0.0475965
0 0.0348609
0 0.0618997
0 0.0281534
0 0.0355289
0 0.0393048
0 0.0469845
0 0.0217031
0 0.0139111
0 0.0448546
0 0.0990308
0 0.0319641
0 0.056259
0 0.041337
0 0.0395592
0 0.0314591
0 0.0768296
0 0.0489583
0 0.00938319
0 0.05786
0 0.00881067
0 0.00679596
0 0.033529
0 0.085737
0 0.0152355
0 0.0813554
0 0.0234303
0 0.00881099
0 0.0868377
0 0.0264656
0 0.0272352
0 0.0180795
0 0.0333679
0 0.023699
0 0.0464117
0 0.0300507
0 0.00603577
0 0.0849238
0 0.0645109
0 0.0647147
0 0.0190802
0 0.0208644
0 0.0497786
0 0.0733264
0 0.027202
0 0.0112224
0 0.0311561
0 0.0106698
0 0.0322053
0 0.00796036
0 0.0197202
0 0.0512307
0 0.0365484
0 0.000720683
0 0.0516499
0 0.0759816
0 0.00385759
0 0.0392907
0 0.0144772
0 0.00633145
0 0.0555951
0 0.034155
0 0.0477386
0 0.058304
0 0.0993776
0 0.111859
0 0.0583635
0 0.0641271
0 0.0337835
0 0.0167057
0 0.131419
0 0.0202151
0 0.0534962
0 0.0211856
0 0.0295501
0 0.0715707
0 0.0857489
0 0.0308634
0 0.0290854
0 0.0204612
0 0.0612757
0 0.0283257
0 0.0761191
0 0.0907221
0 0.0345658
0 0.0770456
0 0.0322926
0 0.030227
0 0.0174117
0 0.0233578
0 0.0229745
0 0.0137273
0 0.102794
0 0.00612897
0 0.111208
0 0.00790179
0 0.025243
0 0.00888091
0 0.00916132
0 0.055235
0 0.0424769
0 0.0404395
0 0.0294558
0 0.0161347
0 0.00761336
0 0.0243551
0 0.00603541
0 0.153453
0 0.00316572
0 0.0121559
0 0.0905056
0 0.0381382
0 0.0442683
0 0.110437
0 0.0482176
0 0.0248891
0 0.00973685
0 0.116046
0 0.0543742
0 0.0500013
0 0.0181667
0 0.0691063
0 0.0716834
0 0.0629307
0 0.0380352
0 0.043555
0 0.155589
0 0.0789296
0 0.00106846
0 0.0310697
0 0.041049
0 0.0155602
0 0.110022
0 0.0427213
0 0.0936612
0 0.019935
0 0.0697418
0 0.0149603
0 0.0461647
0 0.0366101
0 0.0400319
0 0.00350483
0 0.00860534
0 0.0459569
0 0.0289765
0 0.0511748
0 0.0271814
0 0.0218951
0 0.0217519
0 0.108027
0 0.0414629
0 0.0431323
0 0.00671936
0 0.0421232
0 0.0256141
0 0.0832344
0 0.120368
0 0.0278501
0 0.01588
0 0.0312903
0 0.00860935
0 0.0373892
0 0.0442872
0 0.00307371
0 0.0254025
0 0.0505764
0 0.050269
0 0.00119473
0 0.0198096
0 0.0245224
0 0.0440919
0 0.112208
0 0.0179205
0 0.0182095
0 0.0227031
0 0.051103
0 0.0243877
0 0.0224207
0 0.0256883
0 0.0144173
0 0.108403
0 0.0127866
0 0.0502098
0 0.0740184
0 0.0449497
0 0.0308693
0 0.0240822
0 0.0113309
0 0.0786103
0 0.00786312
0 0.00347325
0 0.0220382
0 0.0414043
0 0.00164874
0 0.0311339
0 0.0483135
0 0.0687495
0 0.113763
0 0.0788165
0 0.0674435
0 0.0152336
0 0.101542
0 0.0997279
0 0.0226685
0 0.0813214
0 0.0270721
0 0.0467584
0 0.0211813
0 0.0224951
0 0.0212955
0 0.0735109
0 0.0293544
0 0.00657761
0 0.0315209
0 0.0613499
0 0.0315008
0 0.0367516
0 0.0601564
0 0.0270663
0 0.029082
0 0.0381062
0 0.145323
0 0.0455667
0 0.0167393
0 0.0164274
0 0.0179483
0 0.0527597
0 0.0651679
0 0.0481176
0 0.0393435
0 0.0076288
0 0.0636145
0 0.0100363
0 0.153286
0 0.0401831
0 0.0100494
0 0.00996267
0 0.0695141
0 0.0214261
0 0.0421283
0 0.0171794
0 0.0244692
0 0.00530928
0 0.20758
0 0.0324322
0 0.0628797
0 0.0283616
0 0.00408187
0 0.00588783
0 0.069101
0 0.0303597
0 0.0235142
0 0.014108
0 0.0187032
0 0.0203817
0 0.0957013
0 0.0241443
0 0.00201286
0 0.0466886
0 0.0123906
0 0.0263637
0 0.108546
0 0.0486609
0 0.00782193
0 0.0795479
0 0.0618977
0 0.0287702
0 0.0111581
0 0.0418293
0 0.0218792
0 0.0380057
0 0.00814441
0 0.0500799
0 0.0398007
0 0.0504489
0 0.0567258
0 0.0372067
0 0.0513439
0 0.00156192
0 0.0155502
0 0.0723667
0 0.0463137
0 0.036635
0 0.0769729
0 0.0624425
0 0.0554338
0 0.0927971
0 0.0178718
0 0.097164
0 0.00574046
0 0.0208218
0 0.0179298
0 0.15527
0 0.0112245
0 0.00899197
0 0.00868279
0 0.133882
0 0.0500224
0 0.0422568
0 0.0505976
0 0.0482264
0 0.02189
0 0.00904295
0 0.0606298
0 0.0657608
0 0.0819354
0 0.0271243
0 0.0316881
0 0.0793568
0 0.040931
0 0.0368631
0 0.078827
0 0.0485784
0 0.030167
0 0.0601664
0 0.0103604
0 0.0352079
0 0.0442561
0 0.0504127
0 0.0156471
0 0.0241924
0 0.0271573
0 0.0469295
0 0.0191029
0 0.0384433
0 0.184906
0 0.0130955
0 0.110843
0 0.0566159
0 0.109519
0 0.024096
0 0.0320245
0 0.0149162
0 0.0556278
0 0.0352785
0 0.0736981
0 0.024499
0 0.0426696
0 0.0266841
0 0.00855186
0 0.0141639
0 0.0120895
0 0.148656
0 0.0303159
0 0.0349315
0 0.0327142
0 0.00900152
0 0.025987
0 0.0165425
0 0.0548694
0 0.0221038
0 0.00309867
0 0.0108438
0 0.00838442
0 0.0352899
0 0.00928455
0 0.0128565
0 0.0162714
0 0.0317364
0 0.0220422
0 0.019524
0 0.00249302
0 0.0122883
0 0.0310258
0 0.0201464
0 0.0109255
0 0.0684309
0 0.0385481
0 0.0368524
0 0.0501176
0 0.0221801
0 0.0864906
0 0.00229938
0 0.0267974
0 0.113182
0 0.0107259
0 0.0669776
0 0.0405838
0 0.0173126
0 0.048716
0 0.0658991
0 0.0731069
0 0.0394182
0 0.0270482
0 0.0558626
0 0.00755098
0 0.0142732
0 0.066618
0 0.0841357
0 0.023234
0 0.00623119
0 0.0342464
0 0.0369666
0 0.113111
0 0.0700218
0 0.0925322
0 0.047403
0 0.0259202
0 0.0105193
0 0.0201644
0 0.0597451
0 0.0100339
0 0.0620345
0 0.0137707
0 0.0139432
0 0.0753226
0 0.0375442
0 0.0663212
0 0.0334265
0 0.00941851
0 0.0398699
0 0.0397355
0 0.0186174
0 0.0505898
0 0.0130631
0 0.101531
0 0.0394702
0 0.0446186
0 0.0799658
0 0.118684
0 0.0132736
0 0.0199298
0 0.0356174
0 0.0450152
0 0.00422233
0 0.0206325
0 0.0322009
0 0.0722065
0 0.0129753
0 0.141403
0 0.0152163
0 0.0179827
0 0.0411298
0 0.0239455
0 0.0677121
0 0.0433297
0 0.105699
0 0.0490395
0 0.0328573
0 0.00331499
0 0.0102079
0 0.0171334
0 0.0186934
0 0.0290492
0 0.0260536
0 0.0216228
0 0.0374588
0 0.029103
0 0.0606868
0 0.0200802
0 0.0332164
0 0.0126806
0 0.0543698
0 0.0804252
0 0.0168359
0 0.0314041
0 0.00988669
0 0.104736
0 0.0361942
0 0.0221393
0 0.0485523
0 0.0432198
0 0.0151446
0 0.0159999
0 0.015641
0 0.034829
0 0.0131607
0 0.0528174
0 0.0156677
0 0.0717056
0 0.0388483
0 0.0161396
0 0.00236837
0 0.0124446
0 0.00761437
0 0.0195424
0 0.0224065
0 0.0231063
0 0.0635382
0 0.0115415
0 0.0231799
0 0.00918981
0 0.0309055
0 0.0117488
0 0.022526
0 0.0502721
0 0.0330958
0 0.00727246
0 0.0912551
0 0.0296273
0 0.0212876
0 0.0104073
0 0.0577729
0 0.0396204
0 0.0429369
0 0.0144029
0 0.0120721
0 0.0530747
0 0.0317375
0 0.0292552
0 0.0425869
0 0.0844098
0 0.0303495
0 0.0196636
0 0.00947223
0 0.0838691
0 0.0225579
0 0.0238174
0 0.00166405
0 0.0243431
0 0.0188677
0 0.0245501
0 0.0296417
0 0.0514358
0 0.00720729
0 0.101087
0 0.0112576
0 0.0767605
0 0.0497755
0 0.0550059
0 0.113641
0 0.0298915
0 0.0389997
0 0.0544497
0 0.0163359
0 0.033631
0 0.0496209
0 0.0276106
0 0.00948782
0 0.00846038
0 0.0914401
0 0.0308647
0 0.0419791
0 0.0323238
0 0.0959166
0 0.0516374
0 0.0268339
0 0.147109
0 0.0522444
0 0.0498018
0 0.0362581
0 0.038328
0 0.0115484
0 0.0436887
0 0.0448107
0 0.0193424
0 0.104357
0 0.0164182
0 0.00524766
0 0.0108666
0 0.0223209
0 0.0214085
0 0.0476514
0 0.0566007
0 0.0816761
0 0.0704066
0 0.026647
0 0.0219353
0 0.00889386
0 0.0211361
0 0.018117
0 0.0183575
0 0.0193076
0 0.025949
0 0.023261
0 0.0627225
0 0.0169708
0 0.0114001
0 0.00503631
0 0.0496944
0 0.0955249
0 0.0246634
0 0.00191367
0 0.0222902
0 0.00499484
0 0.0192704
0 0.0393211
0 0.0703675
0 0.040157
0 0.0648625
0 0.0474473
0 0.11049
0 0.0239724
0 0.039851
0 0.0112418
0 0.0398114
0 0.0248984
0 0.0183664
0 0.0234049
0 0.0442635
0 0.09372
0 0.0317121
0 0.0145831
0 0.101671
0 0.00943138
0 0.0520903
0 0.0189237
0 0.0371459
0 0.0593267
0 0.022731
0 0.00850438
0 0.0660685
0 0.0604607
0 0.0632418
0 0.0256457
0 0.0149564
0 0.045186
0 0.0513
0 0.00892123
0 0.0293803
0 0.0208087
0 0.0894699
0 0.00336773
0 0.0246105
0 0.0889069
0 0.129207
0 0.0232346
0 0.029342
0 0.00687693
0 0.0482658
0 0.0709835
0 0.0188989
0 0.00659024
0 0.0208102
0 0.0161654
0 0.00985476
0 0.0164385
0 0.0195035
0 0.0150381
0 0.0523112
0 0.0428355
0 0.0876888
0 0.0679258
0 0.0138165
0 0.00194911
0 0.0140483
0 0.0191569
0 0.0186902
0 0.0500946
0 0.0602179
0 0.0194307
0 0.0102978
0 0.0875725
0 0.0199623
0 0.0028056
0 0.0898639
0 0.00153147
0 0.00596009
0 0.0260829
0 0.022203
0 0.00544095
0 0.0758515
0 0.122844
0 0.0874509
0 0.0574477
0 0.039615
0 0.0242005
0 0.0228718
0 0.021841
0 0.0758947
0 0.10072
0 0.0241805
0 0.024909
0 0.0367379
0 0.0131696
0 0.0627248
0 0.0758675
0 0.00429349
0 0.0400191
0 0.0282127
0 0.00505471
0 0.00985899
0 0.0255342
0 0.0146125
0 0.0340838
0 0.111611
0 0.0143515
0 0.121556
0 0.0210412
0 0.107401
0 0.0143579
0 0.0171344
0 0.0221804
0 0.0162547
0 0.0122661
0 0.084575
0 0.0131897
0 0.0301902
0 0.0655235
0 0.049565
0 0.0629284
0 0.0380529
0 0.0306898
0 0.0350566
0 0.0386806
0 0.0207343
0 0.00809649
0 0.0309713
0 0.0141203
0 0.0198355
0 0.189465
0 0.00238339
0 0.0352711
0 0.0159574
0 0.00500271
0 0.0317036
0 0.0132214
0 0.0181076
0 0.0306724
0 0.0781992
0 0.0120465
0 0.0329485
0 0.0960223
0 0.0210013
0 0.0317203
0 0.0957856
0 0.0392257
0 0.036141
0 0.0482635
0 0.0411507
0 0.0386051
0 0.00224984
0 0.00840616
0 0.151792
0 0.034053
0 0.0195051
0 0.0862369
0 0.0264202
0 0.02098
0 0.13741
0 0.0166245
0 0.00621815
0 0.0325333
0 0.0215492
0 0.0827169
0 0.058405
0 0.0503228
0 0.00276532
0 0.0266574
0 0.052374
0 0.0244844
0 0.0164616
0 0.0454611
0 0.0412682
0 0.0376376
0 0.0896192
0 0.0115556
0 0.149733
0 0.0610689
0 0.0179547
0 0.0688237
0 0.0337907
0 0.0246578
0 0.00657433
0 0.0476449
0 0.0404529
0 0.0553541
0 0.12516
0 0.0703911
0 0.0314262
0 0.0685598
0 0.0112089
0 0.0161864
0 0.113422
0 0.0272208
0 0.0219716
0 0.00922931
0 0.117229
0 0.105602
0 0.023121
0 0.0195508
0 0.0349022
0 0.0147141
0 0.0345407
0 0.0343948
0 0.0185549
0 0.0379205
0 0.0138559
0 0.0530688
0 0.0169665
0 0.00894716
0 0.0360938
0 0.0831404
0 0.0493252
0 0.0144213
0 0.0276495
0 0.0633092
0 0.0257113
0 0.0358747
0 0.00750748
0 0.0777643
0 0.012869
0 0.094965
0 0.0232787
0 0.022587
0 0.0125945
0 0.00567025
0 0.0508614
0 0.0736055
0 0.02184
0 0.0206511
0 0.0547363
0 0.0255331
0 0.0227945
0 0.00912079
0 0.022726
0 0.0212246
0 0.0683324
0 0.0437916
0 0.0600706
0 0.0422741
0 0.00447074
0 0.00960684
0 0.0502183
0 0.00734304
0 0.0319773
0 0.0438678
0 0.0359426
0 0.0665576
0 0.00715849
0 0.0394096
0 0.0371258
0 0.022519
0 0.00444703
0 0.0226527
0 0.00125549
0 0.0851614
0 0.0031506
0 0.0816755
0 0.0294826
0 0.0124344
0 0.0137065
0 0.0206968
0 0.107483
0 0.0675034
0 0.00422883
0 0.0830077
0 0.0223008
0 0.0425727
0 0.0324162
0 0.0833145
0 0.0331176
0 0.0286333
0 0.0364927
0 0.00616202
0 0.00811752
0 0.0298208
0 0.00358169
0 0.0155881
0 0.0985502
0 0.0192694
0 0.00202744
0 0.0110445
0 0.0455523
0 0.0303123
0 0.0189975
0 0.00584706
0 0.0323589
0 0.0692519
0 0.0062604
0 0.018917
0 0.00705989
0 0.0693836
0 0.0178079
0 0.0454488
0 0.042624
0 0.0243966
0 0.0100481
0 0.0238163
0 0.0871062
0 0.0151913
0 0.00803197
0 0.130453
0 0.00508747
0 0.00398794
0 0.0320185
0 0.05111
0 0.0553855
0 0.0159333
0 0.0327492
0 0.0339175
0 0.0820613
0 0.190084
0 0.131047
0 0.0662671
0 0.00637099
0 0.0358346
0 0.00580399
0 0.0491151
0 0.0156849
0 0.0552881
0 0.05329
0 0.0256614
0 0.032578
0 0.0294287
0 0.112606
0 0.0500802
0 0.0644849
0 0.126279
0 0.10041
0 0.0179428
0 0.00928378
0 0.0255625
0 0.0113832
0 0.0115283
0 0.0656039
0 0.00602477
0 0.0116426
0 0.0309587
0 0.0154873
0 0.0126807
0 0.00840059
0 0.0077844
0 0.00236502
0 0.00322634
0 0.0155638
0 0.00609526
0 0.0905686
0 0.0229551
0 0.0238106
0 0.0990195
0 0.0290391
0 0.0335776
0 0.0291686
0 0.0576176
0 0.0402386
0 0.0710624
0 0.0199414
0 0.0384349
0 0.0437878
0 0.00731813
0 0.0136398
0 0.0319147
0 0.00169111
0 0.0802591
0 0.235089
0 0.0298988
0 0.0179927
0 0.0123288
0 0.0375399
0 0.0281069
0 0.0113644
0 0.0681193
0 0.0308037
0 0.0357312
0 0.0776788
0 0.0303208
0 0.0122955
0 0.0501385
0 0.017477
0 0.035582
0 0.00324987
0 0.018709
0 0.0465651
0 0.00892269
0 0.0265158
0 0.0413683
0 0.00862556
0 0.00863086
0 0.0767109
0 0.0221279
0 0.0184428
0 0.0461939
0 0.04939
0 0.0273019
0 0.0843552
0 0.0208472
0 0.012057
0 0.00472917
0 0.0161688
0 0.0327936
0 0.0125692
0 0.0243324
0 0.0022278
0 0.0615358
0 0.00911839
0 0.0504917
0 0.0277732
0 0.0354216
0 0.0772336
0 0.0291857
0 0.00821234
0 0.0874212
0 0.0058719
0 0.037891
0 0.0345513
0 0.0206691
0 0.0588147
0 0.0210814
0 0.0607907
0 0.0275142
0 0.0425865
0 0.0158586
0 0.00811768
0 0.0339387
0 0.034339
0 0.033773
0 0.00861865
0 0.0522505
0 0.0334102
0 0.017336
0 0.0100573
0 0.0133176
0 0.114866
0 0.00731061
0 0.000972931
0 0.0202729
0 0.01009
0 0.00741768
0 0.165467
0 0.151577
0 0.0479905
0 0.0322897
0 0.0806071
0 0.0777359
0 0.0180799
0 0.0477747
0 0.0230264
0 0.0224192
0 0.00363086
0 0.010779
0 0.0311792
0 0.0120051
0 0.0329259
0 0.0174551
0 0.0581059
0 0.0294183
0 0.0279292
0 0.140933
0 0.0026529
0 0.0500504
0 0.0400256
0 0.0338975
0 0.00709053
0 0.00387577
0 0.123644
0 0.0235661
0 0.045506
0 0.0346191
0 0.0578947
0 0.0391494
0 0.00127837
0 0.0121806
0 0.00812198
0 0.00348274
0 0.0472396
0 0.0762255
0 0.0133455
0 0.014934
0 0.0203048
0 0.0701711
0 0.0530057
0 0.0395157
0 0.00129272
0 0.0282463
0 0.0417493
0 0.00200567
0 0.0202809
0 0.0711171
0 0.0433661
0 0.0342707
0 0.0629882
0 0.0123851
0 0.0461422
0 0.0354068
0 0.0354467
0 0.0207531
0 0.0570476
0 0.0233146
0 0.0601362
0 0.0362982
0 0.00747049
0 0.0060822
0 0.0370599
0 0.0132839
0 0.0392493
0 0.0244923
0 0.0442471
0 0.0192314
0 0.040584
0 0.00983543
0 0.0244977
0 0.0964224
0 0.0318904
0 0.00318748
0 0.0248376
0 0.00639135
0 0.0181977
0 0.0684881
0 0.0303378
0 0.0305431
0 0.0544803
0 0.0113474
0 0.0329095
0 0.04806
0 0.0150149
0 0.00467216
0 0.0383589
0 0.0218066
0 0.00712713
0 0.0300087
0 0.0376465
0 0.00333663
0 0.0924497
0 0.0230574
0 0.00670231
0 0.0204805
0 0.0346624
0 0.00289579
0 0.0484014
0 0.0662517
0 0.02312
0 0.0507604
0 0.0278225
0 0.0251088
0 0.0142944
0 0.0412845
0 0.000943731
0 0.0878066
0 0.0317823
0 0.0197249
0 0.0366948
0 0.0110151
0 0.0131374
0 0.0924408
0 0.0114854
0 0.0268223
0 0.0248677
0 0.0293254
0 0.00851591
0 0.0317858
0 0.0481488
0 0.0611522
0 0.0156806
0 0.00583284
0 0.0180441
0 0.0100318
0 0.0728758
0 0.026664
0 0.000355871
0 0.12691
0 0.0102824
0 0.057293
0 0.0488057
0 0.00201196
0 0.00206173
0 0.0465723
0 0.0493037
0 0.0456233
0 0.0560325
0 0.0128389
0 0.0627551
0 0.0196473
0 0.0663017
0 0.0573584
0 0.0337386
0 0.012688
0 0.00932173
0 0.0277166
0 0.0217456
0 0.0174637
0 0.019682
0 0.0503639
0 0.00982495
0 0.0201213
0 0.0188457
0 0.0163887
0 0.025145
0 0.0601032
0 0.1167
0 0.00889161
0 0.0801505
0 0.0145254
0 0.0649596
0 0.0435895
0 0.107696
0 0.10195
0 0.0387718
0 0.0570102
0 0.0272863
0 0.0127149
0 0.0213088
0 0.00508367
0 0.0666125
0 0.0343713
0 0.00158052
0 0.0482439
0 0.0341203
0 0.0407016
0 0.0578028
0 0.01136
0 0.0454038
0 0.0163803
0 0.0341037
0 0.0902751
0 0.0146734
0 0.0535778
0 0.0707537
0 0.0291972
0 0.0671368
0 0.054196
0 0.0320198
0 0.0505186
0 0.0496336
0 0.0176794
0 0.0196239
0 0.00945453
0 0.0010174
0 0.0752523
0 0.0367184
0 0.0199648
0 0.106197
0 0.0458965
0 0.0237353
0 0.0107978
0 0.0190574
0 0.0490464
0 0.0215811
0 0.0092161
0 0.0278802
0 0.026461
0 0.0428121
0 0.0889695
0 0.0953905
0 0.0445775
0 0.0327808
0 0.00450996
0 0.0562504
0 0.0138202
0 0.0257533
0 0.0227464
0 0.00809169
0 0.0728484
0 0.00721514
0 0.0326899
0 0.045267
0 0.0336214
0 0.0645936
0 0.0682445
0 0.0342811
0 0.00513627
0 0.0195709
0 0.0566517
0 0.201511
0 0.0472239
0 0.0315574
0 0.0274156
0 0.0444018
0 0.0455862
0 0.0238857
0 0.00738069
0 0.0283576
0 0.0550542
0 0.0538165
0 0.0923879
0 0.0369482
0 0.0254136
0 0.0662568
0 0.0226547
0 0.0401091
0 0.0353184
0 0.0278031
0 0.064066
0 0.0260783
0 0.0972128
0 0.00341212
0 0.0306845
0 0.00888111
0 0.0442562
0 0.0858023
0 0.0126475
0 0.0267685
0 0.0564311
0 0.0401671
0 0.00209026
0 0.0276852
0 0.0347418
0 0.012798
0 0.0195062
0 0.02086
0 0.0144165
0 0.133474
0 0.00652863
0 0.0161079
0 0.0388008
0 0.0382709
0 0.0498592
0 0.00573624
0 0.0429856
0 0.00613502
0 0.0387187
0 0.040151
0 0.0471455
0 0.0301955
0 0.0242685
0 0.0425577
0 0.01363
0 0.0551776
0 0.0334735
0 0.0395887
0 0.0641746
0 0.0579568
0 0.0096121
0 0.037058
0 0.0348881
0 0.0824674
0 0.015605
0 0.018177
0 0.166573
0 0.0290584
0 0.0207374
0 0.0306613
0 0.0217622
0 0.0399734
0 0.122224
0 0.037734
0 0.0527971
0 0.0319837
0 0.066538
0 0.0179276
0 0.0421664
0 0.0815122
0 0.115699
0 0.0488001
0 0.0117072
0 0.0063134
0 0.0261833
0 0.235404
0 0.0595169
0 0.0763664
0 0.056521
0 0.0468421
0 0.0613056
0 0.0328673
0 0.0298876
0 0.111821
0 0.0984332
0 0.0180967
0 0.0205836
0 0.00854547
0 0.104855
0 0.00916314
0 0.00649817
0 0.240793
0 0.0191019
0 0.090056
0 0.223637
0 0.0238162
0 0.110974
0 0.00194364
0 0.0162981
0 0.00485289
0 0.0336117
0 0.00574487
0 0.0127582
0 0.0117292
0 0.0155698
0 0.0393014
0 0.0196687
0 0.0289233
0 0.0130629
0 0.0171756
0 0.0887703
0 0.0588023
0 0.040841
0 0.0375128
0 0.0247375
0 0.0817046
0 0.0185129
0 0.0645863
0 0.0444018
0 0.0200899
0 0.0362967
0 0.00142918
0 0.0520087
0 0.237231
0 0.0359677
0 0.054157
0 0.0179874
0 0.0163624
0 0.00814866
0 0.0670092
0 0.00697094
0 0.0248205
0 0.0281752
0 0.0430015
0 0.0305997
0 0.0573369
0 0.0374921
0 0.0241782
0 0.0289945
0 0.0370635
0 0.034535
0 0.0448757
0 0.0495423
0 0.0518905
0 0.0441416
0 0.00526349
0 0.0267883
0 0.0166085
0 0.044688
0 0.11446
0 0.112835
0 0.0369093
0 0.0465664
0 0.032202
0 0.00792914
0 0.0134704
0 0.0214488
0 0.0187811
0 0.00104398
0 0.0897064
0 0.00829326
0 0.0319294
0 0.019589
0 0.0389357
0 0.0371879
0 0.000564318
0 0.0983565
0 0.0501208
0 0.166486
0 0.014209
0 0.00341062
0 0.0297038
0 0.00636684
0 0.0584682
0 0.0246665
0 0.0174533
0 0.0260351
0 0.016865
0 0.0326643
0 0.085223
0 0.00395437
0 0.0303979
0 0.0320044
0 0.00894107
0 0.0281347
0 0.021615
0 0.0326741
0 0.0369335
0 0.0334713
0 0.0483334
0 0.0829431
0 0.0246529
0 0.00493695
0 0.0253291
0 0.0225443
0 0.110546
0 0.0153635
0 0.059208
0 0.0132207
0 0.0190059
0 0.143911
0 0.0416968
0 0.0391663
0 0.0441224
0 0.040499
0 0.0249062
0 0.139295
0 0.00883001
0 0.0172755
0 0.0953959
0 0.0247164
0 0.0250442
0 0.0216422
0 0.0997105
0 0.0324586
0 0.0354621
0 0.0429427
0 0.0723741
0 0.0586142
0 0.0103578
0 0.0279138
0 0.026162
0 0.0231517
0 0.0288391
0 0.0848551
0 0.0184026
0 0.0414705
0 0.0187868
0 0.0235029
0 0.0636093
0 0.00701651
0 0.0286961
0 0.112841
0 0.0290981
0 0.0127568
0 0.00282577
0 0.0633224
0 0.106852
0 0.0366679
0 0.0471992
0 0.0119352
0 0.149738
0 0.00716198
0 0.0129101
0 0.0752978
0 0.0715302
0 0.0191498
0 0.0724217
0 0.0373333
0 0.0668553
0 0.0361313
0 0.0136099
0 0.0154942
0 0.0613816
0 0.159468
0 0.0123545
0 0.108655
0 0.0178274
0 0.0305412
0 0.0243693
0 0.0476325
0 0.0337466
0 0.0135321
0 0.00457156
0 0.040527
0 0.0376998
0 0.0125734
0 0.0531549
0 0.0247819
0 0.0529986
0 0.00382128
0 0.063929
0 0.0748709
0 0.0159636
0 0.00814314
0 0.070896
0 0.00414314
0 0.0177855
0 0.0785385
0 0.0201842
0 0.0134882
0 0.0254683
0 0.0769455
0 0.0273889
0 0.0134925
0 0.0631591
0 0.0126344
0 0.0400006
0 0.00697679
0 0.0216102
0 0.0148994
0 0.0547469
0 0.0199748
0 0.0309113
0 0.0118064
0 0.00645517
0 0.0320589
0 0.0213622
0 0.0452372
0 0.0496816
0 0.00935757
0 0.0582725
0 0.0337063
0 0.0236703
0 0.0552053
0 0.0277565
0 0.0268732
0 0.026966
0 0.00561395
0 0.103185
0 0.0990106
0 0.0633192
0 0.0216494
0 0.0319718
0 0.0136996
0 0.0707436
0 0.0348795
0 0.0544515
0 0.138496
0 0.106153
0 0.123224
0 0.0157751
0 0.0225283
0 0.0240687
0 0.0498294
0 0.022275
0 0.052559
0 0.0681006
0 0.0176668
0 0.0420278
0 0.0513668
0 0.0533517
0 0.0118634
0 0.0524506
0 0.0185104
0 0.00533042
0 0.0566922
0 0.00849013
0 0.0362105
0 0.0799483
0 0.0239212
0 0.0183598
0 0.0193334
0 0.0343218
0 0.0637563
0 0.022135
0 0.0286754
0 0.02188
0 0.0264066
0 0.0560204
0 0.00818644
0 0.0264708
0 0.0454125
0 0.04726
0 0.00674996
0 0.0338421
0 0.0439501
0 0.0213773
0 0.00442022
0 0.0258174
0 0.0651773
0 0.0458117
0 0.0675217
0 0.0645109
0 0.011585
0 0.021812
0 0.0520915
0 0.00381242
0 0.0196989
0 0.0140381
0 0.0219325
0 0.0170465
0 0.0530723
0 0.00857224
0 0.164222
0 0.0531884
0 0.00436921
0 0.0906487
0 0.0268928
0 0.0113091
0 0.0255281
0 0.00640618
0 0.013252
0 0.138701
0 0.0147275
0 0.0060691
0 0.0132006
0 0.00506958
0 0.0257951
0 0.0125341
0 0.0140598
0 0.0537382
0 0.0122307
0 0.112852
0 0.00740902
0 0.014867
0 0.0637585
0 0.0189418
0 0.0416674
0 0.0369321
0 0.0304581
0 0.0184425
0 0.0557659
0 0.0138147
0 0.0799817
0 0.0324278
0 0.0037064
0 0.0344572
0 0.0298953
0 0.00625567
0 0.0852653
0 0.0282182
0 0.102685
0 0.0500851
0 0.0264107
0 0.0149615
0 0.075011
0 0.0192443
0 0.00117301
0 0.00593635
0 0.00779933
0 0.0606937
0 0.038211
0 0.0272528
0 0.00907815
0 0.0634386
0 0.0854084
0 0.0362014
0 0.0129333
0 0.0398119
0 0.0376433
0 0.0631388
0 0.0187733
0 0.0928703
0 0.0381885
0 0.0123946
0 0.00825264
0 0.0189978
0 0.041595
0 0.0464959
0 0.0838719
0 0.0607106
0 0.0281475
0 0.03503
0 0.00282114
0 0.0166096
0 0.0511124
0 0.0279049
0 0.0143161
0 0.109638
0 0.0643607
0 0.0615563
0 0.0034294
0 0.124502
0 0.0206155
0 0.00529895
0 0.015225
0 0.0975445
0 0.00543871
0 0.0145952
0 0.0067961
0 0.0276368
0 0.0236236
0 0.0454521
0 0.0109309
0 0.0298951
0 0.0469865
0 0.00763253
0 0.0112347
0 0.0235208
0 0.0769363
0 0.0106613
0 0.00797547
0 0.0368168
0 0.0210093
0 0.0306409
0 0.00865709
0 0.00794332
0 0.0662113
0 0.0424942
0 0.0105395
0 0.0268349
0 0.0204515
0 0.0367962
0 0.0104278
0 0.0178281
0 0.0324802
0 0.0233807
0 0.00690303
0 0.0244687
0 0.0142402
0 0.0254308
0 0.0175406
0 0.0303423
0 0.00533315
0 0.0339992
0 0.0212103
0 0.0126306
0 0.0221297
0 0.0235759
0 0.00570328
0 0.0293196
0 0.0123119
0 0.0727224
0 0.0123497
0 0.0203675
0 0.0108439
0 0.0392628
0 0.0621751
0 0.00136875
0 0.0425186
0 0.0250828
0 0.105554
0 0.10196
0 0.0304356
0 0.0486345
0 0.0192163
0 0.00720489
0 0.0253436
0 0.0282819
0 0.00557931
0 0.00590157
0 0.0253136
0 0.0173316
0 0.0174873
0 0.0574046
0 0.0533001
0 0.0639101
0 0.013065
0 0.00639668
0 0.0414985
0 0.0659362
0 0.0140873
0 0.0546636
0 0.02305
0 0.0311496
0 0.00784314
0 0.0662591
0 0.0234112
0 0.0604899
0 0.0908824
0 0.0136138
0 0.0465319
0 0.0435925
0 0.0110345
0 0.0930933
0 0.0424308
0 0.0299531
0 0.0520437
0 0.0101362
0 0.0404425
0 0.0189482
0 0.0405063
0 0.00677187
0 0.0177155
0 0.0653464
0 0.13683
0 0.00706266
0 0.00117478
0 0.0546673
0 0.0818621
0 0.00575964
0 0.0222977
0 0.0555084
0 0.0242867
0 0.0502664
0 0.0211163
0 0.0189215
0 0.0603163
0 0.0222678
0 0.00763705
0 0.00915255
0 0.0122749
0 0.0378364
0 0.0327862
0 0.0519081
0 0.014416
0 0.0376998
0 0.0516903
0 0.00446017
0 0.0388971
0 0.0137482
0 0.00609571
0 0.0408022
0 0.0140673
0 0.0161881
0 0.0259644
0 0.00831606
0 0.0420046
0 0.0127532
0 0.0216598
0 0.0656587
0 0.0128373
0 0.0345476
0 0.0115823
0 0.0287779
0 0.0237445
0 0.0514992
0 0.0351798
0 0.0397513
0 0.0478965
0 0.0287818
0 0.0249799
0 0.034405
0 0.127972
0 0.0186782
0 0.0281163
0 0.0614461
0 0.034386
0 0.0625481
0 0.0258206
0 0.0257478
0 0.0863512
0 0.0167449
0 0.0364679
0 0.0544768
0 0.0467047
0 0.0527943
0 0.0344661
0 0.0102614
0 0.084443
0 0.0098033
0 0.0343182
0 0.0535939
0 0.0157955
0 0.105227
0 0.0630859
0 0.0132497
0 0.0200644
0 0.0577555
0 0.0458421
0 0.00224945
0 0.0526308
0 0.0313221
0 0.0585636
0 0.0492941
0 0.00632281
0 0.00269386
0 0.0391156
0 0.0610036
0 0.0153695
0 0.0613389
0 0.0177305
0 0.0724803
0 0.0566898
0 0.0782406
0 0.0819566
0 0.0273072
0 0.0282527
0 0.0136713
0 0.184593
0 0.0137266
0 0.0270234
0 0.00620628
0 0.143325
0 0.0612356
0 0.056664
0 0.0484041
0 0.0230531
0 0.00839987
0 0.0605537
0 0.0447574
0 0.0855143
0 0.0491007
0 0.0950387
0 0.0168197
0 0.0215787
0 0.0629417
0 0.0238098
0 0.0689767
0 0.0662812
0 0.0565023
0 0.0238191
0 0.0395644
0 0.0482745
0 0.0837775
0 0.011948
0 0.0731684
0 0.0642979
0 0.0194632
0 0.129892
0 0.0121652
0 0.144564
0 0.0922477
0 0.00489711
0 0.0791284
0 0.00417554
0 0.0314578
0 0.145885
0 0.0513283
0 0.030667
0 0.0330849
0 0.0517777
0 0.0487284
0 0.0418802
0 0.038077
0 0.0459846
0 0.0878501
0 0.0303345
0 0.0170885
0 0.0125776
0 0.0895414
0 0.0551033
0 0.0424126
0 0.0339878
0 0.0373767
0 0.0163379
0 0.0440858
0 0.04234
0 0.0101034
0 0.0508673
0 0.0713741
0 0.0584004
0 0.074426
0 0.0198731
0 0.0102193
0 0.0232372
0 0.0662646
0 0.00594556
0 0.0273094
0 0.00737821
0 0.0775
0 0.0174997
0 0.0366047
0 0.0318394
0 0.00348744
0 0.0403424
0 0.0636949
0 0.0570432
0 0.0197372
0 0.0846264
0 0.051035
0 0.0168294
0 0.0852159
0 0.041015
0 0.0424322
0 0.0426835
0 0.0286122
0 0.0272436
0 0.0442082
0 0.0127924
0 0.0477771
0 0.0593788
0 0.00840513
0 0.0369731
0 0.00935213
0 0.0184899
0 0.000427939
0 0.0283644
0 0.00108011
0 0.029927
0 0.0591464
0 0.033574
0 0.0454144
0 0.04855
0 0.0670758
0 0.015584
0 0.0188557
0 0.00987388
0 0.0306984
0 0.0216593
0 0.0731439
0 0.097544
0 0.0342277
0 0.107854
0 0.0884088
0 0.0962185
0 0.0206657
0 0.0100375
0 0.054422
0 0.0151669
0 0.0464062
0 0.105203
0 0.00519969
0 0.093592
0 0.0754376
0 0.0089789
0 0.103388
0 0.0388672
0 0.0245625
0 0.0264201
0 0.00504
0 0.0429153
0 0.0871509
0 0.0437668
0 0.0216262
0 0.019096
0 0.0494892
0 0.0615116
0 0.0201469
0 0.00320301
0 0.0138125
0 0.0191274
0 0.0344036
0 0.0320764
0 0.0153224
0 0.0402936
0 0.0182285
0 0.0387159
0 0.154534
0 0.013784
0 0.0117171
0 0.0485416
0 0.136599
0 0.0584156
0 0.0377994
0 0.00393801
0 0.0707208
0 0.0415113
0 0.101077
0 0.0591588
0 0.0488731
0 0.0282848
0 0.0485831
0 0.0492908
0 0.0444947
0 0.0315679
0 0.0349576
0 0.0488574
0 0.0142597
0 0.0115744
0 0.0522808
0 0.0558187
0 0.0652284
0 0.0014673
0 0.0620897
0 0.0275088
0 0.0122927
0 0.0487674
0 0.0384189
0 0.00396906
0 0.0231849
0 0.0465741
0 0.0293758
0 0.0311122
0 0.0113949
0 0.0249899
0 0.0774714
0 0.0082944
0 0.027854
0 0.0197545
0 0.00872135
0 0.00487956
0 0.0387939
0 0.0143601
0 0.0371093
0 0.0180267
0 0.0570475
0 0.0744867
0 0.00559934
0 0.0279625
0 0.026207
0 0.00442213
0 0.0392215
0 0.0443361
0 0.0241929
0 0.0498955
0 0.00895522
0 0.0289701
0 0.0114767
0 0.143717
0 0.0107507
0 0.0757417
0 0.0385631
0 0.0281634
0 0.00146069
0 0.115038
0 0.00127772
0 0.0122363
0 0.0141786
0 0.00428985
0 0.0544039
0 0.0207459
0 0.0140532
0 0.0650071
0 0.0454492
0 0.126875
0 0.0395165
0 0.0125915
0 0.00530296
0 0.0141526
0 0.00690336
0 0.0376537
0 0.0374016
0 0.0622662
0 0.0166904
0 0.0254753
0 0.0414061
0 0.0288682
0 0.00125059
0 0.0044243
0 0.114566
0 0.0715569
0 0.0269382
0 0.0505129
0 0.0360603
0 0.00465744
0 0.0594585
0 0.021251
0 0.102801
0 0.0188585
0 0.00426179
0 0.0562188
0 0.0473163
0 0.137022
0 0.03065
0 0.0143962
0 0.000143848
0 0.0268136
0 0.167159
0 0.021601
0 0.015057
0 0.226232
0 0.0587088
0 0.0881397
0 0.0299356
0 0.0129964
0 0.0357166
0 0.0242997
0 0.0225093
0 0.00484722
0 0.00547265
0 0.0263098
0 0.000622969
0 0.0164708
0 0.0512927
0 0.00933427
0 0.0416781
0 0.0625366
0 0.0244274
0 0.100919
0 0.022873
0 0.0291317
0 0.0518314
0 0.0305232
0 0.106622
0 0.0158064
0 0.0402411
0 0.057742
0 0.0449865
0 0.0213553
0 0.0341628
0 0.0207716
0 0.131314
0 0.110416
0 0.0896123
0 0.0442468
0 0.0234625
0 0.00748218
0 0.0154562
0 0.101277
0 0.0142794
0 0.00834789
0 0.0154634
0 0.139184
0 0.0478697
0 0.00511116
0 0.0151834
0 0.0242509
0 0.0183781
0 0.0448729
0 0.0491533
0 0.0184444
0 0.0600003
0 0.032315
0 0.0384386
0 0.0288979
0 0.176045
0 0.0683639
0 0.0111956
0 0.0685031
0 0.0391836
0 0.0417656
0 0.0831003
0 0.0033636
0 0.0240848
0 0.0358732
0 0.0161629
0 0.0330723
0 0.0276512
0 0.0112655
0 0.0019863
0 0.0201164
0 0.0373616
0 0.0208648
0 0.0444786
0 0.0190098
0 0.0815604
0 0.00858196
0 0.0027238
0 0.013251
0 0.0187994
0 0.0312301
0 0.0516161
0 0.0424136
0 0.00485571
0 0.0953182
0 0.0433923
0 0.0118529
0 0.044683
0 0.0285289
0 0.122543
0 0.011198
0 0.0233095
0 0.0210395
0 0.0261681
0 0.12724
0 0.0191507
0 0.0093151
0 0.0563204
0 0.0587321
0 0.0903438
0 0.0253571
0 0.0314159
0 0.0954342
0 0.0252157
0 0.0380354
0 0.0825948
0 0.105448
0 0.109725
0 0.0266821
0 0.0199766
0 0.00139843
0 0.0776293
0 0.105418
0 0.00929242
0 0.0175818
0 0.0632263
0 0.138738
0 0.0117023
0 0.0407712
0 0.041661
0 0.0330858
0 0.0606745
0 0.027676
0 0.0490418
0 0.0269325
0 0.00515271
0 0.0373191
0 0.0480943
0 0.0346459
0 0.0138155
0 0.0201416
0 0.00356825
0 0.0126294
0 0.0306988
0 0.0438436
0 0.0362329
0 0.0393939
0 0.0322194
0 0.0144795
0 0.00298657
0 0.0188483
0 0.0571888
0 0.0227258
0 0.0320967
0 0.01244
0 0.066484
0 0.0272093
0 0.0297514
0 0.0513113
0 0.0248083
0 0.173653
0 0.0250601
0 0.0165697
0 0.130787
0 0.128955
0 0.0896241
0 0.0253523
0 0.0115081
0 0.0206328
0 0.0559248
0 0.0440593
0 0.0124406
0 0.0236687
0 0.0169291
0 0.00139262
0 0.02309
0 0.0114441
0 0.00242945
0 0.0457426
0 0.00651058
0 0.0454206
0 0.011776
0 0.0102825
0 0.0359377
0 0.00326637
0 0.0394983
0 0.0125513
0 0.0133506
0 0.0316231
0 0.0764106
0 0.00871314
0 0.0210957
0 0.0478551
0 0.0494258
0 0.0440535
0 0.121236
0 0.0722706
0 0.144262
0 0.115255
0 0.00968881
0 0.0657722
0 0.0628332
0 0.0253226
0 0.047786
0 0.0342816
0 0.0633848
0 0.0824813
0 0.0171957
0 0.0259127
0 0.0105677
0 0.0201141
0 0.0239599
0 0.0439657
0 0.0281582
0 0.0620177
0 0.106275
0 0.012129
0 0.00838537
0 0.0120178
0 0.0284908
0 0.0603945
0 0.0182124
0 0.120151
0 0.0720179
0 0.0366671
0 0.0973955
0 0.02147
0 0.0246
0 0.0644794
0 0.0310029
0 0.0247326
0 0.0217471
0 0.0162136
0 0.0343997
0 0.0663306
0 0.0659482
0 0.0444485
0 0.0308175
0 0.0348862
0 0.0690518
0 0.0106795
0 0.0094109
0 0.0714795
0 0.012867
0 0.0110569
0 0.0168072
0 0.0414364
0 0.0708576
0 0.0314723
0 0.00521006
0 0.0307101
0 0.011262
0 0.0838886
0 0.0886739
0 0.0044974
0 0.0110061
0 0.0270384
0 0.027927
0 0.0415175
0 0.0278807
0 0.00210112
0 0.00634966
0 0.0217999
0 0.0303955
0 0.0241954
0 0.0890003
0 0.0701414
0 0.0236579
0 0.0307919
0 0.0338684
0 0.0180919
0 0.0608218
0 0.0251954
0 0.0300673
0 0.0276823
0 0.0920025
0 0.0145575
0 0.022469
0 0.020622
0 0.0907955
0 0.0184282
0 0.0106868
0 0.0274804
0 0.0259554
0 0.020247
0 0.039457
0 0.0185683
0 0.0505649
0 0.039624
0 0.0281325
0 0.090105
0 0.0128715
0 0.0340529
0 0.0341669
0 0.07188
0 0.0163891
0 0.0156434
0 0.00118326
0 0.0112023
0 0.0269782
0 0.00427234
0 0.0204917
0 0.0402985
0 0.0201464
0 0.0234718
0 0.0435126
0 0.072985
0 0.00317994
0 0.00665174
0 0.007468
0 0.110306
0 0.0325632
0 0.040193
0 0.00740557
0 0.112964
0 0.00137819
0 0.0192604
0 0.0401973
0 0.0131878
0 0.0804292
0 0.0135133
0 0.0198186
0 0.0220892
0 0.0376617
0 0.092849
0 0.0574075
0 0.00734745
0 0.0688825
0 0.00595584
0 0.0213297
0 0.0446761
0 0.0557919
0 0.0513769
0 0.0311301
0 0.0799041
0 0.0128283
0 0.00402267
0 0.015091
0 0.105852
0 0.131793
0 0.035751
0 0.0612774
0 0.00929154
0 0.0281117
0 0.0677578
0 0.0124826
0 0.0295616
0 0.0294673
0 0.0141243
0 0.0297688
0 0.022952
0 0.138847
0 0.0470448
0 0.0190993
0 0.0412299
0 0.0940876
0 0.00365731
0 0.0600038
0 0.0193191
0 0.0673675
0 0.0278238
0 0.00619416
0 0.0255926
0 0.0215823
0 0.116203
0 0.0237718
0 0.00933092
0 0.0197968
0 0.0434426
0 0.0253555
0 0.0687785
0 0.019408
0 0.0117562
0 0.0390694
0 0.0122198
0 0.0160767
0 0.000272657
0 0.00692953
0 0.0696308
0 0.00282716
0 0.0573336
0 0.00172562
0 0.00739541
0 0.0348962
0 0.15137
0 0.0464975
0 0.0105135
0 0.0685867
0 0.0245096
0 0.0174541
0 0.0563178
0 0.0499319
0 0.105014
0 0.148647
0 0.0155459
0 0.00711866
0 0.118624
0 0.090224
0 0.0189585
0 0.0435851
0 0.0178545
0 0.0147096
0 0.0453346
0 0.0239811
0 0.0773191
0 0.0282936
0 0.0648388
0 0.0313613
0 0.0189594
0 0.0258752
0 0.0401648
0 0.0264812
0 0.105913
0 0.0289164
0 0.0252864
0 0.0606654
0 0.0615687
0 0.0413778
0 0.031622
0 0.06629
0 0.03702
0 0.0579738
0 0.0621209
0 0.101731
0 0.065446
0 0.0627317
0 0.0267593
0 0.0861054
0 0.0810243
0 0.011717
0 0.0458418
0 0.0568963
0 0.0782063
0 0.0184319
0 0.0348959
0 0.0216171
0 0.111863
0 0.0601596
0 0.0719957
0 0.027633
0 0.039799
0 0.0135975
0 0.0157327
0 0.0272965
0 0.0307788
0 0.0418928
0 0.0720119
0 0.00128011
0 0.105303
0 0.046585
0 0.121321
0 0.0166111
0 0.0879336
0 0.0329838
0 0.0398205
0 0.0171047
0 0.0403548
0 0.0403716
0 0.0512471
0 0.0270006
0 0.0200526
0 0.00231103
0 0.0328758
0 0.0727665
0 0.0229251
0 0.00243613
0 0.0539172
0 0.0663354
0 0.0304767
0 0.0280593
0 0.0339669
0 0.0178379
0 0.0130081
0 0.0348308
0 0.00944718
0 0.00624025
0 0.0113068
0 0.00598687
0 0.059649
0 0.0410441
0 0.0279127
0 0.00571347
0 0.00812549
0 0.0538452
0 0.0136494
0 0.022516
0 0.00829335
0 0.0355446
0 0.0442196
0 0.147606
0 0.0158008
0 0.0460559
0 0.0367733
0 0.0214144
