0 0.0412536
0 0.0182166
0 0.0540112
0 0.0134004
0 0.0879838
0 0.0293345
0 0.0532326
0 0.034235
0 0.042243
0 0.0160858
0 0.0114463
0 0.0617039
0 0.121181
0 0.0451501
0 0.00526685
0 0.0471805
0 0.0150076
0 0.0662088
0 0.0350685
0 0.00658503
0 0.00359553
0 0.105595
0 0.0211984
0 0.00230366
0 0.00275156
0 0.00443821
0 0.0426912
0 0.00407303
0 0.0250005
0 0.0673852
0 0.0578601
0 0.0332876
0 0.0435839
0 0.0235022
0 0.0193156
0 0.0600615
0 0.0415727
0 0.0227487
0 0.0234982
0 0.0100124
0 0.0181084
0 0.0505372
0 0.0313317
0 0.206535
0 0.0309467
0 0.0396853
0 0.0219004
0 0.0239545
0 0.0398153
0 0.01466
0 0.000913603
0 0.0250719
0 0.0350063
0 0.0122636
0 0.162279
0 0.0426981
0 0.052516
0 0.0103707
0 0.0326254
0 0.0453167
0 0.0445105
0 0.118298
0 0.0157055
0 0.042753
0 0.0529917
0 0.00680562
0 0.0096321
0 0.0394328
0 0.0270467
0 0.0131062
0 0.0699725
0 0.104506
0 0.0311375
0 0.0103898
0 0.0570243
0 0.0134081
0 0.00113026
0 0.05353
0 0.0087892
0 0.0161327
0 0.00111442
0 0.0405007
0 0.0324431
0 0.0183397
0 0.0404438
0 0.0330531
0 0.0237607
0 0.0134808
0 0.0455553
0 0.0288444
0 0.0205792
0 0.00801739
0 0.0213231
0 0.0472155
0 0.0321783
0 0.0329296
0 0.0218538
0 0.0187299
0 0.0452196
0 0.00251555
0 0.0284076
0 0.036
0 0.0134114
0 0.00941381
0 0.105918
0 0.0818227
0 0.0481811
0 0.0848518
0 0.0563554
0 0.0127625
0 0.0329147
0 0.0913057
0 0.0262554
0 0.0312404
0 0.00248129
0 0.0202482
0 0.0367444
0 0.0742288
0 0.0102737
0 0.00894395
0 0.0774983
0 0.0444544
0 0.125766
0 0.0287298
0 0.0339431
0 0.0390432
0 0.0111361
0 0.110102
0 0.0466113
0 0.0215201
0 0.00859413
0 0.0308751
0 0.0893041
0 0.031267
0 0.0177257
0 0.0375746
0 0.0622314
0 0.0316788
0 0.0256766
0 0.00840808
0 0.098698
0 0.00413587
0 0.0265696
0 0.0184529
0 0.0402092
0 0.0544765
0 0.0183537
0 0.0700071
0 0.0187898
0 0.12834
0 0.0162762
0 0.00767253
0 0.0389782
0 0.0772206
0 0.00432375
0 0.0236043
0 0.0473394
0 0.0308915
0 0.0131505
0 0.0273433
0 0.00768192
0 0.00442752
0 0.020814
0 0.0656737
0 0.0230933
0 0.0182793
0 0.0300897
0 0.0333099
0 0.0481305
0 0.0339789
0 0.0176013
0 0.0164607
0 0.0337401
0 0.0398482
0 0.03047
0 0.0242679
0 0.0644847
0 0.0274653
0 0.0465534
0 0.0333031
0 0.0378818
0 0.00840047
0 0.0189454
0 0.00802303
0 0.00732389
0 0.00418873
0 0.046123
0 0.0359338
0 0.0196208
0 0.0318844
0 0.0299594
0 0.0709268
0 0.00426549
0 0.0890237
0 0.01002
0 0.100981
0 0.0133159
0 0.0167806
0 0.0589811
0 0.0917957
0 0.181248
0 0.106879
0 0.0411788
0 0.0309842
0 0.0363754
0 0.0118353
0 0.0151194
0 0.00523612
0 0.149268
0 0.0464247
0 0.11588
0 0.0650068
0 0.129559
0 0.0838828
0 0.0889402
0 0.0368522
0 0.0902768
0 0.0378313
0 0.0498949
0 0.00647235
0 0.143607
0 0.0126108
0 0.0291203
0 0.0234927
0 0.0348914
0 0.0288307
0 0.0211205
0 0.0139663
0 0.0268516
0 0.0360678
0 0.0131641
0 0.0373392
0 0.142537
0 0.0118952
0 0.0298741
0 0.00113405
0 0.069445
0 0.0143141
0 0.0417096
0 0.0167647
0 0.0218786
0 0.0106629
0 0.0372262
0 0.0121594
0 0.0487728
0 0.0111221
0 0.0625663
0 0.0175534
0 0.0102987
0 0.0332598
0 0.010375
0 0.00706208
0 0.0293393
0 0.0440268
0 0.01353
0 0.0212161
0 0.0209218
0 0.0291016
0 0.00963256
0 0.033162
0 0.0786545
0 0.0199208
0 0.0657665
0 0.0443002
0 0.0339408
0 0.0367705
0 0.020387
0 0.0218491
0 0.0276818
0 0.0404927
0 0.027364
0 0.00245556
0 0.0392683
0 0.0812184
0 0.0443664
0 0.0102537
0 0.0146266
0 0.0271878
0 0.061748
0 0.0546547
0 0.0149978
0 0.00997246
0 0.0105898
0 0.00433665
0 0.0213777
0 0.00697936
0 0.0013243
0 0.0264113
0 0.0333088
0 0.0307437
0 0.0546641
0 0.0338328
0 0.0499147
0 0.00510275
0 0.0168469
0 0.0365114
0 0.128919
0 0.0292481
0 0.0146467
0 0.0304605
0 0.0493969
0 0.0476722
0 0.0244838
0 0.00919867
0 0.000705802
0 0.037499
0 0.0109036
0 0.000691154
0 0.0365491
0 0.101758
0 0.0213665
0 0.0528197
0 0.0183534
0 0.021976
0 0.186661
0 0.0303958
0 0.0462875
0 0.0159589
0 0.0100325
0 0.0459324
0 0.00472917
0 0.0617098
0 0.0143346
0 0.0176698
0 0.0597004
0 0.00333993
0 0.00847494
0 0.0721056
0 0.064223
0 0.0449746
0 0.0315842
0 0.00957936
0 0.0321052
0 0.0768889
0 0.00579365
0 0.021407
0 0.0289054
0 0.0112309
0 0.0159433
0 0.0361539
0 0.00457624
0 0.026011
0 0.0159841
0 0.0272663
0 0.0274288
0 0.0331061
0 0.00570234
0 0.00750316
0 0.000988328
0 0.0115618
0 0.0553872
0 0.0732901
0 0.0248812
0 0.0169072
0 0.029757
0 0.0801477
0 0.0915357
0 0.0900011
0 0.0499224
0 0.0260987
0 0.00131058
0 0.0192007
0 0.00360992
0 0.0307221
0 0.118139
0 0.00399645
0 0.00182265
0 0.013857
0 0.033582
0 0.0161617
0 0.0426878
0 0.0756177
0 0.0857841
0 0.0506408
0 0.0252294
0 0.0613041
0 0.084351
0 0.0755159
0 0.0635627
0 0.0568074
0 0.0184702
0 0.0370148
0 0.00589175
0 0.00350386
0 0.0841235
0 0.0138092
0 0.00590388
0 0.0484551
0 0.00214388
0 0.00699705
0 0.098265
0 0.012382
0 0.00358301
0 0.0469536
0 0.018219
0 0.0102231
0 0.0211144
0 0.0343892
0 0.0124993
0 0.0565989
0 0.0286175
0 0.0055109
0 0.117024
0 0.0453307
0 0.00956284
0 0.0623969
0 0.143171
0 0.103695
0 0.0454658
0 0.0111567
0 0.0305702
0 0.00324942
0 0.0174178
0 0.0423133
0 0.0391211
0 0.0927691
0 0.0383423
0 0.00659319
0 0.0624607
0 0.0199907
0 0.0470621
0 0.0964254
0 0.013399
0 0.0784648
0 0.0196648
0 0.0617497
0 0.0458207
0 0.0502274
0 0.0348697
0 0.102605
0 0.0303054
0 0.0243145
0 0.0526076
0 0.0741882
0 0.0220764
0 0.0207617
0 0.0359922
0 0.0527173
0 0.0211085
0 0.0447775
0 0.02374
0 0.0153378
0 0.0246389
0 0.0118564
0 0.0316418
0 0.00960732
0 0.013573
0 0.00453608
0 0.0432774
0 0.0152337
0 0.0798409
0 0.0429534
0 0.0412012
0 0.0214344
0 0.0843235
0 0.0101169
0 0.022732
0 0.029301
0 0.00301117
0 0.017458
0 0.0882151
0 0.0298404
0 0.0118419
0 0.0201037
0 0.0373811
0 0.0192746
0 0.00540297
0 0.0179242
0 0.0017668
0 0.037775
0 0.115711
0 0.0929947
0 0.0174791
0 0.00471826
0 0.0207075
0 0.0268498
0 0.0427836
0 0.0432711
0 0.0417468
0 0.036078
0 0.00183839
0 0.0174478
0 0.0537469
0 0.0340466
0 0.0490293
0 0.0237372
0 0.126179
0 0.0211752
0 0.0998954
0 0.0278895
0 0.0499754
0 0.0387736
0 0.0308752
0 0.0586604
0 0.0325423
0 0.0171371
0 0.0163211
0 0.0427966
0 0.0550457
0 0.0135269
0 0.195837
0 0.047809
0 0.020262
0 0.0433417
0 0.063209
0 0.0220512
0 0.0127587
0 0.0429116
0 0.000392993
0 0.0221418
0 0.0355901
0 0.0161414
0 0.0182992
0 0.0242513
0 0.0275524
0 0.027456
0 0.0605823
0 0.0347449
0 0.0373852
0 0.0573425
0 0.00207868
0 0.0189403
0 0.0892529
0 0.0100407
0 0.00596457
0 0.0185743
0 0.0507041
0 0.0110966
0 0.0220385
0 0.0254689
0 0.0360319
0 0.0294348
0 0.0214566
0 0.0210458
0 0.0233048
0 0.0542657
0 0.0203225
0 0.0100598
0 0.0391317
0 0.0135022
0 0.00259608
0 0.0118162
0 0.0317165
0 0.00827236
0 0.0149453
0 0.0280906
0 0.0128387
0 0.0826899
0 0.0411492
0 0.070227
0 0.00367252
0 0.0187826
0 0.0223775
0 0.00152573
0 0.015864
0 0.0583695
0 0.0443861
0 0.0145098
0 0.0229008
0 0.0159542
0 0.0366778
0 0.0595219
0 0.047669
0 0.0224843
0 0.0253182
0 0.0273255
0 0.021745
0 0.0350092
0 0.0801133
0 0.0311497
0 0.0318236
0 0.0450689
0 0.053039
0 0.0360439
0 0.0119336
0 0.0128333
0 0.0180954
0 0.0488821
0 0.0222151
0 0.0365713
0 0.000441809
0 0.037522
0 0.0228275
0 0.106529
0 0.0447345
0 0.0100008
0 0.0179525
0 0.012098
0 0.0054876
0 0.109779
0 0.0305231
0 0.0106006
0 0.0127368
0 0.00347951
0 0.015075
0 0.0441794
0 0.0968965
0 0.0261534
0 0.0543607
0 0.100812
0 0.0220177
0 0.000985531
0 0.019266
0 0.130829
0 0.144845
0 0.0278709
0 0.0143111
0 0.0161326
0 0.0669036
0 0.0548529
0 0.0658854
0 0.0417171
0 0.0397752
0 0.0163974
0 0.0251344
0 0.0293858
0 0.0429242
0 0.0251156
0 0.0664351
0 0.0183794
0 0.0487049
0 0.0115582
0 0.0827854
0 0.0171967
0 0.020254
0 0.0670128
0 0.0751119
0 0.0450738
0 0.0208435
0 0.0354733
0 0.022824
0 0.0103633
0 0.0289246
0 0.0291435
0 0.065512
0 0.0477497
0 0.0458001
0 0.0266781
0 0.0314793
0 0.104963
0 0.0203799
0 0.0121582
0 0.0455333
0 0.0176771
0 0.0245214
0 0.0147251
0 0.062316
0 0.0406745
0 0.0627037
0 0.0329563
0 0.0609798
0 0.0138538
0 0.0135987
0 0.0261751
0 0.021563
0 0.0241736
0 0.0339447
0 0.0397732
0 0.144461
0 0.0537193
0 0.0319137
0 0.0441063
0 0.00669055
0 0.0362727
0 0.0326774
0 0.0923502
0 0.0260824
0 0.126383
0 0.0124585
0 0.0413636
0 0.0173732
0 0.0431597
0 0.0462919
0 0.00282944
0 0.0420863
0 0.0858542
0 0.0336671
0 0.116312
0 0.0108138
0 0.0920083
0 0.0524923
0 0.0351696
0 0.0344515
0 0.00769393
0 0.0574532
0 0.00392832
0 0.0209745
0 0.0203591
0 0.0191861
0 0.0462987
0 0.0391865
0 0.0174348
0 0.056068
0 0.00301954
0 0.0305643
0 0.0239863
0 0.0204953
0 0.0397827
0 0.0361385
0 0.0303509
0 0.0149882
0 0.031413
0 0.0184201
0 0.0225743
0 0.0104847
0 0.0073582
0 0.00842618
0 0.117563
0 0.0446036
0 0.0214327
0 0.0711075
0 0.0161534
0 0.0397192
0 0.0263797
0 0.0459797
0 0.0414706
0 0.0173293
0 0.0350004
0 0.0180814
0 0.0540432
0 0.00456018
0 0.0075492
0 0.022722
0 0.0278914
0 0.018265
0 0.0447418
0 0.00419915
0 0.0195876
0 0.019815
0 0.0191217
0 0.0292125
0 0.0124105
0 0.0959606
0 0.00484043
0 0.0774655
0 0.00563882
0 0.0441191
0 0.0694379
0 0.0405468
0 0.0742278
0 0.0105615
0 0.049247
0 0.0394227
0 0.030524
0 0.0253053
0 0.0221645
0 0.0514478
0 0.0277622
0 0.0109548
0 0.126785
0 0.0175374
0 0.0191107
0 0.0222825
0 0.00886626
0 0.0114667
0 0.111096
0 0.00879806
0 0.0213066
0 0.0106754
0 0.032889
0 0.0508755
0 0.0027378
0 0.0135834
0 0.00431784
0 0.00728991
0 0.0734729
0 0.011532
0 0.0342697
0 0.0611895
0 0.00789654
0 0.134793
0 0.0108095
0 0.0735206
0 0.00373506
0 0.0546296
0 0.0607755
0 0.0901422
0 0.000904104
0 0.0360368
0 0.00523605
0 0.0107127
0 0.0217908
0 0.0456124
0 0.0168751
0 0.11032
0 0.0439338
0 0.0631037
0 0.0765545
0 0.0250028
0 0.0565295
0 0.0473381
0 0.0373111
0 0.00663063
0 0.0733918
0 0.0491397
0 0.00314532
0 0.103502
0 0.0209582
0 0.00270619
0 0.0782798
0 0.0732296
0 0.0120896
0 0.100248
0 0.0544523
0 0.0688541
0 0.019526
0 0.00186738
0 0.0154577
0 0.00195883
0 0.0214616
0 0.0281934
0 0.0435705
0 0.00934776
0 0.0279563
0 0.0988713
0 0.0371993
0 0.0417733
0 0.0152249
0 0.0313785
0 0.100024
0 0.0179126
0 0.0293153
0 0.0709263
0 0.0627872
0 0.018622
0 0.0677872
0 0.0123147
0 0.00796118
0 0.0751255
0 0.00231712
0 0.0588931
0 0.00227159
0 0.0113844
0 0.0121865
0 0.0403423
0 0.0066083
0 0.0109391
0 0.0456198
0 0.018505
0 0.00216063
0 0.0279482
0 0.0146337
0 0.0238058
0 0.0706816
0 0.090127
0 0.00757162
0 0.0209391
0 0.0018444
0 0.0158656
0 0.0609703
0 0.058733
0 0.00366356
0 0.00999698
0 0.00814497
0 0.0276829
0 0.0792837
0 0.0350697
0 0.0222621
0 0.0242915
0 0.0467255
0 0.0483878
0 0.0181553
0 0.029276
0 0.0542319
0 0.00734156
0 0.0195903
0 0.0727485
0 0.0181818
0 0.0182024
0 0.0436354
0 0.0232834
0 0.0532506
0 0.0605657
0 0.0217555
0 0.0468823
0 0.0194137
0 0.0300506
0 0.0343535
0 0.0284289
0 0.0469207
0 0.114487
0 0.0635196
0 0.0466143
0 0.0127521
0 0.186135
0 0.00997429
0 0.0444145
0 0.0825022
0 0.0116687
0 0.0531214
0 0.0405965
0 0.00872004
0 0.0417855
0 0.0406489
0 0.0389306
0 0.04348
0 0.0500685
0 0.0367032
0 0.0157723
0 0.0729424
0 0.00851231
0 0.150506
0 0.0441357
0 0.0129244
0 0.00863355
0 0.0168424
0 0.0376455
0 0.0221328
0 0.023874
0 0.00669126
0 0.0190889
0 0.0446392
0 0.0238583
0 0.0114324
0 0.0172886
0 0.169949
0 0.0185197
0 0.017237
0 0.0121679
0 0.0607717
0 0.0241068
0 0.0424956
0 0.12367
0 0.0261498
0 0.0189278
0 0.0116731
0 0.00186162
0 0.0830372
0 0.00499616
0 0.0553771
0 0.0697071
0 0.00676281
0 0.0274415
0 0.0809749
0 0.0377776
0 0.0677028
0 0.0387238
0 0.0463006
0 0.0719779
0 0.0392473
0 0.0462641
0 0.0143918
0 0.0231525
0 0.0488142
0 0.0207995
0 0.0646281
0 0.00428363
0 0.0116675
0 0.0239407
0 0.0171687
0 0.0990275
0 0.0100137
0 0.00827926
0 0.0358086
0 0.0115495
0 0.111075
0 0.0810796
0 0.0164048
0 0.0016093
0 0.00872031
0 0.0447541
0 0.050393
0 0.0136857
0 0.100603
0 0.134494
0 0.132543
0 0.0599896
0 0.017617
0 0.0104005
0 0.0296138
0 0.0108772
0 0.00090923
0 0.00414713
0 0.0084098
0 0.049184
0 0.0214301
0 0.0152227
0 0.04101
0 0.0165288
0 0.0188243
0 0.0603381
0 0.0257444
0 0.0223063
0 0.0117188
0 0.0300801
0 0.0533014
0 0.0260682
0 0.0510382
0 0.0538164
0 0.0409286
0 0.0225208
0 0.0502019
0 0.0804966
0 0.0615509
0 0.00502208
0 0.0216947
0 0.0147846
0 0.0741804
0 0.0058628
0 0.00251171
0 0.0168736
0 0.0373066
0 0.102771
0 0.0173207
0 0.0102081
0 0.0475061
0 0.0331574
0 0.0591029
0 0.0169923
0 0.00665795
0 0.0130505
0 0.000926497
0 0.000558924
0 0.0278463
0 0.0380452
0 0.0440937
0 0.0512819
0 0.0188562
0 0.0116849
0 0.00805818
0 0.0222673
0 0.00503626
0 0.017644
0 0.0765422
0 0.0350974
0 0.0280427
0 0.0596012
0 0.0155622
0 0.00698736
0 0.0240175
0 0.0126639
0 0.0600807
0 0.0313638
0 0.0394643
0 0.0077266
0 0.0119218
0 0.0721998
0 0.0199091
0 0.0719806
0 0.018908
0 0.0448212
0 0.0429957
0 0.0316941
0 0.00391098
0 0.032619
0 0.0204743
0 0.0110416
0 0.0248784
0 0.0408828
0 0.051678
0 0.0129056
0 0.0170484
0 0.0559286
0 0.0237657
0 0.00510957
0 0.166268
0 0.0177793
0 0.0622377
0 0.0705382
0 0.00985337
0 0.0402035
0 0.17345
0 0.00997917
0 0.013896
0 0.0280453
0 0.0288089
0 0.0245271
0 0.0456921
0 0.0188965
0 0.0108678
0 0.0356715
0 0.01719
0 0.0111061
0 0.00583643
0 0.0463523
0 0.0288103
0 0.0328214
0 0.00150865
0 0.0345572
0 0.0520687
0 0.0573234
0 0.0310208
0 0.0310218
0 0.0175916
0 0.0468117
0 0.0374609
0 0.143537
0 0.0451539
0 0.00183417
0 0.0236362
0 0.0830436
0 0.0173649
0 0.0548152
0 0.00279327
0 0.0527682
0 0.0310044
0 0.0196509
0 0.0334012
0 0.122645
0 0.0214407
0 0.023271
0 0.0234242
0 0.00524013
0 0.00554228
0 0.0104139
0 0.0538525
0 0.00114923
0 0.0852355
0 0.0184347
0 0.0196695
0 0.0574773
0 0.0411848
0 0.0184093
0 0.0286274
0 0.0450587
0 0.0842245
0 0.00696336
0 0.0423123
0 0.0194715
0 0.0335607
0 0.0283589
0 0.014924
0 0.0651975
0 0.0264313
0 0.00183236
0 0.0554158
0 0.0729467
0 0.00970068
0 0.0176104
0 0.0690475
0 0.0225534
0 0.0381823
0 0.0558518
0 0.00622029
0 0.00529495
0 0.0112571
0 0.0285359
0 0.0499921
0 0.00889501
0 0.0255502
0 0.0205584
0 0.0402711
0 0.0441851
0 0.00624274
0 0.059013
0 0.0535521
0 0.0259054
0 0.0252469
0 0.033893
0 0.0503449
0 0.0675193
0 0.0256568
0 0.0214516
0 0.00904144
0 0.00381779
0 0.0305712
0 0.0432479
0 0.00730213
0 0.0684233
0 0.0370053
0 0.0601732
0 0.05218
0 0.0149296
0 0.00625921
0 0.00565964
0 0.0186497
0 0.00552295
0 0.054636
0 0.0800908
0 0.0525276
0 0.0449451
0 0.000543273
0 0.0253943
0 0.0155666
0 0.0580987
0 0.00744206
0 0.0759759
0 0.0429084
0 0.0701119
0 0.000629182
0 0.0170845
0 0.140788
0 0.0266454
0 0.0633041
0 0.123728
0 0.0808651
0 0.0240768
0 0.03734
0 0.0635939
0 0.0306626
0 0.0519112
0 0.0171677
0 0.0388093
0 0.150185
0 0.0256591
0 0.0625113
0 0.0752834
0 0.0771064
0 0.0507338
0 0.060778
0 0.0150314
0 0.166613
0 0.0205695
0 0.0440357
0 0.0146282
0 0.0435973
0 0.00655277
0 0.0871429
0 0.0766805
0 0.00210035
0 0.0728994
0 0.0130835
0 0.0383995
0 0.00237739
0 0.135639
0 0.064735
0 0.0811483
0 0.011468
0 0.0344327
0 0.0503204
0 0.070757
0 0.0250579
0 0.00525366
0 0.0522582
0 0.0305329
0 0.0623527
0 0.0483565
0 0.0182125
0 0.122188
0 0.0401775
0 0.017155
0 0.0585104
0 0.0117085
0 0.0609651
0 0.0713929
0 0.0328909
0 0.00782694
0 0.145933
0 0.0150333
0 0.0572409
0 0.0108847
0 0.0551451
0 0.0105659
0 0.0226778
0 0.0738843
0 0.0299486
0 0.0138317
0 0.0393914
0 0.00858292
0 0.0510275
0 0.0141045
0 0.0157147
0 0.0628192
0 0.0397129
0 0.0163928
0 0.0509867
0 0.0404201
0 0.00924677
0 0.00821946
0 0.104277
0 0.0556846
0 0.0482515
0 0.0879527
0 0.00290328
0 0.0280996
0 0.0964525
0 0.0496979
0 0.0768459
0 0.0811928
0 0.00439224
0 0.0302712
0 0.0286101
0 0.0216481
0 0.0293474
0 0.018834
0 0.0339225
0 0.0390269
0 0.0426811
0 0.0647433
0 0.0866101
0 0.0159939
0 0.00428646
0 0.0503891
0 0.00810743
0 0.045521
0 0.0235781
0 0.0802096
0 0.00549857
0 0.00465976
0 0.0689463
0 0.037496
0 0.0296161
0 0.0380668
0 0.0404911
0 0.0383923
0 0.0702815
0 0.0679401
0 0.00184404
0 0.0462914
0 0.0576742
0 0.0220639
0 0.00791418
0 0.0109636
0 0.0489001
0 0.0692993
0 0.0120085
0 0.0228395
0 0.070208
0 0.0179227
0 0.0266402
0 0.0491862
0 0.0163793
0 0.0432771
0 0.0325804
0 0.0371331
0 0.0465853
0 0.0237721
0 0.0295103
0 0.0947263
0 0.0833029
0 0.0442504
0 0.0515947
0 0.02022
0 0.0470083
0 0.106009
0 0.031015
0 0.024707
0 0.069502
0 0.0156891
0 0.0430457
0 0.101313
0 0.106523
0 0.0181008
0 0.00617845
0 0.0341424
0 0.0462127
0 0.0600895
0 0.102063
0 0.0487445
0 0.0560071
0 0.0401147
0 0.0339094
0 0.0640736
0 0.0350271
0 0.0362348
0 0.0551422
0 0.0447215
0 0.0473891
0 0.0431859
0 0.0394196
0 0.0245058
0 0.048902
0 0.0239718
0 0.100074
0 0.072935
0 0.0425445
0 0.0212389
0 0.0178889
0 0.0166633
0 0.0362495
0 0.059662
0 0.0155042
0 0.0116906
0 0.0223037
0 0.0646954
0 0.0311351
0 0.0151234
0 0.0076516
0 0.0374971
0 0.0250638
0 0.0901055
0 0.0614899
0 0.0589547
0 0.0153074
0 0.0451582
0 0.0712194
0 0.035066
0 0.0198327
0 0.0219303
0 0.0309234
0 0.0457486
0 0.0257373
0 0.0499653
0 0.0415366
0 0.0438897
0 0.0020506
0 0.0384229
0 0.0681753
0 0.0169691
0 0.106242
0 0.0601892
0 0.0099957
0 0.0255248
0 0.0790534
0 0.00790757
0 0.0682825
0 0.00174394
0 0.0271967
0 0.0501424
0 0.0103885
0 0.0384339
0 0.165706
0 0.0513871
0 0.0210761
0 0.0187151
0 0.01551
0 0.0752137
0 0.0148407
0 0.00713903
0 0.0490149
0 0.0125758
0 0.000823952
0 0.0541857
0 0.0215297
0 0.0932525
0 0.0206238
0 0.0133437
0 0.0209689
0 0.0365206
0 0.108533
0 0.141076
0 0.0494768
0 0.0726711
0 0.00735255
0 0.0373719
0 0.0215099
0 0.00893102
0 0.00714167
0 0.116283
0 0.0114289
0 0.0482329
0 0.0205919
0 0.00747338
0 0.0327251
0 0.0242342
0 0.0120254
0 0.0278875
0 0.0660863
0 0.0532966
0 0.0161787
0 0.0358686
0 0.0657722
0 0.0158509
0 0.0446924
0 0.0217224
0 0.0541591
0 0.0216183
0 0.0800901
0 0.0108743
0 0.0203779
0 0.0555322
0 0.00919084
0 0.0412215
0 0.0397121
0 0.0128245
0 0.0116336
0 0.0107314
0 0.077093
0 0.0173394
0 0.0245295
0 0.0081962
0 0.0364808
0 0.0243454
0 0.0109031
0 0.0238811
0 0.0153413
0 0.00611879
0 0.0380365
0 0.00808113
0 0.0116489
0 0.0692742
0 0.0597145
0 0.0188806
0 0.000959605
0 0.0690484
0 0.0316786
0 0.0248133
0 0.00543658
0 0.0384945
0 0.0402598
0 0.0304435
0 0.117005
0 0.0144053
0 0.0230134
0 0.0245209
0 0.0547561
0 0.0387386
0 0.00944768
0 0.0169923
0 0.00275737
0 0.0112258
0 0.0494941
0 0.011068
0 0.0680888
0 0.0515331
0 0.0140238
0 0.00663629
0 0.0286169
0 0.0381288
0 0.0162979
0 0.0166034
0 0.0532806
0 0.0550482
0 0.0187032
0 0.0676169
0 0.106199
0 0.0562525
0 0.094
0 0.0173043
0 0.0363616
0 0.00438664
0 0.0317042
0 0.00873513
0 0.0128775
0 0.033429
0 0.0383277
0 0.00317437
0 0.00896953
0 0.09962
0 0.000572499
0 0.0525616
0 0.0148653
0 0.0692892
0 0.0151558
0 0.026863
0 0.0352671
0 0.0112488
0 0.0176048
0 0.0543455
0 0.0374085
0 0.00915691
0 0.0464681
0 0.0525343
0 0.0505063
0 0.0167233
0 0.0641158
0 0.0491905
0 0.0737218
0 0.0710916
0 0.0415584
0 0.0219344
0 0.0265437
0 0.00427129
0 0.0576967
0 0.00671235
0 0.107977
0 0.0374926
0 0.0100035
0 0.0533912
0 0.0277267
0 0.0319196
0 0.0719164
0 0.0620007
0 0.0311026
0 0.088672
0 0.0152993
0 0.0071874
0 0.0478738
0 0.0610792
0 0.0579536
0 0.0212829
0 0.025025
0 0.0321731
0 0.00867594
0 0.107234
0 0.0528456
0 0.0369497
0 0.0418194
0 0.0394582
0 0.013777
0 0.0404066
0 0.0809629
0 0.0278832
0 0.0786482
0 0.0504893
0 0.0183024
0 0.000809878
0 0.00742869
0 0.0234786
0 0.043028
0 0.0189062
0 0.0889255
0 0.0159741
0 0.0680553
0 0.0217035
0 0.0195654
0 0.0330324
0 0.018664
0 0.0450562
0 0.00759852
0 0.0414088
0 0.0137469
0 0.0191236
0 0.113554
0 0.00909238
0 0.0423133
0 0.0158802
0 0.0267763
0 0.040753
0 0.13841
0 0.0167106
0 0.015911
0 0.079816
0 0.0178001
0 0.0477128
0 0.0796869
0 0.0190321
0 0.0788966
0 0.0231132
0 0.0875201
0 0.0288195
0 0.0491136
0 0.0887383
0 0.0116805
0 0.0642182
0 0.030055
0 0.045602
0 0.00282228
0 0.0921204
0 0.0454594
0 0.0306242
0 0.0516028
0 0.100469
0 0.0455367
0 0.0761337
0 0.0354781
0 0.0306417
0 0.0611091
0 0.0278988
0 0.0856316
0 0.0374548
0 0.0535397
0 0.0581627
0 0.0200003
0 0.021167
0 0.0255722
0 0.0248293
0 0.0135875
0 0.0103417
0 0.11468
0 0.00479124
0 0.0296999
0 0.0770679
0 0.0298182
0 0.00886901
0 0.00488241
0 0.0109445
0 0.0123152
0 0.0418118
0 0.0333652
0 0.00404925
0 0.0176306
0 0.058354
0 0.0255866
0 0.0605991
0 0.0539458
0 0.00559757
0 0.0540989
0 0.135308
0 0.100278
0 0.0304384
0 0.025931
0 0.0571226
0 0.062563
0 0.0209389
0 0.0171224
0 0.0433043
0 0.0382971
0 0.00655678
0 0.0531994
0 0.0347478
0 0.0102742
0 0.0211935
0 0.0163766
0 0.0594661
0 0.0974151
0 0.0157327
0 0.017635
0 0.033161
0 0.0369284
0 0.0159598
0 0.0473852
0 0.0639894
0 0.0364509
0 0.00809205
0 0.0220936
0 0.00717988
0 0.00339676
0 0.018493
0 0.0736544
0 0.0357236
0 0.0277494
0 0.0286767
0 0.00359057
0 0.0186406
0 0.00819797
0 0.0611321
0 0.0138181
0 0.011446
0 0.0197909
0 0.019049
0 0.00504939
0 0.0773294
0 0.0061964
0 0.0499601
0 0.0909694
0 0.0299889
0 0.0357713
0 0.0329079
0 0.0570903
0 0.0152903
0 0.0512294
0 0.0054979
0 0.093023
0 0.0184998
0 0.0192601
0 0.00705099
0 0.0791243
0 0.00303727
0 0.00761901
0 0.0604879
0 0.0214663
0 0.0365669
0 0.0447352
0 0.0813209
0 0.0410336
0 0.0127957
0 0.00809083
0 0.0950171
0 0.140174
0 0.0203878
0 0.0244954
0 0.0123053
0 0.05286
0 0.0126619
0 0.024662
0 0.0107162
0 0.0373857
0 0.0376397
0 0.00647277
0 0.0197902
0 0.020129
0 0.145866
0 0.0537959
0 0.0685782
0 0.060573
0 0.0196878
0 0.0544387
0 0.0167303
0 0.0615655
0 0.00283653
0 0.024173
0 0.0278268
0 0.0284775
0 0.103105
0 0.0707888
0 0.0267315
0 0.0456085
0 0.0359949
0 0.0290707
0 0.0113022
0 0.0411225
0 0.00500289
0 0.0582746
0 0.0418096
0 0.0175829
0 0.0376499
0 0.105175
0 0.0764131
0 0.021224
0 0.00487554
0 0.0269867
0 0.0115266
0 0.0617181
0 0.0322787
0 0.128314
0 0.0279737
0 0.02006
0 0.0069821
0 0.0553096
0 0.027082
0 0.0246741
0 0.0415496
0 0.0505996
0 0.00517469
0 0.00591115
0 0.096908
0 0.0266736
0 0.015498
0 0.0263074
0 0.00901508
0 0.196811
0 0.0216629
0 0.0951603
0 0.0572447
0 0.0288634
0 0.0513692
0 0.0428525
0 0.0544281
0 0.0763433
0 0.0109563
0 0.0181395
0 0.00738809
0 0.056739
0 0.0301849
0 0.00386515
0 0.00779531
0 0.0368012
0 0.024959
0 0.045456
0 0.0192405
0 0.0813682
0 0.0244543
0 0.00946924
0 0.064865
0 0.0166501
0 0.0551088
0 0.0277256
0 0.00437628
0 0.0974852
0 0.0384831
0 0.0694644
0 0.01683
0 0.0737343
0 0.0793204
0 0.0170733
0 0.176949
0 0.0287333
0 0.0449275
0 0.0250961
0 0.0522407
0 0.046811
0 0.0118396
0 0.0272229
0 0.0187212
0 0.0716151
0 0.0587185
0 0.0217701
0 0.024011
0 0.0103908
0 0.0399484
0 0.0326678
0 0.024372
0 0.0735276
0 0.0509666
0 0.0851594
0 0.0136672
0 0.0706845
0 0.0312865
0 0.0131987
0 0.0136436
0 0.00152636
0 0.0124633
0 0.0118796
0 0.105878
0 0.0319347
0 0.00111625
0 0.0446501
0 0.0257918
0 0.0318931
0 0.00968709
0 0.0306424
0 0.0238653
0 0.0157025
0 0.0637884
0 0.00195597
0 0.0265407
0 0.0128482
0 0.0292741
0 0.0970831
0 0.0191642
0 0.0876418
0 0.00271057
0 0.0119949
0 0.0398653
0 0.0409927
0 0.043033
0 0.0106421
0 0.00427702
0 0.0944945
0 0.0385545
0 0.0249127
0 0.0213563
0 0.0448611
0 0.0939338
0 0.0881339
0 0.013059
0 0.0446247
0 0.095937
0 0.0373223
0 0.0256574
0 0.0765316
0 0.0408573
0 0.118555
0 0.113706
0 0.00604762
0 0.00209189
0 0.0448626
0 0.0054702
0 0.0144406
0 0.0293119
0 0.161
0 0.0565247
0 0.0203534
0 0.0426822
0 0.047244
0 0.122579
0 0.0134756
0 0.0166015
0 0.0165695
0 0.0682224
0 0.115949
0 0.0154611
0 0.0129949
0 0.0652089
0 0.060846
0 0.0425124
0 0.0335138
0 0.0119912
0 0.0622158
0 0.0240603
0 0.0107957
0 0.00066595
0 0.0135364
0 0.0412016
0 0.0540067
0 0.0437574
0 0.0425056
0 0.00453246
0 0.0501869
0 0.00353727
0 0.0444619
0 0.0164971
0 0.0609209
0 0.0479014
0 0.0404282
0 0.0471703
0 0.00763127
0 0.00835891
0 0.0196562
0 0.0863237
0 0.0439937
0 0.00503615
0 0.0861477
0 0.0148875
0 0.0106854
0 0.00648835
0 0.03914
0 0.00240664
0 0.0483437
0 0.0164171
0 0.0646072
0 0.0194189
0 0.11604
0 0.0145604
0 0.045835
0 0.0681243
0 0.0481471
0 0.0604905
0 0.0153803
0 0.0406149
0 0.0982461
0 0.0123741
0 0.0205553
0 0.0368306
0 0.0019565
0 0.0800855
0 0.0248993
0 0.050469
0 0.0820721
0 0.0319023
0 0.0163611
0 0.0276855
0 0.0265201
0 0.0833423
0 0.0540273
0 0.0777601
0 0.0469507
0 0.0693912
0 0.0169909
0 0.110507
0 0.0118408
0 0.0510893
0 0.0326914
0 0.0162179
0 0.0460632
0 0.0131518
0 0.00863011
0 0.0352179
0 0.138827
0 0.032529
0 0.0364745
0 0.0113819
0 0.0530652
0 0.020859
0 0.0452543
0 0.0826298
0 0.0749314
0 0.0348934
0 0.0598106
0 0.0206824
0 0.0125958
0 0.0118066
0 0.0457134
0 0.037534
0 0.0447066
0 0.00615359
0 0.01183
0 0.0456614
0 0.0114799
0 0.0489795
0 0.0612418
0 0.0340074
0 0.00990327
0 0.00873733
0 0.0954886
0 0.0361971
0 0.0143848
0 0.0728415
0 0.0480104
0 0.092875
0 0.043953
0 0.00588259
0 0.0582661
0 0.0330796
0 0.0445274
0 0.0347377
0 0.000787702
0 0.0157992
0 0.129497
0 0.00494543
0 0.0626389
0 0.114053
0 0.0106867
0 0.0406934
0 0.008062
0 0.0251227
0 0.0709147
0 0.072477
0 0.0060301
0 0.0480182
0 0.0527735
0 0.0565868
0 0.053511
0 0.0381934
0 0.0345818
0 0.0647083
0 0.0120109
0 0.000985109
0 0.011329
0 0.00302487
0 0.0122106
0 0.0102497
0 0.0366227
0 0.0260264
0 0.0048952
0 0.00759286
0 0.0925174
0 0.0415908
0 0.109227
0 0.0272957
0 0.0661197
0 0.0308025
0 0.0138727
0 0.0906069
0 0.110386
0 0.00686366
0 0.0973101
0 0.0178527
0 0.055541
0 0.0299233
0 0.0684986
0 0.0410353
0 0.00945034
0 0.0145857
0 0.00417146
0 0.0183004
0 0.133592
0 0.0307586
0 0.0482083
0 0.0297376
0 0.0137158
0 0.0635131
0 0.0244364
0 0.0417957
0 0.0827266
0 0.0290971
0 0.0426773
0 0.0364577
0 0.0133825
0 0.00253857
0 0.0337031
0 0.00881553
0 0.0420555
0 0.0211295
0 0.0567498
0 0.0091818
0 0.0162128
0 0.019474
0 0.0435553
0 0.0695098
0 0.0257694
0 0.042575
0 0.00685775
0 0.0449253
0 0.0265111
0 0.0575712
0 0.0157135
0 0.0449211
0 0.0415924
0 0.072182
0 0.00471854
0 0.0191506
0 0.133226
0 0.0351578
0 0.0894268
0 0.0721728
0 0.00647592
0 0.0164532
0 0.086413
0 0.108145
0 0.119532
0 0.0443033
0 0.0222586
0 0.123255
0 0.0279418
0 0.0409241
0 0.031755
0 0.00450742
0 0.00301462
0 0.0556064
0 0.0133238
0 0.0219626
0 0.162189
0 0.109801
0 0.0166065
0 0.00639199
0 0.0049663
0 0.0135233
0 0.0570894
0 0.0637116
0 0.0411189
0 0.00882237
0 0.032704
0 0.0252237
0 0.0314119
0 0.0492368
0 0.0648823
0 0.0546742
0 0.0494343
0 0.0139073
0 0.115232
0 0.0243108
0 0.0354767
0 0.0359791
0 0.00306568
0 0.0267468
0 0.016135
0 0.03643
0 0.0661341
0 0.000478001
0 0.0220675
0 0.00150745
0 0.036382
0 0.0385304
0 0.0492751
0 0.0624798
0 0.00249856
0 0.0119739
0 0.0273043
0 0.0814116
0 0.0791111
0 0.0455338
0 0.0242606
0 0.0220585
0 0.0259263
0 0.146389
0 0.00955378
0 0.0425606
0 0.0147558
0 0.0256112
0 0.0257249
0 0.0272039
0 0.0228793
0 0.0375739
0 0.0647838
0 0.0523672
0 0.0808871
0 0.0476327
0 0.0458718
0 0.0434485
0 0.0163851
0 0.0261568
0 0.0115853
0 0.00507332
0 0.0072118
0 0.0197087
0 0.0404997
0 0.00705779
0 0.0355265
0 0.0316385
0 0.0450663
0 0.00897204
0 0.0273768
0 0.0402848
0 0.0104547
0 0.0936952
0 0.00340491
0 0.0436723
0 0.0262413
0 0.0357513
0 0.00810974
0 0.0475385
0 0.0178044
0 0.0436442
0 0.0387255
0 0.0641153
0 0.0676334
0 0.0278084
0 0.0687254
0 0.022725
0 0.00729676
0 0.044014
0 0.0354667
0 0.0144056
0 0.00492751
0 0.017821
0 0.0679124
0 0.0203911
0 0.105587
0 0.0359853
0 0.0567236
0 0.0501691
0 9.27114e-05
0 0.0334011
0 0.0485378
0 0.0203404
0 0.0113198
0 0.0394361
0 0.0403537
0 0.00705729
0 0.0306203
0 0.0200731
0 0.022064
0 0.0288129
0 0.028698
0 0.00726342
0 0.00813836
0 0.0702319
0 0.014913
0 0.00800418
0 0.0199976
0 0.0415069
0 0.0406629
0 0.0634445
0 0.0336737
0 0.0196462
0 0.0591566
0 0.021626
0 0.00326429
0 0.0428086
0 0.0465912
0 0.00853659
0 0.0378353
0 0.0343019
0 0.042659
0 0.107557
0 0.0407265
0 0.0333317
0 0.0620645
0 0.025155
0 0.00599439
0 0.0173175
0 0.00531905
0 0.103656
0 0.0703116
0 0.0294401
0 0.0451317
0 0.0233397
0 0.0207693
0 0.0358888
0 0.0215964
0 0.0206857
0 0.191556
0 0.044847
0 0.00843715
0 0.0752474
0 0.0489282
0 0.0543537
0 0.0640348
0 0.00336635
0 0.0913695
0 0.00329681
0 0.0315881
0 0.0745381
0 0.00101893
0 0.0963257
0 0.00333918
0 0.00984017
0 0.0114609
0 0.0277523
0 0.0284262
0 0.00401353
0 0.0759583
0 0.0281255
0 0.0182863
0 0.0389745
0 0.01809
0 0.0843927
0 0.0457261
0 0.071938
0 0.0331777
0 0.0423891
0 0.030127
0 0.0219637
0 0.0607308
0 0.004836
0 0.0903255
0 0.0251885
0 0.00832272
0 0.0133177
0 0.0966771
0 0.0454736
0 0.0147874
0 0.167676
0 0.0320807
0 0.00835679
0 0.018288
0 0.109205
0 0.0710026
0 0.0235575
0 0.10182
0 0.0719703
0 0.0249298
0 0.0422719
0 0.0501833
0 0.0563813
0 0.0134952
0 0.0247973
0 0.0236783
0 0.115309
0 0.0245762
0 0.0412446
0 0.00662027
0 0.0167266
0 0.0112831
0 0.0512845
0 0.0354042
0 0.0179453
0 0.00165805
0 0.000305898
0 0.0489651
0 0.0656019
0 0.0259541
0 0.0228424
0 0.0407745
0 0.0119355
0 0.0338265
0 0.02057
0 0.0131488
0 0.0786759
0 0.00553637
0 0.0370677
0 0.0383214
0 0.0295807
0 0.00533369
0 0.055393
0 0.021077
0 0.00391334
0 0.046003
0 0.0433746
0 0.0997143
0 0.024487
0 0.0794566
0 0.0439841
0 0.0406493
0 0.0469224
0 5.54094e-05
0 0.0621136
0 0.0523627
0 0.00925933
0 0.0160658
0 0.0586866
0 0.00279128
0 0.0316565
0 0.05357
0 0.0312948
0 0.0534988
0 0.0102451
0 0.0224639
0 0.0196149
0 0.0392636
0 0.0122477
0 0.0303057
0 0.00685925
0 0.000798018
0 0.00681159
0 0.0144186
0 0.0130043
0 0.0729317
0 0.0310531
0 0.0488241
0 0.00491978
0 0.0578826
0 0.0602874
0 0.106256
0 0.117492
0 0.0312337
0 0.0114885
0 0.0216201
0 0.0831011
0 0.0492228
0 0.0133766
0 0.0262009
0 0.0213902
0 0.00774356
0 0.00462238
0 0.0376104
0 0.0297081
0 0.0433521
0 0.04719
0 0.0407744
0 0.0981507
0 0.00689627
0 0.0086494
0 0.0363355
0 0.0250383
0 0.0373713
0 0.0136966
0 0.0887655
0 0.0300488
0 0.0385569
0 0.0245202
0 0.106554
0 0.047689
0 0.0593134
0 0.0204984
0 0.0298422
0 0.00242702
0 0.00744332
0 0.0471231
0 0.0586635
0 0.00438125
0 0.0646895
0 0.0892
0 0.0227591
0 0.084902
0 0.0284911
0 0.0759956
0 0.0649834
0 0.012578
0 0.0208783
0 0.0026007
0 0.0479443
0 0.0410614
0 0.0396203
0 0.00225415
0 0.00560075
0 0.0210224
0 0.0776905
0 0.0231838
0 0.00283942
0 0.0513731
0 0.0146682
0 0.132369
0 0.0222484
0 0.0527882
0 0.0353471
0 0.0381256
0 0.0241803
0 0.0155761
0 0.0520136
0 0.0196964
0 0.0164583
0 0.0239658
0 0.0749074
0 0.0211215
0 0.0452448
0 0.0428907
0 0.0965588
0 0.00303555
0 0.0304732
0 0.181037
0 0.0674094
0 0.11318
0 0.0185133
0 0.00575572
0 0.00953052
0 0.0372224
0 0.0498056
0 0.0309413
0 0.00284358
0 0.0150347
0 0.00246188
0 0.0121888
0 0.0202833
0 0.0313982
0 0.105598
0 0.0716616
0 0.100918
0 0.027172
0 0.0686559
0 0.0691056
0 0.202262
0 0.0617483
0 0.0200543
0 0.029869
0 0.0194672
0 0.0667438
0 0.0171206
0 0.0148327
0 0.0136914
0 0.0196591
0 0.0223761
0 0.0150189
0 0.0236064
0 0.0339364
0 0.0853524
0 0.0971773
0 0.0345567
0 0.0225389
0 0.0371097
0 0.00530898
0 0.00864333
0 0.00673442
0 0.0379171
0 0.0245205
0 0.0656911
0 0.0111407
0 0.0101002
0 0.0185102
0 0.029365
0 0.00461118
0 0.0250852
0 0.104942
0 0.0161596
0 0.025124
0 0.0249673
0 0.0141089
0 0.14433
0 0.0747394
0 0.021611
0 0.0711991
0 0.0603416
0 0.0469064
0 0.0909183
0 0.0599428
0 0.0015457
0 0.00425684
0 0.00957806
0 0.0184923
0 0.0427694
0 0.0611406
0 0.089683
0 0.0735229
0 0.0575558
0 0.0123418
0 0.0219841
0 0.0839133
0 0.0286043
0 0.00136072
0 0.0298192
0 0.00789308
0 0.0288128
0 0.00922841
0 0.0554161
0 0.0113047
0 0.0237824
0 0.011998
0 0.0210678
0 0.0670722
0 0.0136432
0 0.0152762
0 0.0284976
0 0.0537164
0 0.0349505
0 0.0933845
0 0.00479675
0 0.0360611
0 0.0208213
0 0.0251084
0 0.0272009
0 0.0141519
0 0.0224775
0 0.130499
0 0.0481903
0 0.128394
0 0.0143652
0 0.044814
0 0.0260969
0 0.00859846
0 0.0371792
0 0.011353
0 0.0766041
0 0.0180314
0 0.0937231
0 0.000772198
0 0.0179509
0 0.00747418
0 0.0835338
0 0.00230632
0 0.0766833
0 0.0117928
0 0.0208405
0 0.0123929
0 0.00281721
0 0.00207347
0 0.00466776
0 0.0450701
0 0.0923711
0 0.0159681
0 0.10855
0 0.0554294
0 0.0244319
0 0.0140277
0 0.00943776
0 0.0275011
0 0.0323288
0 0.0129513
0 0.0208088
0 0.0843172
0 0.0884878
0 0.0944575
0 0.00620711
0 0.0624965
0 0.0168362
0 0.0313415
0 0.00630889
0 0.044775
0 0.052607
0 0.00289328
0 0.0150393
0 0.0320882
0 0.0158105
0 0.0112928
0 0.0333015
0 0.0261617
0 0.00701827
0 0.00596765
0 0.0337588
0 0.0176388
0 0.0251832
0 0.0712948
0 0.05623
0 0.0556161
0 0.0546195
0 0.0732384
0 0.0149456
0 0.00084075
0 0.0962293
0 0.0799921
0 0.0289708
0 0.000196905
0 0.00116682
0 0.0861054
0 0.0800128
0 0.0538826
0 0.109712
0 0.0840398
0 0.0121149
0 0.0162926
0 0.0229321
0 0.0544094
0 0.00776214
0 0.10681
0 0.028015
0 0.023481
0 0.0409713
0 0.0192047
0 0.0245593
0 0.129986
0 0.0418417
0 0.034093
0 0.0551048
0 0.0457292
0 0.0691772
0 0.00417701
0 0.0575447
0 0.077154
0 0.043446
0 0.0526406
0 0.0444735
0 0.0353565
0 0.0253676
0 0.0187998
0 0.0552304
0 0.045234
0 0.127733
0 0.0708091
0 0.0255687
0 0.00569622
0 0.0171932
0 0.087069
0 0.0741766
0 0.00146606
0 0.0226415
0 0.0400097
0 0.0564896
0 0.00965773
0 0.0298599
0 0.0483021
0 0.0585512
0 0.0166618
0 0.174729
0 0.0382191
0 0.0379199
0 0.00426646
0 0.0367186
0 0.0600467
0 0.107655
0 0.0216862
0 0.0494466
0 0.0299078
0 0.0211149
0 0.0212569
0 0.00420867
0 0.0453493
0 0.0371982
0 0.072076
0 0.00323728
0 0.0134356
0 0.00863922
0 0.0392893
0 0.0418926
0 0.00224584
0 0.0877372
0 0.0532599
0 0.00545561
0 0.0073269
0 0.0212664
0 0.0674847
0 0.0150997
0 0.0361935
0 0.0169059
0 0.00299154
0 0.012772
0 0.0459752
0 0.103367
0 0.0144444
0 0.0569165
0 0.000442112
0 0.0418676
0 0.0364681
0 0.03264
0 0.0597921
0 0.054155
0 0.0754
0 0.0592849
0 0.0194128
0 0.0207942
0 0.00486871
0 0.0377731
0 0.0686456
0 0.0132176
0 0.022678
0 0.0270108
0 0.0869277
0 0.0450683
0 0.0738063
0 0.0160209
0 0.0904379
0 0.0243558
0 0.0225628
0 0.0454148
0 0.147781
0 0.061771
0 0.0188879
0 0.00985138
0 0.0444853
0 0.0360752
0 0.00406885
0 0.0523739
0 0.099464
0 0.0500356
0 0.00722505
0 0.0497217
0 0.0939722
0 0.0104475
0 0.0179631
0 0.0343603
0 0.00464862
0 0.00681841
0 0.0213232
0 0.0515503
0 0.0589968
0 0.0213722
0 0.0737781
0 0.0293025
0 0.00363156
0 0.0358582
0 0.0107497
0 0.0104503
0 0.00739004
0 0.00231335
0 0.0226375
0 0.078047
0 0.028564
0 0.0213105
0 0.0224621
0 0.0624432
0 0.185074
0 0.0262906
0 0.043415
0 0.0846728
0 0.0350014
0 0.00349063
0 0.0239026
0 0.0153123
0 0.00963935
0 0.00249661
0 0.0957109
0 0.0756578
0 0.0527809
0 0.0110646
0 0.0522865
0 0.0540926
0 0.0405801
0 0.0558006
0 0.00725335
0 0.0523432
0 0.0815989
0 0.0947217
0 0.0340897
0 0.014653
0 0.0552162
0 0.0353012
0 0.0268992
0 0.0401224
0 0.0463925
0 0.0590344
0 0.0202006
0 0.0100723
0 0.0509813
0 0.0336701
0 0.024945
0 0.0544699
0 0.0252405
0 0.0294559
0 0.158273
0 0.11754
0 0.0663803
0 0.0933699
0 0.00713257
0 0.0546803
0 0.0205611
0 0.0327748
0 0.122114
0 0.0588175
0 0.025908
0 0.0221843
0 0.0378156
0 0.0179676
0 0.108014
0 0.0286346
0 0.0533154
0 0.0180246
0 0.0137375
0 0.0351222
0 0.0366719
0 0.0205814
0 0.0569259
0 0.0230247
0 0.0856583
0 0.0106847
0 0.0165784
0 0.00689837
0 0.0760512
0 0.00434093
0 0.0259847
0 0.0121081
0 0.0370572
0 0.05332
0 0.063437
0 0.0442544
0 0.0380243
0 0.0173384
0 0.0160114
0 0.0201228
0 0.0124181
0 0.0181072
0 0.0548909
0 0.0533048
0 0.054599
0 0.0349268
0 0.0485444
0 0.0399672
0 0.134279
0 0.1202
0 0.0844276
0 0.0785156
0 0.0433216
0 0.0276844
0 0.0601782
0 0.0284463
0 0.0560493
0 0.0335992
0 0.0278701
0 0.0154918
0 0.0242075
0 0.0119918
0 0.0120581
0 0.0722802
0 0.021655
0 0.080584
0 0.0136756
0 0.0331005
0 0.0165221
0 0.0336997
0 0.0305321
0 0.0149036
0 0.0508135
0 0.0429799
0 0.00490971
0 0.0278538
0 0.0345591
0 0.0328891
0 0.0060027
0 0.0106987
0 0.00275864
0 0.0369989
0 0.0910376
0 0.0493903
0 0.034821
0 0.100064
0 0.0358053
0 0.0212961
0 0.0452656
0 0.0932315
0 0.000118372
0 0.00698306
0 0.0490243
0 0.00844345
0 0.159955
0 0.011292
0 0.0213121
0 0.0349763
0 0.0510685
0 0.0246342
0 0.0197461
0 0.0944085
0 0.0441182
0 0.0541589
0 0.076566
0 0.00305087
0 0.0583828
0 0.00238588
0 0.0110544
0 0.0584309
0 0.0803905
0 0.0361323
0 0.0649265
0 0.016692
0 0.0156046
0 0.0365816
0 0.0380638
0 0.00594555
0 0.020895
0 0.0190561
0 0.0383927
0 0.0139521
0 0.00405734
0 0.0428746
0 0.0170527
0 0.0384663
0 0.0037629
0 0.0335032
0 0.0256366
0 0.139823
0 0.00699528
0 0.0285299
0 0.0153727
0 0.145034
0 0.0755887
0 0.0353494
0 0.0563432
0 0.0476024
0 0.0769303
0 0.0511082
0 0.0381683
0 0.00371262
0 0.0342356
0 0.0624785
0 0.00659438
0 0.176774
0 0.00195285
0 0.0201289
0 0.0872952
0 0.0308609
0 0.0620976
0 0.0373563
0 0.108658
0 0.0340003
0 0.000858924
0 0.00452307
0 0.0663561
0 0.0342441
0 0.023597
0 0.0729222
0 0.0151564
0 0.0342688
0 0.0185613
0 0.00127398
0 0.0727594
0 0.130484
0 0.00210129
0 0.0154074
0 0.0194485
0 0.0399677
0 0.0503856
0 0.0515565
0 0.0356802
0 0.00142014
0 0.00715419
0 0.022798
0 0.0835208
0 0.0731333
0 0.0134165
0 0.0220024
0 0.067051
0 0.0233918
0 0.104024
0 0.0538999
0 0.00712431
0 0.0104781
0 0.0304552
0 0.132476
0 0.110681
0 0.0907308
0 0.0496473
0 0.0200754
0 0.056772
0 0.0842222
0 0.0186865
0 0.0237198
0 0.0587433
0 0.0376091
0 0.0264334
0 0.00778506
0 0.0173072
0 0.0412052
0 0.0315552
0 0.0262811
0 0.0359737
0 0.0249393
0 0.0749381
0 0.0926904
0 0.00881393
0 0.0238073
0 0.0214497
0 0.0432144
0 0.0769586
0 0.0168159
0 0.054907
0 0.0307819
0 0.00724169
0 0.0269354
0 0.136625
0 0.00826102
0 0.0095707
0 0.0771867
0 0.0227843
0 0.0200251
0 0.0208343
0 0.0299487
0 0.0247536
0 0.0177805
0 0.0198999
0 0.023661
0 0.0298303
0 0.167839
0 0.0232209
0 0.0325573
0 0.0334464
0 0.0289612
0 0.00796141
0 0.0358385
0 0.0230959
0 0.0120038
0 0.0540556
0 0.0224985
0 0.00744493
0 0.0217386
0 0.0655716
0 0.00384015
0 0.0319988
0 0.0323925
0 0.122109
0 0.0265913
0 0.00143614
0 0.0129136
0 0.00219583
0 0.0208102
0 0.0290448
0 0.080292
0 0.0226666
0 0.126777
0 0.0828245
0 0.0118286
0 0.0457331
0 0.0374851
0 0.00902831
0 0.0513617
0 0.119974
0 0.0244814
0 0.0118517
0 0.0312226
0 0.0487628
0 0.0301711
0 0.0541451
0 0.0160862
0 0.0168293
0 0.0157504
0 0.0533742
0 0.0238233
0 0.0392909
0 0.0167855
0 0.0129012
0 0.0504817
0 0.0646076
0 0.0295369
0 0.0276352
0 0.00204713
0 0.0212691
0 0.0106952
0 0.00591169
0 0.0802424
0 0.00740223
0 0.0587309
0 0.126409
0 0.0681362
0 0.0489346
0 0.02772
0 0.0243346
0 0.0618716
0 0.0297941
0 0.00346764
0 0.0270053
0 0.0587175
0 0.00268198
0 0.00921386
0 0.00738727
0 0.0346001
0 0.0190749
0 0.0213806
0 0.0436382
0 0.0335354
0 0.00163375
0 0.026585
0 0.136858
0 0.00466457
0 0.0245703
0 0.0257587
0 0.00380366
0 0.0363279
0 0.0397873
0 0.0229284
0 0.0209567
0 0.0423325
0 0.0443851
0 0.0282025
0 0.0265996
0 0.00124072
0 0.031509
0 0.0386312
0 0.0184687
0 0.0371746
0 0.0589696
0 0.000494962
0 0.0518524
0 0.089492
0 0.0212478
0 0.0886436
0 0.0197772
0 0.0564851
0 0.0130874
0 0.013279
0 0.0330233
0 0.0325144
0 0.0254382
0 0.118509
0 0.0331369
0 0.0273363
0 0.0107476
0 0.0344231
0 0.0312587
0 0.0150582
0 0.0564387
0 0.0127246
0 0.0219962
0 0.0268411
0 0.0446017
0 0.00669844
0 0.0305737
0 0.0227639
0 0.0400064
0 0.0115728
0 0.0276512
0 0.00232127
0 0.0654256
0 0.0198234
0 0.0221595
0 0.0299243
0 0.16288
0 0.0345654
0 0.0830202
0 0.0690141
0 0.0513357
0 0.00594648
0 0.00381447
0 0.0482894
0 0.0224869
0 0.0674098
0 0.0377986
0 0.0448048
0 0.104552
0 0.0108599
0 0.00657726
0 0.0485224
0 0.0215267
0 0.0245662
0 0.0312575
0 0.00710351
0 0.104924
0 0.00448277
0 0.0276178
0 0.0255541
0 0.00250254
0 0.0285852
0 0.0240416
0 0.0105582
0 0.0260854
0 0.0647649
0 0.0587082
0 0.0502206
0 0.008799
0 0.027942
0 0.020174
0 0.00325874
0 0.0379624
0 0.0388274
0 0.110983
0 0.0183957
0 0.0484234
0 0.00537589
0 0.0291857
0 0.0942936
0 0.0598042
0 0.0612084
0 0.0164102
0 0.0916854
0 0.00560993
0 0.0826431
0 0.0574967
0 0.0467335
0 0.0111592
0 0.00167585
0 0.0163849
0 0.0400988
0 0.00866689
0 0.026929
0 0.056037
0 0.0391508
0 0.0165451
0 0.0207046
0 0.0106005
0 0.0536947
0 0.131024
0 0.03937
0 0.0229566
0 0.0472061
0 0.0944187
0 0.0345834
0 0.0744863
0 0.044852
0 0.0673436
0 0.0346468
0 0.0107183
0 0.0429032
0 0.0262766
0 0.0815128
0 0.0626513
0 0.0275032
0 0.0737613
0 0.00384537
0 0.00802872
0 0.103229
0 0.0263852
0 0.0842141
0 0.0278541
0 0.017284
0 0.00157271
0 0.0495127
0 0.0441064
0 0.0538641
0 0.0113827
0 0.0201164
0 0.0746804
0 0.023264
0 0.0145014
0 0.0467697
0 0.0393662
0 0.0103848
0 0.0769028
0 0.0206455
0 0.0397255
0 0.00465939
0 0.0466379
0 0.0962261
0 0.0269998
0 0.0150161
0 0.0385072
0 0.0369854
0 0.0287401
0 0.0372503
0 0.0214753
0 0.0704084
0 0.00379222
0 0.0221436
0 0.100413
0 0.0317055
0 0.015353
0 0.0117279
0 0.0225529
0 0.0437454
0 0.0581047
0 0.0115904
0 0.012155
0 0.0431715
0 0.0245907
0 0.0849566
0 0.0182217
0 0.0119235
0 0.00655855
0 0.0470457
0 0.0480607
0 0.0599979
0 0.0260193
0 0.0103441
0 0.0081478
0 0.0688121
0 0.0280779
0 0.00658901
0 0.0614088
0 0.0302802
0 0.0518685
0 0.0321599
0 0.105831
0 0.048379
0 0.0208117
0 0.0965696
0 0.0866125
0 0.0531213
0 0.0800336
0 0.0368471
0 0.0925142
0 0.15037
0 0.0217557
0 0.0426924
0 0.0437718
0 0.0374186
0 0.0989916
0 0.0131113
0 0.0194127
0 0.0197797
0 0.0586392
0 0.149861
0 0.0131055
0 0.00243574
0 0.0406004
0 0.0190821
0 0.0506523
0 0.0987145
0 0.0450885
0 0.0302557
0 0.010922
0 0.0213605
0 0.0315714
0 0.05222
0 0.103995
0 0.0175693
0 0.078973
0 0.0614516
0 0.0830533
0 0.0313831
0 0.00252832
0 0.0473132
0 0.0451959
0 0.0499977
0 0.0370942
0 0.0832736
0 0.0600343
0 0.0135564
0 0.0767043
0 0.0301259
0 0.00341404
0 0.0335908
0 0.0616847
0 0.00298883
0 0.0207799
0 0.012895
0 0.0299095
0 0.0155841
0 0.0631779
0 0.0208236
0 0.0590596
0 0.0176673
0 0.0124872
0 0.00400455
0 0.0355192
0 0.0219589
0 0.0532328
0 0.0156395
0 0.0591733
0 0.095277
0 0.000990396
0 0.0382328
0 0.00415232
0 0.00549382
0 0.0147921
0 0.00901616
0 0.0160144
0 0.0941022
0 0.107505
0 0.0452543
0 0.0206303
0 0.0341693
0 0.108173
0 0.159244
0 0.0360873
0 0.0432265
0 0.0224526
0 0.0540971
0 0.0277252
0 0.0711467
0 0.00706067
0 0.067471
0 0.0414556
0 0.0583263
0 0.0334048
0 0.00829351
0 0.0782908
0 0.0255465
0 0.00946133
0 0.00272818
0 0.0322629
0 0.0306318
0 0.0230372
0 0.0210942
0 0.0208516
0 0.0652638
0 0.0552213
0 0.00698134
0 0.0130486
0 0.0626951
0 0.109626
0 0.0222084
0 0.0175077
0 0.173901
0 0.0745292
0 0.0551507
0 0.107486
0 0.00786983
0 0.00222309
0 0.0361197
0 0.0233892
0 0.00708187
0 0.0625178
0 0.139225
0 0.00776033
0 0.0200702
0 0.0237236
0 0.00879038
0 0.0267398
0 0.0217352
0 0.0146272
0 0.0353149
0 0.00125621
0 0.0124079
0 0.0171321
0 0.0804604
0 0.0134919
0 0.0259727
0 0.0403315
0 0.00061217
0 0.00274372
0 0.0738077
0 0.043976
0 0.0919619
0 0.0163161
0 0.0161288
0 0.0527665
0 0.304545
0 0.0624697
0 0.0103085
0 0.00393195
0 0.0739864
0 0.0682699
0 0.00162947
0 0.0199615
0 0.0995557
0 0.0301734
0 0.0586386
0 0.106285
0 0.0115506
0 0.00575402
0 0.0473594
0 0.0173333
0 0.0256115
0 0.00117304
0 0.00829419
0 0.0430965
0 0.0314474
0 0.0543173
0 0.0913686
0 0.0401065
0 0.0820366
0 0.0254722
0 0.0279664
0 0.014242
0 0.0669896
0 0.0184957
0 0.0681479
0 0.00306118
0 0.0147428
0 0.044457
0 0.00478238
0 0.0830188
0 0.00320134
0 0.0283579
0 0.0428819
0 0.0327212
0 0.0430471
0 0.0466216
0 0.016528
0 0.0646512
0 0.0887935
0 0.0144531
0 0.028994
0 0.0179497
0 0.0123074
0 0.0276216
0 0.0423188
0 0.00798203
0 0.0944621
0 0.0574691
0 0.108723
0 0.139554
0 0.046515
0 0.0144492
0 0.0258391
0 0.0169759
0 0.0901553
0 0.0509123
0 0.0058222
0 0.0401197
0 0.0320371
0 0.0486758
0 0.0636752
0 0.0517154
0 0.0825551
0 0.0121593
0 0.0153096
0 0.0166288
0 0.034005
0 0.0764992
0 0.0906292
0 0.0193633
0 0.048006
0 0.0504014
0 0.00237072
0 0.0560215
0 0.0438585
0 0.0523156
0 0.0292375
0 0.0561036
0 0.0818444
0 0.0472374
0 0.0118497
0 0.0445856
0 0.0981644
0 0.0829317
0 0.00186273
0 0.0176378
0 0.0152932
0 0.0469975
0 0.0744829
0 0.0812332
0 0.0294079
0 0.0203884
0 0.0107496
0 0.0461905
0 0.0149581
0 0.00440313
0 0.0152014
0 0.0115595
0 0.0501055
0 0.0256488
0 0.0158401
0 0.0417143
0 0.0306238
0 0.00805064
0 0.0477369
0 0.00819561
0 0.0331166
0 0.020902
0 0.0141757
0 0.0462791
0 0.0287519
0 0.0636988
0 0.0753538
0 0.0710591
0 0.0292292
0 0.1311
0 0.033424
0 0.0106718
0 0.0663434
0 0.0495643
0 0.00565286
0 0.0366802
0 0.0559668
0 0.00546755
0 0.00150036
0 0.0785677
0 0.0295476
0 0.0531471
0 0.0844096
0 0.00355538
0 0.00543271
0 0.0708272
0 0.010392
0 0.0168715
0 0.0155133
0 0.0291237
0 0.0309862
0 0.0204623
0 0.0652555
0 0.00711057
0 0.017183
0 0.0463045
0 0.063054
0 0.0187555
0 0.011338
0 0.146423
0 0.0910872
0 0.131617
0 0.0237824
0 0.0327548
0 0.103013
0 0.0165489
0 0.0224392
0 0.00118681
0 0.0159995
0 0.0282996
0 0.00256828
0 0.0282429
0 0.0543176
0 0.0708185
0 0.0365438
0 0.0323179
0 0.16453
0 0.0344519
0 0.0287047
0 0.0785825
0 0.0603962
0 0.0182444
0 0.025146
0 0.0317351
0 0.0921986
0 0.0237946
0 0.0373719
0 0.00793279
0 0.0090021
0 0.00506089
0 0.0247581
0 0.0306673
0 0.0735317
0 0.0142721
0 0.0278543
0 0.0422243
0 0.0960113
0 0.0725928
0 0.125887
0 0.0614006
0 0.00684978
0 0.0702912
0 0.00454374
0 0.0131081
0 0.0413689
0 0.0273726
0 0.0542525
0 0.0163077
0 0.0205814
0 0.0801926
0 0.00372893
0 0.00619507
0 0.00880967
0 0.0258203
0 0.0977903
0 0.0222189
0 0.0833368
0 0.0541879
0 0.00769631
0 0.0101705
0 0.00128837
0 0.031403
0 0.0622417
0 0.00889491
0 0.0541062
0 0.0261629
0 0.0162939
0 0.0361686
0 0.0247616
0 0.132269
0 0.0444317
0 0.020318
0 0.0358194
0 0.0153191
0 0.0415391
0 0.0339197
0 0.0934867
0 0.00591994
0 0.018341
0 0.0609225
0 0.0503843
0 0.0173774
0 0.0436933
0 0.0183128
0 0.0424454
0 0.0159425
0 0.0183757
0 0.0126968
0 0.00253744
0 0.0337221
0 0.0298852
0 0.0229067
0 0.0151599
0 0.00021348
0 0.00124371
0 0.0868476
0 0.0314051
0 0.0308777
0 0.0410136
0 0.11158
0 0.0403761
0 0.0371682
0 0.0338768
0 0.0535552
0 0.018413
0 0.00750419
0 0.0382477
0 0.101953
0 0.0323149
0 0.0340078
0 0.0102305
0 0.11587
0 0.120129
0 0.0269213
0 0.0786652
0 0.0303293
0 0.00577739
0 0.00326557
0 0.00933909
0 0.0456607
0 0.0750536
0 0.0229123
0 0.00653079
0 0.117302
0 0.0128993
0 0.0714422
0 0.0897968
0 0.0124437
0 0.0157573
0 0.00310571
0 0.0222033
0 0.0688579
0 0.0332825
0 0.0126301
0 0.0370828
0 0.0747664
0 0.0357752
0 0.0271824
0 0.0164522
0 0.0210306
0 0.0816547
0 0.0854599
0 0.058681
0 0.0237062
0 0.0788102
0 0.0188706
0 0.0212821
0 0.000257491
0 0.0434304
0 0.0081036
0 0.0273926
0 0.0651221
0 0.0327905
0 0.0687182
0 0.0162277
0 0.0307898
0 0.0695645
0 0.0156516
0 0.0188234
0 0.0175752
0 0.0950269
0 0.0729922
0 0.0534351
0 0.0115814
0 0.00938758
0 0.00451406
0 0.00523849
0 0.0435724
0 0.0459909
0 0.0808862
0 0.0542726
0 0.00430157
0 0.0371451
0 0.0223474
0 0.0504189
0 0.0152556
0 0.0184436
0 0.094085
0 0.0186884
0 0.00670679
0 0.0114882
0 0.0297538
0 0.056577
0 0.136397
0 0.0228563
0 0.0386938
0 0.0101409
0 0.00961006
0 0.00237321
0 0.00630536
0 0.0215208
0 0.0459425
0 0.00276114
0 0.0620569
0 0.0364122
0 0.0788152
0 0.0476271
0 0.0882318
0 0.0135563
0 0.151144
0 0.0780342
0 0.0516677
0 0.0667464
0 0.00966254
0 0.00816209
0 0.042278
0 0.00622804
0 0.0432666
0 0.0112904
0 0.0176
0 0.0315619
0 0.0323742
0 0.0229734
0 0.0126433
0 0.0197811
0 0.0773687
0 0.11747
0 0.0219211
0 0.0137961
0 0.0293088
0 0.0805225
0 0.0119052
0 0.00259439
0 0.0661366
0 0.0343442
0 0.0240416
0 0.0171958
0 0.0700586
0 0.0662874
0 0.0102571
0 0.0484525
0 0.00868593
0 0.0103053
0 0.0583328
0 0.0108449
0 0.0228226
0 0.03194
0 0.0681007
0 0.0689032
0 0.0501101
0 0.0158754
0 0.0157071
0 0.0325702
0 0.0125379
0 0.0749817
0 0.00837171
0 0.0676731
0 0.0416225
0 0.00281025
0 0.0648306
0 0.029727
0 0.0296645
0 0.00106088
0 0.0503493
0 0.0214759
0 0.0031643
0 0.0423021
0 0.00543811
0 0.0270726
0 0.0301375
0 0.154143
0 0.00601325
0 0.0232652
0 0.0183668
0 0.0824823
0 0.0293258
0 0.0210365
0 0.100277
0 0.0104165
0 0.0542386
0 0.00167374
0 0.0477643
0 0.00175044
0 0.0384437
0 0.0142269
0 0.0116439
0 0.00165112
0 0.0255099
0 0.0139125
0 0.0105309
0 0.0151735
0 0.00114497
0 0.0794201
0 0.100668
0 0.0369435
0 0.0296958
0 0.0356187
0 0.0334993
0 0.0108391
0 0.079676
0 0.0258463
0 0.0392306
0 0.0378812
0 0.0252856
0 0.0486024
0 0.0156526
0 0.00674528
0 0.029279
0 0.08866
0 0.0466261
0 0.0360339
0 0.0826049
0 0.0573048
0 0.0178974
0 0.05427
0 0.0388005
0 0.0245877
0 0.044998
0 0.0242284
0 0.0576326
0 0.0348942
0 0.0663243
0 0.082455
0 0.0364416
0 0.0249976
0 0.00419268
0 0.0182645
0 0.130709
0 0.042066
0 0.0430557
0 0.0246607
0 0.0396078
0 0.0314447
0 0.0172733
0 0.0226947
0 0.0423665
0 0.0471969
0 0.0486707
0 0.0158545
0 0.020781
0 0.0428086
0 0.0185092
0 0.00465387
0 0.00252074
0 0.00679735
0 0.0270014
0 0.0301731
0 0.0762158
0 0.0392854
0 0.00861596
0 0.0119057
0 0.0200979
0 0.00484356
0 0.126082
0 0.00530789
0 0.0507291
0 0.0395855
0 0.0288922
0 0.0384338
0 0.0755653
0 0.00876412
0 0.0542513
0 0.0998358
0 0.0422422
0 0.00325281
0 0.00228389
0 0.00219751
0 0.00284182
0 0.00205865
0 0.064457
0 0.000962093
0 0.0276595
0 0.0579577
0 0.0322757
0 0.0885769
0 0.116728
0 0.0308826
0 0.0201305
0 0.037712
0 0.0353296
0 0.041306
0 0.123334
0 0.00448682
0 0.0308007
0 0.0348816
0 0.0332392
0 0.0428693
0 0.00976353
0 0.0670741
0 0.0142359
0 0.031298
0 0.0091258
0 0.0334468
0 0.00211643
0 0.0475042
0 0.0102874
0 0.0222565
0 0.0132284
0 0.00916278
0 0.00636276
0 0.00639244
0 0.0396711
0 0.0277975
0 0.00304984
0 0.00647777
0 0.0026992
0 0.0187957
0 0.00844605
0 0.0198624
0 0.0299475
0 0.0122594
0 0.00587221
0 0.0122415
0 0.0413752
0 0.0121173
0 0.0695838
0 0.0224022
0 0.0683519
0 0.0858404
0 0.0215321
0 0.028743
0 0.0360501
0 0.0390661
0 0.0918168
0 0.0696527
0 0.00865269
0 0.0291049
0 0.0258691
0 0.010051
0 0.0203967
0 0.0284918
0 0.00134479
0 0.0225453
0 0.027575
0 0.0871732
0 0.00485522
0 0.0481258
0 0.0667523
0 0.00888617
0 0.012902
0 0.0666542
0 0.0730046
0 0.0155564
0 0.00577778
0 0.00924817
0 0.0326466
0 0.00941623
0 0.054533
0 0.0875432
0 0.044195
0 0.184903
0 0.00930233
0 0.0123077
0 0.0449984
0 0.00593513
0 0.0168237
0 0.0384287
0 0.0113277
0 0.00816356
0 0.00649514
0 0.0476612
0 0.0385413
0 0.0312638
0 0.0336765
0 0.020678
0 0.0938994
0 0.0170554
0 0.0792122
0 0.0119824
0 0.111844
0 0.0266898
0 0.0265515
0 0.0108896
0 0.00858796
0 0.00595681
0 0.101512
0 0.0698489
0 0.0225059
0 0.0901223
0 0.0544632
0 0.068181
0 0.135152
0 0.00589685
0 0.0429815
0 0.0282726
0 0.0435635
0 0.0340143
0 0.00371034
0 0.00431923
0 0.110185
0 0.0284125
0 0.0102924
0 0.012498
0 0.131409
0 0.0264227
0 0.0310073
0 0.0589308
0 0.0097563
0 0.0644287
0 0.00272462
0 0.0573564
0 0.0534352
0 0.0670006
0 0.0124396
0 0.0696066
0 0.0363905
0 0.00790878
0 0.0252182
0 0.0817786
0 0.0202615
0 0.0311072
0 0.0422534
0 0.00621346
0 0.0651858
0 0.135868
0 0.0636965
0 0.0104935
0 0.0295894
0 0.0421767
0 0.0349101
0 0.0389367
0 0.00327616
0 0.0720975
0 0.0147742
0 0.0522651
0 0.00459537
0 0.0525223
0 0.0444783
0 0.0106527
0 0.0398113
0 0.0252579
0 0.150877
0 0.0665074
0 0.0389497
0 0.0298544
0 0.00497476
0 0.00736547
0 0.0200984
0 0.00873558
0 0.062873
0 0.0427494
0 0.0266848
0 0.0261059
0 0.0361835
0 0.0207877
0 0.106955
0 0.0624806
0 0.0455615
0 0.0613257
0 0.0168429
0 0.0254571
0 0.0147342
0 0.0508918
0 0.0521085
0 0.0727418
0 0.0179918
0 0.0325194
0 0.0123673
0 0.0306993
0 0.0257561
0 0.0259629
0 0.0586804
0 0.00612436
0 0.0363617
0 0.0429369
0 0.0165014
0 0.0100671
0 0.0746218
0 0.00361346
0 0.0332653
0 0.00392973
0 0.0329027
0 0.183465
0 0.00774
0 0.0786237
0 0.0208511
0 0.080053
0 0.0340847
0 0.0136579
0 0.047289
0 0.0362529
0 0.0335085
0 0.110284
0 0.0718298
0 0.0593717
0 0.0291021
0 0.0235322
0 0.0497387
0 0.0366048
0 0.0474612
0 0.0276938
0 0.0110992
0 0.0161145
0 0.0154911
0 0.0290705
0 0.000213942
0 0.0357181
0 0.00855836
0 0.0159122
0 0.0205424
0 0.0346959
0 0.0486115
0 0.0216795
0 0.0272933
0 0.0119833
0 0.0250699
0 0.0003775
0 0.0941469
0 0.0339327
0 0.0372741
0 0.035177
0 0.00287849
0 0.0326037
0 0.0309422
0 0.0626503
0 0.050883
0 0.0317395
0 0.0167425
0 0.00574094
0 0.00593702
0 0.0248477
0 0.0194307
0 0.0599312
0 0.00300506
0 0.0365461
0 0.0183849
0 0.0345281
0 0.0143478
0 0.0271419
0 0.0709217
0 0.058447
0 0.00181955
0 0.0566287
0 0.0198659
0 0.0213664
0 0.0214268
0 0.104874
0 0.0143417
0 0.100456
0 0.0739627
0 0.0543388
0 0.0502536
0 0.129607
0 0.045681
0 0.00985883
0 0.0423224
0 0.0314524
0 0.0260378
0 0.0703626
0 0.0859408
0 0.0683363
0 0.0132791
0 0.0250516
0 0.0225331
0 0.00132653
0 0.0788835
0 0.0169644
0 0.00723294
0 0.0284367
0 0.10394
0 0.0140929
0 0.0560576
0 0.00802106
0 0.0442468
0 0.0274582
0 0.0989863
0 0.0409003
0 0.00817743
0 0.0748467
0 0.0324671
0 0.0253655
0 0.0650022
0 0.020685
0 0.00662317
0 0.0269978
0 0.0173744
0 0.0550048
0 0.00799465
0 0.0853754
0 0.0468885
0 0.101076
0 0.0175094
0 0.0704121
0 0.12324
0 0.0257569
0 0.0541814
0 0.041343
0 0.0289773
0 0.0453963
0 0.155029
0 0.0209765
0 0.0515432
0 0.166157
0 0.013391
0 0.0508226
0 0.0357273
0 0.00603504
0 0.0382225
0 0.122686
0 0.0916987
0 0.00707794
0 0.0110923
0 0.0725587
0 0.141333
0 0.139757
0 0.0202144
0 0.0434378
0 0.0194956
0 0.0307222
0 0.0771672
0 0.0179037
0 0.000998973
0 0.0202822
0 0.015844
0 0.00890581
0 0.0982272
0 0.0642248
0 0.050138
0 0.0231359
0 0.020018
0 0.025976
0 0.00951305
0 0.0277021
0 0.050711
0 0.0112668
0 0.0129988
0 0.0508765
0 0.0303982
0 0.0117453
0 0.0238991
0 0.0026157
0 0.00296057
0 0.00336601
0 0.100294
0 0.000672774
0 0.0237925
0 0.0727131
0 0.00516814
0 0.111905
0 0.0262615
0 0.072997
0 0.0700151
0 0.0285424
0 0.0235301
0 0.053796
0 0.0550087
0 0.0111137
0 0.0711803
0 0.0161313
0 0.0299179
0 0.00531459
0 0.0436081
0 0.0454014
0 0.013778
0 0.0664862
0 0.0212131
0 0.0500455
0 0.0394408
0 0.0200881
0 0.0163337
0 0.0231339
0 0.0337208
0 0.109273
0 0.0605034
0 0.0130307
0 0.00312736
0 0.0230085
0 0.0479888
0 0.0251692
0 0.0212972
0 0.0211541
0 0.0123068
0 0.0874415
0 0.0713343
0 0.0341479
0 0.0235067
0 0.0483098
0 0.0465245
0 0.0482689
0 0.00930089
0 0.0163727
0 0.0453669
0 0.0211532
0 0.0357618
0 0.0227468
0 0.0212992
0 0.0296324
0 0.0412885
0 0.0712689
0 0.0658458
0 0.0418344
0 0.0889885
0 0.0843323
0 0.0481326
0 0.0427624
0 0.0215254
0 0.0605037
0 0.00483029
0 0.0480242
0 0.0499107
0 0.00589223
0 0.103849
0 0.0039833
0 0.111864
0 0.0739324
0 0.0565909
0 0.0495931
0 0.0353874
0 0.0226826
0 0.0223712
0 0.026811
0 0.0160193
0 0.0843819
0 0.0474646
0 0.0589776
0 0.022154
0 0.0976777
0 0.0427744
0 0.0166648
0 0.0190523
0 0.066741
0 0.0141143
0 0.00101303
0 0.0517815
0 0.0236096
0 0.0267597
0 0.00497189
0 0.00241785
0 0.0507231
0 0.0155891
0 0.0253658
0 0.0289023
0 0.00411118
0 0.0053181
0 0.00861703
0 0.0947658
0 0.0213966
0 0.088555
0 0.0825323
0 0.067688
0 0.0434109
0 0.0693787
0 0.0118166
0 0.0255969
0 0.0270704
0 0.0425445
0 0.0340274
0 0.081975
0 0.106972
0 0.0202758
0 0.0102012
0 0.0480586
0 0.0416581
0 0.128584
0 0.0410863
0 0.030356
0 0.0601436
0 0.133034
0 0.0479414
0 0.0666032
0 0.00559724
0 0.0126117
0 0.0219586
0 0.0300749
0 0.0173981
0 0.0149501
0 0.0111008
0 0.0246539
0 0.00962825
0 0.0406707
0 0.0198482
0 0.0466653
0 0.0235197
0 0.0627615
0 0.0516145
0 0.0259775
0 0.0136903
0 0.0692675
0 0.0457945
0 0.0651508
0 0.0178704
0 0.0205624
0 0.0177437
0 0.00268641
0 0.00694722
0 0.0219492
0 0.0189795
0 0.0188756
0 0.044478
0 0.013543
0 0.00613907
0 0.0238138
0 0.0105966
0 0.0881982
0 0.0786329
0 0.0264964
0 0.0380387
0 0.0190828
0 0.101993
0 0.0449334
0 0.0258681
0 0.00844474
0 0.0254316
0 0.00565283
0 0.106071
0 0.0225739
0 0.0441884
0 0.0894861
0 0.000610403
0 0.080012
0 0.0266384
0 0.0663663
0 0.0169375
0 0.00947582
0 0.0324613
0 0.0455629
0 0.0444074
0 0.0238015
0 0.0679933
0 0.0100243
0 0.0141275
0 0.0354167
0 0.0431564
0 0.0410901
0 0.0216996
0 0.00813608
0 0.0630867
0 0.0153418
0 0.00348302
0 0.0161526
0 0.113679
0 0.00835642
0 0.00584886
0 0.030838
0 0.0554807
0 0.0383556
0 0.0657168
0 0.00073971
0 0.034986
0 0.0199326
0 0.0368038
0 0.08549
0 0.0790585
0 0.0777901
0 0.0971418
0 0.00989882
0 0.019549
0 0.0272023
0 0.000802231
0 0.00717416
0 0.0154154
0 0.0923833
0 0.0134649
0 0.0975168
0 0.0307708
0 0.0768414
0 0.00558234
0 0.0350364
0 0.0342765
0 0.00470338
0 0.0236463
0 0.0234223
0 0.0508582
0 0.00272257
0 0.0213084
0 0.0714817
0 0.0187359
0 0.0256438
0 0.0133139
0 0.0136981
0 0.085565
0 0.0209899
0 0.0965196
0 0.0467592
0 0.00601152
0 0.10245
0 0.0271577
0 0.0656923
0 0.0693169
0 0.0286717
0 0.00127789
0 0.041552
0 0.00847628
0 0.0329093
0 0.0694061
0 0.065687
0 0.0645564
0 0.0363026
0 0.0116396
0 0.0384758
0 0.133417
0 0.028153
0 0.0729117
0 0.085675
0 0.013079
0 0.0279383
0 0.0212259
0 0.0185998
0 0.00244153
0 0.0119634
0 0.0246706
0 0.0150061
0 0.0589766
0 0.0283798
0 0.00836288
0 0.122769
0 0.0772383
0 0.019499
0 0.0521887
0 0.0683759
0 0.0249352
0 0.0572707
0 0.00869223
0 0.00277044
0 0.0440403
0 0.0141322
0 0.0867551
0 0.0701208
0 0.030059
0 0.0329843
0 0.0633302
0 0.0122946
0 0.10163
0 0.0840483
0 0.0135004
0 0.0330294
0 0.0400298
0 0.0434899
0 0.0160312
0 0.198566
0 0.0805868
0 0.0270111
0 0.0154437
0 0.0261992
0 0.0410366
0 0.0491767
0 0.0578092
0 0.00169757
0 0.0108161
0 0.0302691
0 0.00792979
0 0.0167569
0 0.0151598
0 0.0040286
0 0.0142572
0 0.0524898
0 0.00296233
0 0.0293727
0 0.00576384
0 0.0315076
0 0.00931149
0 0.0286439
0 0.0151804
0 0.032463
0 0.0212785
0 0.0175885
0 0.138173
0 0.0233268
0 0.0286664
0 0.0970331
0 0.0768823
0 0.0293797
0 0.013771
0 0.0378538
0 0.0150274
0 0.0481746
0 0.0466356
0 0.0427602
0 0.02614
0 0.0674099
0 0.0130773
0 0.0100827
0 0.00381275
0 0.0127792
0 0.0309941
0 0.00861375
0 0.0504462
0 0.029755
0 0.00670105
0 0.116326
0 0.0233555
0 0.0263514
0 0.0608557
0 0.040267
0 0.0133539
0 0.0423907
0 0.0480797
0 0.0179277
0 0.00520386
0 0.0195465
0 0.0208267
0 0.0161958
0 0.0137607
0 0.0255856
0 0.00275304
0 0.00114478
0 0.00871895
0 0.019638
0 0.00235621
0 0.0342276
0 0.0633671
0 0.051112
0 0.0348021
0 0.0373923
0 0.0121756
0 0.0422429
0 0.0101011
0 0.0168314
0 0.00778426
0 0.0396477
0 0.0259818
0 0.0639177
0 0.0230622
0 0.038145
0 0.0504004
0 0.00679906
0 0.00126429
0 0.00472126
0 0.0198709
0 0.0145468
0 0.0199427
0 0.0277511
0 0.084524
0 0.0102883
0 0.0401568
0 0.0422307
0 0.0114363
0 0.0944504
0 0.042955
0 0.0281818
0 0.0566884
0 0.0244399
0 0.00117314
0 0.040872
0 0.0274008
0 0.00603801
0 0.0113163
0 0.099943
0 0.0419269
0 0.0328385
0 0.00667156
0 0.0636312
0 0.156386
0 0.0223396
0 0.0138186
0 0.0246575
0 0.0205187
0 0.00951628
0 0.0166561
0 0.0200245
0 0.0724707
0 0.0108543
0 0.0238311
0 0.0582452
0 0.030704
0 0.0245523
0 0.0300013
0 0.00268961
0 0.0263165
0 0.0631112
0 0.0113627
0 0.0628428
0 0.00994278
0 0.00836608
0 0.118108
0 0.174129
0 0.00239632
0 0.142466
0 0.0272705
0 0.0371315
0 0.0498227
0 0.0341852
0 0.0186185
0 0.0288092
0 0.0170277
0 0.00839349
0 0.151329
0 0.0300699
0 0.0302198
0 0.0931689
0 0.00467273
0 0.0403884
0 0.0417581
0 0.0192682
0 0.0377604
0 0.0472356
0 0.0878237
0 0.0443614
0 0.00563694
0 0.0350243
0 0.0542381
0 0.0505849
0 0.00805017
0 0.0229775
0 0.0324588
0 0.00366471
0 0.0236552
0 0.100643
0 0.0128518
0 0.0333784
0 0.0431979
0 0.0416326
0 0.0361987
0 0.0264761
0 0.054917
0 0.0228415
0 0.0529367
0 0.0342943
0 0.047239
0 0.0182331
0 0.0405531
0 0.0481955
0 0.0162037
0 0.0968345
0 0.0180795
0 0.0261044
0 0.012831
0 0.0236681
0 0.0513291
0 0.0143926
0 0.0361322
0 0.0081432
0 0.0867993
0 0.0266848
0 0.0320055
0 0.0491944
0 0.0186726
0 0.0142181
0 0.0602878
0 0.00307743
0 0.0179446
0 0.0521469
0 0.0366201
0 0.0343245
0 0.087381
0 0.0525905
0 0.0213982
0 0.0180024
0 0.00812099
0 0.0128137
0 0.00164135
0 0.00667237
0 0.0125157
0 0.00403635
0 0.0380178
0 0.0342213
0 0.0288414
0 0.041477
0 0.0765865
0 0.0214711
0 0.0378329
0 0.0191087
0 0.0424616
0 0.010084
0 0.0447839
0 0.00449682
0 0.052342
0 0.0113094
0 0.032591
0 0.0959636
0 0.0681273
0 0.0323944
0 0.0213499
0 0.00267129
0 0.0511002
0 0.0242407
0 0.0348177
0 0.063662
0 0.0124003
0 0.0111514
0 0.0610106
0 0.0404696
0 0.0280813
0 0.030144
0 0.0145599
0 0.00265701
0 0.0716574
0 0.0340181
0 0.0685892
0 0.0130584
0 0.0707875
0 0.0568365
0 0.00244666
0 0.0170205
0 0.0285158
0 0.0218804
0 0.0574287
0 0.060317
0 0.00885923
0 0.027707
0 0.0147437
0 0.0644027
0 0.0554203
0 0.0238922
0 0.0159343
0 0.0119764
0 0.0296424
0 0.00535396
0 0.0534335
0 0.0339487
0 0.0247166
0 0.0302699
0 0.0378328
0 0.0211037
0 0.0529192
0 0.00999415
0 0.0170752
0 0.0282987
0 0.0353144
0 0.08731
0 0.0291894
0 0.0134119
0 0.0378383
0 0.0222901
0 0.0124602
0 0.00827434
0 0.011399
0 0.139768
0 0.0120641
0 0.0217947
0 0.0275953
0 0.0105618
0 0.0191973
0 0.0348811
0 0.0335718
0 0.00623555
0 0.0298614
0 0.0102838
0 0.0278515
0 0.0740887
0 0.0355517
0 0.0447725
0 0.0320767
0 0.00747237
0 0.0637287
0 0.0402389
0 0.0390007
0 0.0610949
0 0.0233169
0 0.0118186
0 0.0414195
0 0.0581031
0 0.0147934
0 0.106902
0 0.0143545
0 0.0399382
0 0.0178232
0 0.0270269
0 0.0191153
0 0.0764345
0 0.0150905
0 0.0998589
0 0.0141927
0 0.0311647
0 0.0190766
0 0.037033
0 0.00649489
0 0.048663
0 0.0127523
0 0.0979083
0 0.0392966
0 0.00609427
0 0.00855375
0 0.0182007
0 0.073007
0 0.00733777
0 0.0759692
