0 0.0858984
0 0.0440101
0 0.0211701
0 0.0222913
0 0.000115693
0 0.00936714
0 0.00623767
0 0.066469
0 0.0268268
0 0.0515037
0 0.0354537
0 0.139499
0 0.023444
0 0.0120865
0 0.0104365
0 0.0211041
0 0.0383038
0 0.0540595
0 0.00978485
0 0.104786
0 0.0625467
0 0.0866053
0 0.0237501
0 0.0364735
0 0.0211017
0 0.0326237
0 0.0312345
0 0.018182
0 0.0510821
0 0.0450683
0 0.0185412
0 0.0569741
0 0.039234
0 0.0257382
0 0.0106684
0 0.0262578
0 0.0274124
0 0.0626877
0 0.0365682
0 0.0116535
0 0.045829
0 0.00987786
0 0.0618283
0 0.0329307
0 0.0400087
0 0.0151534
0 0.037552
0 0.0230528
0 0.0407151
0 0.0435499
0 0.0325389
0 0.0134042
0 0.00464693
0 0.0172326
0 0.0167109
0 0.0162292
0 0.0506138
0 0.0316541
0 0.00155785
0 0.0341708
0 0.0442958
0 0.0129383
0 0.00583007
0 0.0166533
0 0.018868
0 0.0218966
0 0.0592987
0 0.0474345
0 0.015747
0 0.0430466
0 0.0452108
0 0.0880414
0 0.0141488
0 0.0950738
0 0.070006
0 0.0147563
0 0.0575233
0 0.00422621
0 0.0238322
0 0.0284026
0 0.0528632
0 0.0863834
0 0.00578421
0 0.00674662
0 0.0755033
0 0.0273432
0 0.0228078
0 0.0642496
0 0.0152772
0 0.00877065
0 0.0118035
0 0.0270343
0 0.031296
0 0.0279695
0 0.0621822
0 0.0694478
0 0.0997837
0 0.00199748
0 0.101442
0 0.0420708
0 0.0584257
0 0.00163191
0 0.00909517
0 0.0519875
0 0.027721
0 0.0203073
0 0.0232563
0 0.0911692
0 0.0187356
0 0.010446
0 0.0150126
0 0.0162566
0 0.0145577
0 0.152001
0 0.0773043
0 0.0179023
0 0.0240669
0 0.0170729
0 0.0207943
0 0.0252203
0 0.0116093
0 0.0160876
0 0.0576521
0 0.00702059
0 0.0419068
0 0.0045261
0 0.045715
0 0.0880322
0 0.0124837
0 0.0265071
0 0.0470069
0 0.0783256
0 0.00791275
0 0.0578036
0 0.0278151
0 0.0031631
0 0.0251906
0 0.11198
0 0.0134965
0 0.0368978
0 0.0105055
0 0.0281089
0 0.00523887
0 0.055386
0 0.00732094
0 0.0212814
0 0.0807067
0 0.0166053
0 0.1289
0 0.0867264
0 0.0350373
0 0.0187131
0 0.0173836
0 0.13233
0 0.0549034
0 0.0553255
0 0.0125032
0 0.0546222
0 0.055131
0 0.0254425
0 0.0650047
0 0.0460505
0 0.0192297
0 0.04699
0 0.0250332
0 0.0285325
0 0.0828731
0 0.0509097
0 0.110038
0 0.00311521
0 0.0463232
0 0.00479511
0 0.00670469
0 0.0164236
0 0.00569236
0 0.0269109
0 0.0152657
0 0.00817138
0 0.0193296
0 0.0302942
0 0.056772
0 0.0464607
0 0.0460617
0 0.0236322
0 0.0456471
0 0.00586782
0 0.0385994
0 0.0581995
0 0.0522409
0 0.0378756
0 0.0336611
0 0.0148961
0 0.079792
0 0.00555588
0 0.0138037
0 0.0378315
0 0.0380019
0 0.115338
0 0.0221644
0 0.0202446
0 0.0193464
0 0.025084
0 0.02248
0 0.045053
0 0.0439204
0 0.0263279
0 0.058045
0 0.0221291
0 0.0329202
0 0.0339836
0 0.101911
0 0.0497779
0 0.050825
0 0.0838634
0 0.0415512
0 0.0191847
0 0.0190927
0 0.0979135
0 0.0140626
0 0.019005
0 0.0168233
0 0.0266843
0 0.0138128
0 0.0478817
0 0.15763
0 0.134308
0 0.0207358
0 0.0245095
0 0.0302374
0 0.0562458
0 0.0477143
0 0.0437034
0 0.0184014
0 0.021738
0 0.0242685
0 0.0493316
0 0.0117484
0 0.0214309
0 0.0391705
0 0.0317377
0 0.113969
0 0.027549
0 0.0650289
0 0.0295592
0 0.0551603
0 0.0624929
0 0.069844
0 0.0367386
0 0.068231
0 0.104084
0 0.0199868
0 0.00787503
0 0.00562395
0 0.0422646
0 0.0233237
0 0.00654204
0 0.00362081
0 0.0450198
0 0.0198442
0 0.0264297
0 0.0213219
0 0.0152561
0 0.0187505
0 0.0431679
0 0.00430962
0 0.08698
0 0.0288986
0 0.0385587
0 0.0521847
0 0.0268472
0 0.00987208
0 0.0116748
0 0.0515114
0 0.140767
0 0.0256011
0 0.15064
0 0.0965885
0 0.00764824
0 0.101819
0 0.00668485
0 0.0200925
0 0.0422459
0 0.0270898
0 0.0169413
0 0.000341087
0 0.00860555
0 0.0236082
0 0.113016
0 0.0241661
0 0.0227177
0 0.0171184
0 0.00155447
0 0.0220291
0 0.0306594
0 0.015754
0 0.0718488
0 0.0168128
0 0.0348638
0 0.0490289
0 0.0238802
0 0.0284038
0 0.0310264
0 0.0407067
0 0.0643983
0 0.00421297
0 0.063374
0 0.0186909
0 0.104311
0 0.0121594
0 0.0302076
0 0.044832
0 0.121168
0 0.0385602
0 0.0440997
0 0.0447524
0 0.0126149
0 0.0165296
0 0.0663178
0 0.0214369
0 0.0796071
0 0.0347899
0 0.0428828
0 0.0789175
0 0.0250529
0 0.0187156
0 0.0283956
0 0.0107808
0 0.0105641
0 0.0444084
0 0.0677242
0 0.0241824
0 0.00973771
0 0.0079207
0 0.0412737
0 0.0671136
0 0.0340799
0 0.0188847
0 0.0554767
0 0.0262004
0 0.0272164
0 0.00667358
0 0.0503148
0 0.0312013
0 0.058052
0 0.0466657
0 0.0412075
0 0.00497985
0 0.0300153
0 0.0331077
0 0.0232612
0 0.00928633
0 0.0314827
0 0.0537359
0 0.00863932
0 0.0456661
0 0.0254292
0 0.0366731
0 0.0732875
0 0.0555456
0 0.0811107
0 0.00217426
0 0.00280585
0 0.0284336
0 0.0171355
0 0.0388846
0 0.0872012
0 0.0103908
0 0.0555151
0 0.0603336
0 0.0228452
0 0.0365074
0 0.0138165
0 0.058141
0 0.040373
0 0.0428301
0 0.0565729
0 0.00585038
0 0.0144691
0 0.00652813
0 0.0234119
0 0.141757
0 0.0381675
0 0.0196025
0 0.0273739
0 0.00634162
0 0.00411959
0 0.0150725
0 0.0291981
0 0.043642
0 0.0212306
0 0.0270946
0 0.0566709
0 0.0951717
0 0.0194474
0 0.0220215
0 0.040973
0 0.0667588
0 0.0884888
0 0.00414926
0 0.0469172
0 0.00509113
0 0.0482249
0 0.012538
0 0.107143
0 0.052201
0 0.0304256
0 0.101432
0 0.0233943
0 0.0718032
0 0.0324671
0 0.0872286
0 0.015501
0 0.0196598
0 0.0830144
0 0.00694911
0 0.083106
0 0.00455868
0 0.0225133
0 0.0197781
0 0.0168823
0 0.0685391
0 0.0128617
0 0.00551309
0 0.0589734
0 0.0223352
0 0.0424376
0 0.0485376
0 0.0363592
0 0.00299375
0 0.0183232
0 0.0187274
0 0.00672691
0 0.024949
0 0.035677
0 0.00210574
0 0.0858086
0 0.0979234
0 0.0364871
0 0.0512494
0 0.0900222
0 0.0216101
0 0.0361859
0 0.0293602
0 0.0135522
0 0.014422
0 0.0861934
0 0.115754
0 0.00133653
0 0.0464099
0 0.0259856
0 0.0197481
0 0.0120387
0 0.00119543
0 0.0585713
0 0.137296
0 0.0622733
0 0.0181012
0 0.0220659
0 0.00617642
0 0.0103183
0 0.0239888
0 0.0211786
0 0.0650775
0 0.0393837
0 0.00217426
0 0.0207648
0 0.0669134
0 0.0257074
0 0.0448448
0 0.110789
0 0.0553045
0 0.0209201
0 0.00208891
0 0.0366343
0 0.130779
0 0.0126286
0 0.0245309
0 0.0412226
0 0.0370589
0 0.0507901
0 0.0789603
0 0.0129972
0 0.0181317
0 0.0327727
0 0.0123749
0 0.0207511
0 0.00756177
0 0.0176257
0 0.0264329
0 0.047993
0 0.0742349
0 0.014272
0 0.0292561
0 0.0568987
0 0.0206698
0 0.0290261
0 0.0560607
0 0.00051981
0 0.0558767
0 0.11899
0 0.107615
0 0.0238351
0 0.0231816
0 0.0945511
0 0.0470544
0 0.0186127
0 0.061998
0 0.0150675
0 0.0124268
0 0.00834004
0 0.0118692
0 0.0230548
0 0.0459276
0 0.0307388
0 0.0140377
0 0.0285022
0 0.0517427
0 0.00737202
0 0.0234377
0 0.0864797
0 0.030068
0 0.0867075
0 0.00580066
0 0.0206352
0 0.0396014
0 0.0772364
0 0.0454133
0 0.0132522
0 0.0572828
0 0.0100022
0 0.11104
0 0.13804
0 0.0490326
0 0.052528
0 0.0386898
0 0.0612434
0 0.0504034
0 0.0739415
0 0.0104457
0 0.0470484
0 0.0797735
0 0.0280495
0 0.0746648
0 0.0136517
0 0.0735801
0 0.0446304
0 0.0238182
0 0.0191628
0 0.0445082
0 0.0297707
0 0.0598897
0 0.0539237
0 0.0217599
0 0.0565328
0 0.0279134
0 0.0109499
0 0.00744923
0 0.0108363
0 0.0262268
0 0.0265901
0 0.0547984
0 0.0622093
0 0.03571
0 0.0501707
0 0.0355891
0 0.00478651
0 0.0297406
0 0.0520403
0 0.080482
0 0.0586763
0 0.0241094
0 0.0213879
0 0.0310075
0 0.00737805
0 0.064759
0 0.0395937
0 0.0192696
0 0.0670288
0 0.0223961
0 0.00680756
0 0.0328904
0 0.0286404
0 0.0178817
0 0.0450943
0 0.0632532
0 0.101808
0 0.015282
0 0.155062
0 0.0104239
0 0.0291727
0 0.00456726
0 0.122815
0 0.0328268
0 0.0307802
0 0.0639864
0 0.0964453
0 0.0052997
0 0.0529683
0 0.0508455
0 0.0216942
0 0.0195313
0 0.0697712
0 0.0927055
0 0.0124053
0 0.00074049
0 0.0321753
0 0.0294634
0 0.0164248
0 0.0243197
0 0.013272
0 0.0269034
0 0.0455554
0 0.125683
0 0.0428318
0 0.0177654
0 0.0252268
0 0.0689519
0 0.0779305
0 0.0338774
0 0.0727862
0 0.0168065
0 0.228607
0 0.0726098
0 0.0154859
0 0.0311796
0 0.0273183
0 0.0305794
0 0.0309582
0 0.0227757
0 0.0944855
0 0.0639642
0 0.0529143
0 0.0220684
0 0.0233632
0 0.0826855
0 0.0165532
0 0.0167554
0 0.0220689
0 0.0065164
0 0.0121093
0 0.0443706
0 0.0271418
0 0.0134926
0 0.0635562
0 0.00399357
0 0.0549001
0 0.0168877
0 0.0166625
0 0.0262133
0 0.0113036
0 0.0310155
0 0.036059
0 0.0314909
0 0.00158711
0 0.00590071
0 0.0131167
0 0.0361105
0 0.02033
0 0.00785911
0 0.0239548
0 0.0406902
0 0.0793785
0 0.0421095
0 0.0193959
0 0.0483789
0 0.0871422
0 0.0390837
0 0.157043
0 0.01931
0 0.0102715
0 0.0451835
0 0.0164704
0 0.108825
0 0.0425637
0 0.0855063
0 0.0124587
0 0.0200162
0 0.00615409
0 0.0368246
0 0.00987298
0 0.0107122
0 0.0532903
0 0.0567467
0 0.0810773
0 0.0520532
0 0.0157246
0 0.0989033
0 0.0423601
0 0.0609028
0 0.0645137
0 0.008559
0 0.0339265
0 0.0753955
0 0.0938618
0 0.0231015
0 0.0738774
0 0.0561146
0 0.0033136
0 0.152284
0 0.0295042
0 0.0623028
0 0.039385
0 0.01114
0 0.0615803
0 0.0472957
0 0.0321068
0 0.0283268
0 0.0109453
0 0.0238832
0 0.0153374
0 0.0710568
0 0.0766583
0 0.042758
0 0.0375121
0 0.0610308
0 0.01113
0 0.00596962
0 0.0270666
0 0.0687449
0 0.0196295
0 0.00513368
0 0.00924106
0 0.00796345
0 0.0157501
0 0.0213066
0 0.0487448
0 0.0937078
0 0.0055811
0 0.0793506
0 0.0116042
0 0.0185936
0 0.131853
0 0.00327001
0 0.0688242
0 0.00538669
0 0.0289719
0 0.0455078
0 0.0783057
0 0.00427006
0 0.0168591
0 0.0470658
0 0.0462477
0 0.00671711
0 0.030294
0 0.0830428
0 0.016341
0 0.0183062
0 0.00747448
0 0.0373604
0 0.0259037
0 0.0162395
0 0.0159621
0 0.0577942
0 0.0287357
0 0.0232239
0 0.00955817
0 0.024247
0 0.115691
0 0.0408183
0 0.0363564
0 0.0199321
0 0.0221724
0 0.0566664
0 0.0414712
0 0.0237738
0 0.016012
0 0.00580322
0 0.0636922
0 0.0320862
0 0.0277431
0 0.0270082
0 0.0134728
0 0.0104283
0 0.00942754
0 0.0258371
0 0.0248881
0 0.051951
0 0.0254195
0 0.00699741
0 0.0851472
0 0.0918864
0 0.0115699
0 0.118452
0 0.00837189
0 0.00927958
0 0.035807
0 0.155527
0 0.0247726
0 0.0157244
0 0.0521264
0 0.0380977
0 0.00469016
0 0.0299057
0 0.0886817
0 0.0178444
0 0.0341138
0 0.0735116
0 0.0309179
0 0.057804
0 0.0490131
0 0.112532
0 0.0149918
0 0.0390903
0 0.146253
0 0.0445729
0 0.0210872
0 0.046135
0 0.0986134
0 0.0434324
0 0.123644
0 0.0136257
0 0.0036712
0 0.0371983
0 0.0376459
0 0.0338815
0 0.010467
0 0.0551735
0 0.0206058
0 0.0150652
0 0.0217957
0 0.0115768
0 0.0645386
0 0.0338157
0 0.0111579
0 0.0421682
0 0.106892
0 0.00148092
0 0.0152791
0 0.0321061
0 0.00437438
0 0.0341988
0 0.0471792
0 0.0111217
0 0.00872793
0 0.0331454
0 0.0166393
0 0.0335155
0 0.047115
0 0.00847507
0 0.0282821
0 0.0680529
0 0.015429
0 0.0119311
0 0.0541676
0 0.0697137
0 0.00673751
0 0.0254169
0 0.0311821
0 0.0235154
0 0.0136091
0 0.0283177
0 0.0811458
0 0.027196
0 0.0317017
0 0.118824
0 0.0628411
0 0.0664995
0 0.00662053
0 0.00261792
0 0.120895
0 0.0831967
0 0.0324573
0 0.0705264
0 0.0114619
0 0.0214869
0 0.00736511
0 0.0188192
0 0.06125
0 0.0397599
0 0.0298552
0 0.0491527
0 0.0358095
0 0.0754201
0 0.0311411
0 0.0335417
0 0.0699338
0 0.0372316
0 0.0317216
0 0.0856083
0 0.0548631
0 0.00666255
0 0.0177457
0 0.0388163
0 0.0155642
0 0.0244964
0 0.00831117
0 0.0286805
0 0.0190508
0 0.0544026
0 0.000351231
0 0.112677
0 0.00886449
0 0.0548478
0 0.0151947
0 0.00978942
0 0.0172699
0 0.0167772
0 0.0607117
0 0.0307339
0 0.0125993
0 0.0194935
0 0.0699933
0 0.10536
0 0.0637893
0 0.0327076
0 0.0548517
0 0.0141055
0 0.004309
0 0.00592499
0 0.12901
0 0.0571248
0 0.0217856
0 0.0513883
0 0.0133308
0 0.0227296
0 0.0369383
0 0.0417148
0 0.0269873
0 0.0296866
0 0.0517016
0 0.0497443
0 0.0193546
0 0.0122479
0 0.0132042
0 0.0127365
0 0.0263353
0 0.00382993
0 0.0552919
0 0.00973433
0 0.00886164
0 0.0282409
0 0.0713641
0 0.0918365
0 0.0565556
0 0.0443604
0 0.0608976
0 0.0795254
0 0.0892196
0 0.0334522
0 0.0544971
0 0.0867785
0 0.0327264
0 0.182075
0 0.0741625
0 0.0274349
0 0.0207144
0 0.00174743
0 0.0491876
0 0.0164579
0 0.0113595
0 0.0404576
0 0.0571202
0 0.017981
0 0.0339736
0 0.0176545
0 0.00345947
0 0.00640575
0 0.0242909
0 0.0117679
0 0.0439031
0 0.0150636
0 0.0925673
0 0.0407037
0 0.0305012
0 0.0124319
0 0.0415408
0 0.0177294
0 0.0150351
0 0.033263
0 0.0176248
0 0.130548
0 0.0254936
0 0.0156451
0 0.0299322
0 0.0467697
0 0.0315332
0 0.0468322
0 0.0490853
0 0.0159543
0 0.046617
0 0.0351844
0 0.00195901
0 0.00961468
0 0.0172036
0 0.0159579
0 0.0100461
0 0.00564896
0 0.0249388
0 0.0654018
0 0.0414568
0 0.073513
0 0.0337091
0 0.00383045
0 0.0524604
0 0.0539281
0 0.0258112
0 0.0473127
0 0.00804067
0 0.0417784
0 0.0203127
0 0.00988883
0 0.0264134
0 0.033039
0 0.0387281
0 0.0253874
0 0.0326794
0 0.00782118
0 0.030402
0 0.0336008
0 0.0373926
0 0.00749826
0 0.0363023
0 0.00680783
0 0.0848138
0 0.00295828
0 0.0706701
0 0.0313152
0 0.0354193
0 0.00272415
0 0.0660692
0 0.0304313
0 0.0667955
0 0.00725893
0 0.00608044
0 0.0324938
0 0.0367776
0 0.0267743
0 0.0464468
0 0.0361112
0 0.0400116
0 0.0630661
0 0.0400373
0 0.0265094
0 0.00439733
0 0.0221198
0 0.0351371
0 0.0499228
0 0.048005
0 0.0425567
0 0.0235402
0 0.0964277
0 0.0425583
0 0.0230356
0 0.0144068
0 0.0145768
0 0.0205354
0 0.0240467
0 0.0269104
0 0.141368
0 0.0502744
0 0.0144606
0 0.0710711
0 0.0189625
0 0.0631172
0 0.0953165
0 0.037029
0 0.0843917
0 0.0223383
0 0.0615894
0 0.0530818
0 0.0730247
0 0.0263997
0 0.0612753
0 0.0186389
0 0.057938
0 0.0259705
0 0.00555159
0 0.0251471
0 0.00514678
0 0.0378427
0 0.0359296
0 0.136179
0 0.0201301
0 0.0160294
0 0.0385047
0 0.0382018
0 0.0521415
0 0.0148429
0 0.00626287
0 0.00918415
0 0.0209944
0 0.0540924
0 0.0127319
0 0.0109261
0 0.0152671
0 0.0207067
0 0.0614727
0 0.0102749
0 0.0296932
0 0.0267805
0 0.0416317
0 0.054117
0 0.0346894
0 0.00626263
0 0.074371
0 0.00780986
0 0.0246337
0 0.0481971
0 0.0757619
0 0.129075
0 0.0188296
0 0.0223085
0 0.0173325
0 0.007147
0 0.0383647
0 0.0474526
0 0.096353
0 0.0459714
0 0.0761516
0 0.0604112
0 0.0404475
0 0.0443825
0 0.0325658
0 0.0806777
0 0.0159112
0 0.0195205
0 0.0291255
0 0.0427418
0 0.00754487
0 0.114386
0 0.0132833
0 0.0540749
0 0.0748377
0 0.0736638
0 0.0838303
0 0.0252631
0 0.0429938
0 0.0836991
0 0.00494965
0 0.00662303
0 0.0467319
0 0.0886686
0 0.0476123
0 0.0215191
0 0.0119089
0 0.0883947
0 0.00914383
0 0.0229869
0 0.082395
0 0.0460079
0 0.0662575
0 0.0942354
0 0.0153025
0 0.00807788
0 0.0211066
0 0.127252
0 0.0221159
0 0.00196846
0 0.0959683
0 0.0178403
0 0.0511581
0 0.0150301
0 0.0428989
0 0.00537721
0 0.0211921
0 0.0322814
0 0.112045
0 0.126916
0 0.00672064
0 0.00391019
0 0.158692
0 0.0167419
0 0.0220748
0 0.00923868
0 0.0118983
0 0.00475529
0 0.030498
0 0.0110619
0 0.0340839
0 0.0231794
0 0.0650595
0 0.0998091
0 0.00234018
0 0.0101828
0 0.0873271
0 0.131542
0 0.0219522
0 0.0088413
0 0.0427464
0 0.0157978
0 0.0723275
0 0.0542758
0 0.00235753
0 0.0541139
0 0.0326692
0 0.0345551
0 0.0365087
0 0.0406637
0 0.0227662
0 0.0212666
0 0.0943295
0 0.042578
0 0.0399512
0 0.0444534
0 0.0520361
0 0.077354
0 0.00548999
0 0.0634209
0 0.0202875
0 0.108914
0 0.00955026
0 0.0405124
0 0.0768713
0 0.000826628
0 0.0275577
0 0.0159182
0 0.0692465
0 0.0223964
0 0.0670824
0 0.00597785
0 0.0198566
0 0.0676779
0 0.0141428
0 0.0848949
0 0.000383179
0 0.0223432
0 0.0663556
0 0.0322521
0 0.0276106
0 0.0395425
0 0.0118632
0 0.0849681
0 0.0175885
0 0.0290151
0 0.0676362
0 0.0424134
0 0.0343387
0 0.0064059
0 0.0633667
0 0.0287254
0 0.0826063
0 0.173924
0 0.0853597
0 0.0322071
0 0.0259673
0 0.0343342
0 0.0598583
0 0.0287444
0 0.0201408
0 0.130285
0 0.0599368
0 0.0100023
0 0.0130704
0 0.0764466
0 0.107655
0 0.0553096
0 0.0151528
0 0.0481886
0 0.0478633
0 0.0199737
0 0.0619228
0 0.01008
0 0.0501786
0 0.0188648
0 0.0251947
0 0.0436148
0 0.0746183
0 0.0900847
0 0.0444617
0 0.0392934
0 0.00651981
0 0.0707676
0 0.0315276
0 0.0314878
0 0.0271974
0 0.0315514
0 0.0150177
0 0.00262819
0 0.00267853
0 0.0260797
0 0.0110092
0 0.0267824
0 0.0759046
0 0.0063709
0 0.052147
0 0.0524701
0 0.00155926
0 0.0176168
0 0.114678
0 0.0177438
0 0.0290665
0 0.0199016
0 0.0727967
0 0.0139517
0 0.0548954
0 0.0204908
0 0.0436271
0 0.0071242
0 0.0118351
0 0.0244613
0 0.0218503
0 0.0523227
0 0.116587
0 0.0467022
0 0.00435644
0 0.0762201
0 0.00284706
0 0.0306385
0 0.036092
0 0.00625711
0 0.0178412
0 0.00634146
0 0.0237556
0 0.011833
0 0.0487391
0 0.00795168
0 0.0589031
0 0.0665643
0 0.0114706
0 0.0113417
0 0.06579
0 0.0878952
0 0.0255035
0 0.0489359
0 0.0543607
0 0.0146611
0 0.00494395
0 0.0908069
0 0.00190318
0 0.117318
0 0.0139677
0 0.0346923
0 0.0309025
0 0.0102767
0 0.0383689
0 0.0131167
0 0.0208013
0 0.105597
0 0.115358
0 0.0267629
0 0.00369746
0 0.0533043
0 0.0139758
0 0.0632768
0 0.00317324
0 0.0252898
0 0.0503342
0 0.00333054
0 0.05191
0 0.0189876
0 0.0355671
0 0.0360138
0 0.0202046
0 0.0276091
0 0.00645601
0 0.0288499
0 0.0119048
0 0.0923632
0 0.0895578
0 0.0750678
0 0.0434822
0 0.0984411
0 0.0425796
0 0.00560782
0 0.0317542
0 0.122497
0 0.0251926
0 0.0979087
0 0.00952525
0 0.0154343
0 0.126614
0 0.0678078
0 0.0388423
0 0.0590145
0 0.0228885
0 0.0550471
0 0.0707624
0 0.0185477
0 0.0424451
0 0.0148135
0 0.0148399
0 0.0192296
0 0.0381785
0 0.0302957
0 0.0571825
0 0.0311832
0 0.0455705
0 0.0205851
0 0.0538448
0 0.0639235
0 0.0328356
0 0.0171251
0 0.00970787
0 0.0345477
0 0.0455681
0 0.025401
0 0.0290691
0 0.0112962
0 0.034945
0 0.0239681
0 0.0244552
0 0.0242291
0 0.0203947
0 0.0133752
0 0.025891
0 0.018294
0 0.0153576
0 0.0391253
0 0.0226902
0 0.176555
0 0.0382902
0 0.0494189
0 0.0351016
0 0.0172312
0 0.0427056
0 0.0788407
0 0.0176872
0 0.0209329
0 0.0184067
0 0.0138174
0 0.0450556
0 0.0487102
0 0.0289561
0 0.0544943
0 0.0335657
0 0.00842109
0 0.0810255
0 0.0328791
0 0.0369251
0 0.0842438
0 0.0282707
0 0.0685519
0 0.0264784
0 0.0541623
0 0.00742004
0 0.0656141
0 0.0478724
0 0.0613552
0 0.0134904
0 0.128057
0 0.0303141
0 0.00557606
0 0.0328298
0 0.0597286
0 0.166242
0 0.0313264
0 0.0158517
0 0.0103436
0 0.0765796
0 0.0423327
0 0.00329245
0 0.0879519
0 0.0200754
0 0.00941113
0 0.0492918
0 0.0310152
0 0.124811
0 0.0880506
0 0.0214389
0 0.0120737
0 0.0213419
0 0.0151328
0 0.0105669
0 0.0151557
0 0.0520923
0 0.0488905
0 0.0111112
0 0.00682674
0 0.0492323
0 0.0280948
0 0.009128
0 0.0430725
0 0.0289165
0 0.0288313
0 0.0768011
0 0.0444867
0 0.0665904
0 0.0207534
0 0.0232906
0 0.0751458
0 0.08257
0 0.0492603
0 0.0334684
0 0.0199011
0 0.0475942
0 0.0133391
0 0.019345
0 0.0164298
0 0.0501023
0 0.0276631
0 0.0725433
0 0.0018292
0 0.174597
0 0.0381433
0 0.0590475
0 0.00450643
0 0.134707
0 0.0684927
0 0.0509015
0 0.069136
0 0.0557038
0 0.0290581
0 0.0393978
0 0.0115403
0 0.0555099
0 0.0436314
0 0.0396965
0 0.00821246
0 0.0636613
0 0.030469
0 0.0127756
0 0.0383244
0 0.050909
0 0.0350889
0 0.0149392
0 0.0407154
0 0.0226644
0 0.0115628
0 0.0978213
0 0.00236124
0 0.0419363
0 0.0150662
0 0.0582847
0 0.0790752
0 0.0204013
0 0.0282337
0 0.117993
0 0.0147031
0 0.0303252
0 0.0166148
0 0.111328
0 0.015635
0 0.089365
0 0.0226789
0 0.0432411
0 0.00540888
0 0.033135
0 0.0338767
0 0.0143133
0 0.082168
0 0.0510274
0 0.0313995
0 0.0262827
0 0.0728746
0 0.0568352
0 0.00232611
0 0.0328735
0 0.00186629
0 0.013232
0 0.0664227
0 0.0269327
0 0.0234292
0 0.0202488
0 0.0550197
0 0.00473397
0 0.0588782
0 0.0134059
0 0.0347246
0 0.0203493
0 0.00902553
0 0.0617065
0 0.0996812
0 0.0157912
0 0.0175421
0 0.0354462
0 0.0908299
0 0.0334148
0 0.045056
0 0.000885192
0 0.0103495
0 0.0678009
0 0.0154551
0 0.0976818
0 0.0480654
0 0.0664305
0 0.00678587
0 0.049828
0 0.0204686
0 0.0595932
0 0.0765825
0 0.0160328
0 0.00568548
0 0.117437
0 0.00641606
0 0.0141286
0 0.0131786
0 0.104913
0 0.0180744
0 0.0482467
0 0.0386395
0 0.00809182
0 0.0495199
0 0.0083363
0 0.00896673
0 0.0352762
0 0.0213431
0 0.0471744
0 0.0559104
0 0.067699
0 0.0210969
0 0.0220826
0 0.00594366
0 0.0450051
0 0.00894919
0 0.022512
0 0.0670277
0 0.0881197
0 0.0393713
0 0.0726605
0 0.149642
0 0.0199979
0 0.0438446
0 0.0452131
0 0.0241014
0 0.0577759
0 0.0278212
0 0.0479424
0 0.0328347
0 0.0251199
0 0.0338131
0 0.00835091
0 0.00698285
0 0.0363913
0 0.0301669
0 0.0733722
0 0.0822154
0 0.047061
0 0.0125023
0 0.0312287
0 0.0263226
0 0.0122744
0 0.0647807
0 0.0702401
0 0.022681
0 0.00632315
0 0.0477531
0 0.0027088
0 0.0342039
0 0.032574
0 0.021229
0 0.0372944
0 0.00559354
0 0.0035832
0 0.0638366
0 0.0187863
0 0.0538715
0 0.0768295
0 0.0603243
0 0.029197
0 0.00884436
0 0.0759848
0 0.0103845
0 0.0193969
0 0.0416358
0 0.00409483
0 0.0460777
0 0.0641032
0 0.0515579
0 0.00770221
0 0.0738369
0 0.0407457
0 0.0261076
0 0.0194197
0 0.0207251
0 0.0822229
0 0.0544565
0 0.0196303
0 0.016752
0 0.0111206
0 0.00105036
0 0.0176986
0 0.0575655
0 0.0449984
0 0.0131616
0 0.0788728
0 0.00576352
0 0.00806441
0 0.00434736
0 0.0616169
0 0.0159708
0 0.0316044
0 0.104805
0 0.161444
0 0.0137042
0 0.00731305
0 0.0365716
0 0.0507065
0 0.0191979
0 0.0631152
0 0.0329851
0 0.0213124
0 0.010436
0 0.133571
0 0.0381943
0 0.184374
0 0.0386118
0 0.00914635
0 0.0207727
0 0.109016
0 0.0168301
0 0.0807087
0 0.0259798
0 0.0188204
0 0.0236232
0 0.0885045
0 0.0182129
0 0.0324402
0 0.0416031
0 0.0261173
0 0.0119492
0 0.0512466
0 0.015741
0 0.0198629
0 0.0386916
0 0.0291804
0 0.00344499
0 0.0184531
0 0.020594
0 0.00194563
0 0.0652513
0 0.0274843
0 0.00378587
0 0.0232585
0 0.00906985
0 0.00827134
0 0.0262535
0 0.0159321
0 0.00343269
0 0.0120618
0 0.0172279
0 0.0833585
0 0.0365468
0 0.028335
0 0.0340434
0 0.0217389
0 0.0525679
0 0.012919
0 0.0681252
0 0.0265906
0 0.0574869
0 0.0200121
0 0.163885
0 0.00516682
0 0.032546
0 0.0240888
0 0.0684144
0 0.0239335
0 0.0120195
0 0.0494958
0 0.0607012
0 0.0226194
0 0.065043
0 0.0341259
0 0.0148206
0 0.015185
0 0.00471569
0 0.00321586
0 0.0153769
0 0.00250926
0 0.0209043
0 0.0176716
0 0.038072
0 0.0342947
0 0.00754678
0 0.0717137
0 0.0367072
0 0.0189906
0 0.0729582
0 0.00900815
0 0.0192084
0 0.0434228
0 0.00184556
0 0.0995054
0 0.0735018
0 0.138611
0 0.0146501
0 0.00373103
0 0.0269057
0 0.00437474
0 0.0609428
0 0.00602816
0 0.079582
0 0.010814
0 0.108798
0 0.00572901
0 0.0508226
0 0.0389036
0 0.0806749
0 0.0348348
0 0.00902716
0 0.00145432
0 0.0520248
0 0.00955955
0 0.0415196
0 0.02439
0 0.0794647
0 0.0182765
0 0.0700848
0 0.0305779
0 0.0209129
0 0.00923072
0 0.00399799
0 0.0123358
0 0.043806
0 0.0791466
0 0.016627
0 0.0368879
0 0.029739
0 0.0434377
0 0.0489572
0 0.0951794
0 0.0895445
0 0.0849753
0 0.118167
0 0.0573452
0 0.0642079
0 0.0121161
0 0.0161549
0 0.0851632
0 0.026368
0 0.0431543
0 0.0767864
0 0.0741821
0 0.0133998
0 0.0263278
0 0.0354516
0 0.0163061
0 0.0324014
0 0.0593168
0 0.0925087
0 0.0108544
0 0.00248537
0 0.132209
0 0.0241533
0 0.0969834
0 0.0743024
0 0.0533502
0 0.0297182
0 0.00139761
0 0.0123037
0 0.0784387
0 0.0116825
0 0.0362845
0 0.00423165
0 0.0516254
0 0.00551352
0 0.0431776
0 0.0389892
0 0.0754373
0 0.0351947
0 0.0580565
0 0.0578508
0 0.158795
0 0.0334607
0 0.0622289
0 0.0378887
0 0.0241679
0 0.0191016
0 0.00727295
0 0.0983947
0 0.0697153
0 0.0416728
0 0.0546382
0 0.0311839
0 0.0310981
0 0.0115775
0 0.00966573
0 0.0282266
0 0.00465575
0 0.0556194
0 0.00605719
0 0.0204611
0 0.00500202
0 0.0166864
0 0.0451016
0 0.0163352
0 0.0024179
0 0.0492987
0 0.0141739
0 0.0688353
0 0.0161834
0 0.0803138
0 0.0329149
0 0.0381131
0 0.0605987
0 0.139609
0 0.00534619
0 0.11278
0 0.0653612
0 0.0477746
0 0.0107107
0 0.050357
0 0.0874241
0 0.00480915
0 0.00617597
0 0.0777783
0 0.0368166
0 0.0105649
0 0.00968253
0 0.0153769
0 0.075702
0 0.0642814
0 0.0304337
0 0.0794904
0 0.00843119
0 0.00643785
0 0.0446733
0 0.0099329
0 0.0377125
0 0.0630551
0 0.0203984
0 0.102214
0 0.0276746
0 0.0375411
0 0.107035
0 0.0312265
0 0.0262027
0 0.00991559
0 0.011346
0 0.072802
0 0.00396803
0 0.0774942
0 0.0361077
0 0.101373
0 0.010215
0 0.0414195
0 0.0148689
0 0.0387425
0 0.0874257
0 0.0672003
0 0.00555408
0 0.0524814
0 0.0551454
0 0.0669756
0 0.0630977
0 0.0388565
0 0.00584685
0 0.0294472
0 0.0149227
0 0.0308203
0 0.0055353
0 0.0506888
0 0.00177394
0 0.0238385
0 0.00527771
0 0.0275748
0 0.0921163
0 0.0123646
0 0.046458
0 0.0401829
0 0.0613004
0 0.0643294
0 0.1894
0 0.000424916
0 0.0478508
0 0.0452635
0 0.0493299
0 0.052837
0 0.0195777
0 0.0696323
0 0.0447371
0 0.00742141
0 0.0245392
0 0.0353759
0 0.0558879
0 0.0208115
0 0.0724466
0 0.0313683
0 0.0340341
0 0.0343016
0 0.01244
0 0.0190467
0 0.00810809
0 0.00803613
0 0.0298515
0 0.0241943
0 0.0445258
0 0.00996435
0 0.0653858
0 0.0293026
0 0.0172592
0 0.0762212
0 0.0056527
0 0.0424613
0 0.0145229
0 0.0199997
0 0.0709785
0 0.0294756
0 0.00565853
0 0.03622
0 0.0411201
0 0.0475976
0 0.00129773
0 0.00612036
0 0.02323
0 0.058415
0 0.0755064
0 0.0178907
0 0.0667629
0 0.0340834
0 0.0328381
0 0.0249934
0 0.00741846
0 0.0532776
0 0.0304999
0 0.0225146
0 0.0142856
0 0.0361779
0 0.0352026
0 0.0122933
0 0.0554181
0 0.0504255
0 0.00810706
0 0.00600056
0 0.0524865
0 0.0066808
0 0.0625394
0 0.0445073
0 0.0596517
0 0.00826342
0 0.0264359
0 0.0237694
0 0.0157911
0 0.00983584
0 0.0253408
0 0.0287415
0 0.0638919
0 0.00561882
0 0.0189947
0 0.0245075
0 0.0426971
0 0.101754
0 0.0106612
0 0.029109
0 0.0115384
0 0.0303191
0 0.00711626
0 0.110665
0 0.0336407
0 0.0280936
0 0.033914
0 0.0203531
0 0.0514066
0 0.0747958
0 0.0115327
0 0.032944
0 0.0557997
0 0.0149193
0 0.00719695
0 0.0603658
0 0.0074122
0 0.00978477
0 0.0778158
0 0.0443792
0 0.0235199
0 0.0245746
0 0.0257416
0 0.0215793
0 0.0518156
0 0.0305796
0 0.0870639
0 0.0148911
0 0.0426665
0 0.130214
0 0.0754966
0 0.004186
0 0.0715518
0 0.011061
0 0.0217307
0 0.015231
0 0.050182
0 0.012528
0 0.0430934
0 0.0116353
0 0.0457442
0 0.113451
0 0.118174
0 0.0826729
0 0.0917594
0 0.0346287
0 0.0681891
0 0.0633544
0 0.00599554
0 0.002543
0 0.0156579
0 0.0109493
0 0.0231594
0 0.0218698
0 0.0178316
0 0.013831
0 0.00946753
0 0.0631054
0 0.0723968
0 0.0324812
0 0.0321506
0 0.00852595
0 0.0194464
0 0.0249026
0 0.0125274
0 0.0325239
0 0.0208974
0 0.0532406
0 0.0643328
0 0.0129789
0 0.0346743
0 0.0440433
0 0.0188542
0 0.0886653
0 0.100212
0 0.0125658
0 0.00858104
0 0.0344282
0 0.00321726
0 0.040757
0 0.0289484
0 0.0318617
0 0.0451092
0 0.00535351
0 0.0913299
0 0.0295153
0 0.0221406
0 0.0376642
0 0.0612924
0 0.0164405
0 0.0505886
0 0.0245446
0 0.0252106
0 0.0359466
0 0.112934
0 0.0541927
0 0.0735264
0 0.00887875
0 0.0967821
0 0.0317283
0 0.0402413
0 0.0495792
0 0.0612266
0 0.0740885
0 0.0614028
0 0.0276837
0 0.0347267
0 0.049489
0 0.137431
0 0.0301316
0 0.014749
0 0.0142171
0 0.139833
0 0.0107186
0 0.013675
0 0.0464774
0 0.00216282
0 0.0164199
0 0.0414046
0 0.0162919
0 0.0693317
0 0.116158
0 0.00467892
0 0.0159334
0 0.0704689
0 0.0351152
0 0.00475853
0 0.00304643
0 0.0307524
0 0.0278161
0 0.0601432
0 0.0609124
0 0.0795078
0 0.0441242
0 0.0149341
0 0.0412251
0 0.0110201
0 0.0428134
0 0.0611116
0 0.0341251
0 0.0454808
0 0.0174215
0 0.0195364
0 0.0116578
0 0.0149809
0 0.00585879
0 0.047962
0 0.165581
0 0.047427
0 0.00821646
0 0.00371956
0 0.0571085
0 0.0195992
0 0.0202598
0 0.00507481
0 0.0674107
0 0.0122857
0 0.0270692
0 0.0686903
0 0.0101749
0 0.0607502
0 0.0572163
0 0.021954
0 0.0118143
0 0.00975683
0 0.0129025
0 0.00283722
0 0.0562718
0 0.0953113
0 0.100376
0 0.0298466
0 0.00760767
0 0.0611348
0 0.0198518
0 0.00168598
0 0.0109347
0 0.0276548
0 0.0396116
0 0.00881163
0 0.00988755
0 0.0263421
0 0.0174865
0 0.0664284
0 0.0786165
0 0.0139585
0 0.0464198
0 0.0188262
0 0.0252313
0 0.00573286
0 0.00135414
0 0.00808202
0 0.0417374
0 0.0290457
0 0.00685979
0 0.0461119
0 0.079389
0 0.0249714
0 0.0236666
0 0.0419738
0 0.0298109
0 0.063615
0 0.0276739
0 0.0123636
0 0.00533698
0 0.0105737
0 0.0596333
0 0.00234692
0 0.0326924
0 0.00858612
0 0.0636821
0 0.0322899
0 0.0425009
0 0.0118829
0 0.0573766
0 0.000901387
0 0.0347866
0 0.00538625
0 0.0179457
0 0.0591221
0 0.00620883
0 0.012505
0 0.0311715
0 0.0125753
0 0.0349045
0 0.0536164
0 0.0419007
0 0.0183123
0 0.01671
0 0.00113442
0 0.0506489
0 0.0100178
0 0.103264
0 0.0452297
0 0.180287
0 0.050823
0 0.0612448
0 0.023451
0 0.0152752
0 0.0105648
0 0.0526352
0 0.0317106
0 0.0244822
0 0.0436734
0 0.0348263
0 0.0313273
0 0.134364
0 0.00958735
0 0.049139
0 0.0599652
0 0.010692
0 0.070776
0 0.0951791
0 0.00836654
0 0.0918968
0 0.0203587
0 0.00350717
0 0.0457226
0 0.0279592
0 0.0171915
0 0.0195853
0 0.0163383
0 0.0311089
0 0.0198302
0 0.0396148
0 0.0158394
0 0.0275581
0 0.0699652
0 0.0272704
0 0.015713
0 0.00911748
0 0.0193662
0 0.0693307
0 0.0309102
0 0.0486761
0 0.0141184
0 0.0840287
0 0.0218409
0 0.0144604
0 0.0176395
0 0.0349731
0 0.022984
0 0.0138436
0 0.0428738
0 0.0342343
0 0.0157512
0 0.0417769
0 0.0426302
0 0.0654264
0 0.0312114
0 0.0177449
0 0.0513225
0 0.0212946
0 0.0516839
0 0.136355
0 0.0101951
0 0.0168078
0 0.0458555
0 0.00268018
0 0.026084
0 0.0126083
0 0.0309652
0 0.0164186
0 0.00667584
0 0.00523127
0 0.0123608
0 0.00440871
0 0.103089
0 0.0225316
0 0.0151345
0 0.00914706
0 0.061177
0 0.0490062
0 0.0883447
0 0.181969
0 0.0291669
0 0.0446341
0 0.0193722
0 0.033434
0 0.00266553
0 0.032288
0 0.0162785
0 0.0348635
0 0.0268772
0 0.05366
0 0.0185515
0 0.0375317
0 0.0355207
0 0.0223248
0 0.0115244
0 0.01573
0 0.0209152
0 0.0507892
0 0.0486417
0 0.0245562
0 0.0444122
0 0.141888
0 0.0283981
0 0.0155966
0 0.0331954
0 0.0244934
0 0.0591514
0 0.14004
0 0.121397
0 0.00316715
0 0.107375
0 0.0147861
0 0.023923
0 0.117943
0 0.100047
0 0.0345695
0 0.0081463
0 0.0639737
0 0.00027629
0 0.0405714
0 0.16321
0 0.0147748
0 0.0638717
0 0.032548
0 0.00272758
0 0.00766538
0 0.0711878
0 0.0116541
0 0.0318978
0 0.0107485
0 0.0207828
0 0.216588
0 0.0143064
0 0.0361682
0 0.048128
0 0.0751837
0 0.0443751
0 0.0269829
0 0.0445415
0 0.11594
0 0.0234
0 0.061057
0 0.0149752
0 0.00402159
0 0.0312626
0 0.0332848
0 0.0219295
0 3.02323e-05
0 0.0414382
0 0.0662102
0 0.118878
0 0.0858034
0 0.0513202
0 0.0514232
0 0.0282619
0 0.0162409
0 0.0803426
0 0.0204548
0 0.00871304
0 0.0349653
0 0.0142948
0 0.0135397
0 0.0332293
0 0.00803091
0 0.0680919
0 0.0656087
0 0.0267849
0 0.0389244
0 0.148726
0 0.0717134
0 0.0564534
0 0.00439563
0 0.0327544
0 0.0470428
0 0.045518
0 0.11392
0 0.0148498
0 0.0577284
0 0.0287825
0 0.162006
0 0.0195921
0 0.112704
0 0.0585895
0 0.022194
0 0.0635633
0 0.0351141
0 0.0535838
0 0.0178722
0 0.0135368
0 0.0459949
0 0.036468
0 0.0375389
0 0.0979205
0 0.00631819
0 0.0464786
0 0.0297745
0 0.0323264
0 0.0208121
0 0.00936511
0 0.0763862
0 0.0137941
0 0.0368945
0 0.179314
0 0.0087021
0 0.0967304
0 0.0315146
0 0.0424984
0 0.00918877
0 0.00530069
0 0.0413999
0 0.0838003
0 0.0239652
0 0.0048447
0 0.00297141
0 0.00789365
0 0.0466598
0 0.110409
0 0.0493606
0 0.0064882
0 0.0821173
0 0.0184394
0 0.0415359
0 0.0216099
0 0.0956734
0 0.0156735
0 0.158081
0 0.0310642
0 0.0096348
0 0.0279785
0 0.0211818
0 0.115964
0 0.00973786
0 0.0491999
0 0.0760095
0 0.0178636
0 0.0055919
0 0.052956
0 0.092763
0 0.092308
0 0.0424158
0 0.00809831
0 0.0485821
0 0.00746335
0 0.011852
0 0.0155495
0 0.0286491
0 0.012419
0 0.021374
0 0.0368859
0 0.00202525
0 0.0140418
0 0.00865227
0 0.0178913
0 0.0589779
0 0.013999
0 0.0147168
0 0.00701103
0 0.025204
0 0.0998518
0 0.0139674
0 0.0141553
0 0.0615897
0 0.010254
0 0.0618029
0 0.00190835
0 0.0427909
0 0.0167956
0 0.0490365
0 0.0152508
0 0.0217551
0 0.0536475
0 0.00475726
0 0.037363
0 0.110028
0 0.0340667
0 0.0485989
0 0.105829
0 0.0247304
0 0.118777
0 0.00542883
0 0.0283828
0 0.0936408
0 0.0326248
0 0.0328768
0 0.0243744
0 0.0412249
0 0.00310244
0 0.0300749
0 0.0579484
0 0.00528433
0 0.0230376
0 0.015751
0 0.0149569
0 0.0322931
0 0.0754176
0 0.00967376
0 0.0992126
0 0.0299343
0 0.151242
0 0.0125047
0 0.0311481
0 0.0266004
0 0.0449298
0 0.0344507
0 0.0203332
0 0.036427
0 0.0352928
0 0.0110846
0 0.0215404
0 0.0192404
0 0.0156265
0 0.0566537
0 0.0378293
0 0.0146951
0 0.0276171
0 0.0165982
0 0.0735812
0 0.0183598
0 0.0381281
0 0.0103517
0 0.0118862
0 0.0363224
0 0.0307503
0 0.0175535
0 0.042204
0 0.0891343
0 0.0159963
0 0.0192076
0 0.0381868
0 0.0634954
0 0.0305674
0 0.024655
0 0.00869582
0 0.0275744
0 0.0478715
0 0.0602469
0 0.0274006
0 0.00468597
0 0.0364112
0 0.0431798
0 0.0178503
0 0.100479
0 0.0112097
0 0.0301122
0 0.146423
0 0.115582
0 0.236179
0 0.0398165
0 0.0746716
0 0.034857
0 0.055088
0 0.0165887
0 0.0269474
0 0.0157796
0 0.0389997
0 0.0299479
0 0.0578706
0 0.0207712
0 0.0250339
0 0.0527898
0 0.00828618
0 0.0908329
0 0.0613424
0 0.0137771
0 0.00271533
0 0.00998174
0 0.00939341
0 0.0163481
0 0.0194944
0 0.0200716
0 0.0360386
0 0.0261765
0 0.0535594
0 0.018614
0 0.0162819
0 0.0846138
0 0.055895
0 0.0904179
0 0.0341892
0 0.0258119
0 0.0593393
0 0.0050657
0 0.0269456
0 0.0933642
0 0.011054
0 0.0352743
0 0.0144647
0 0.00524747
0 0.0163212
0 0.0407183
0 0.0224184
0 0.0637635
0 0.0217877
0 0.0337947
0 0.057278
0 0.0692052
0 0.0220237
0 0.00999492
0 0.039702
0 0.0249081
0 0.0318677
0 0.0181223
0 0.00322354
0 0.0962616
0 0.0289223
0 0.147529
0 0.0529543
0 0.0370188
0 0.0440994
0 0.0411685
0 0.0122822
0 0.0464682
0 0.0328623
0 0.0119032
0 0.0352008
0 0.105517
0 0.0410914
0 0.0265163
0 0.0325695
0 0.0479032
0 0.0202766
0 0.0480413
0 0.0641726
0 0.0015782
0 0.00823554
0 0.00791761
0 0.010175
0 0.0303825
0 0.0203433
0 0.0169729
0 0.0204134
0 0.0747175
0 0.0169989
0 0.113079
0 0.0396545
0 0.00874625
0 0.041675
0 0.0107428
0 0.0246292
0 0.0324767
0 0.0210705
0 0.00409455
0 0.00160813
0 0.0244216
0 0.168488
0 0.0338338
0 0.019568
0 0.0452471
0 0.0263629
0 0.0421471
0 0.0922837
0 0.0405804
0 0.0442135
0 0.0271648
0 0.0436974
0 0.0234599
0 0.021101
0 0.0658298
0 0.0245825
0 0.00983528
0 0.0228874
0 0.00323302
0 0.0387573
0 0.00210807
0 0.00590594
0 0.0178706
0 0.0217163
0 0.00107944
0 0.16962
0 0.110855
0 0.0505871
0 0.0141948
0 0.0638462
0 0.0366336
0 0.0190689
0 0.0469677
0 0.0312224
0 0.0310209
0 0.0179493
0 0.0129293
0 0.0868389
0 0.0718006
0 0.0617494
0 0.0224475
0 0.01116
0 0.00664504
0 0.0289401
0 0.0382825
0 0.0208259
0 0.0468818
0 0.0295943
0 0.0363824
0 0.0650073
0 0.0274443
0 0.0414029
0 0.030181
0 0.0423528
0 0.0432721
0 0.0699364
0 0.0461575
0 0.0283763
0 0.052196
0 0.00220665
0 0.0172619
0 0.0114139
0 0.0355847
0 0.00771518
0 0.0276132
0 0.0258269
0 0.0436654
0 0.0157571
0 0.0165715
0 0.0289339
0 0.0117304
0 0.0412798
0 0.0503443
0 0.00537343
0 0.0275631
0 0.0880581
0 0.0693678
0 0.0543555
0 0.0136498
0 0.00916514
0 0.0140625
0 0.0408195
0 0.0172458
0 0.0527609
0 0.0222269
0 0.0159875
0 0.0355556
0 0.0290797
0 0.0485469
0 0.0147801
0 0.00902706
0 0.0314287
0 0.00904587
0 0.0860508
0 0.0476357
0 0.012088
0 0.00638035
0 0.0916586
0 0.0460013
0 0.0372262
0 0.0101676
0 0.0477286
0 0.0476906
0 0.0769679
0 0.0134496
0 0.0361533
0 0.0799169
0 0.0931714
0 0.0229947
0 0.0442943
0 0.0183023
0 0.0512334
0 0.00782511
0 0.0356646
0 0.00779348
0 0.038638
0 0.0324674
0 0.0840354
0 0.0280214
0 0.0433305
0 0.0516684
0 0.015756
0 0.0178277
0 0.0375509
0 0.0237169
0 0.0088753
0 0.0387204
0 0.0875364
0 0.0921018
0 0.0470516
0 0.0708356
0 0.0223885
0 0.032476
0 0.0117436
0 0.0528916
0 0.0431436
0 0.0102617
0 0.100868
0 0.049605
0 0.0296141
0 0.00125718
0 0.00900306
0 0.007013
0 0.0075543
0 0.0151033
0 0.0176835
0 0.00633483
0 0.0229335
0 0.0529614
0 0.0634637
0 0.0499855
0 0.00912005
0 0.0683383
0 0.0289995
0 0.0284612
0 0.0170074
0 0.0281968
0 0.0321803
0 0.0366989
0 0.0632885
0 0.0518819
0 0.0317304
0 0.0454825
0 0.0582375
0 0.04856
0 0.0427112
0 0.0173092
0 0.0318892
0 0.0528245
0 0.0206212
0 0.0312854
0 0.0367712
0 0.100844
0 0.0238748
0 0.0424704
0 0.0812775
0 0.0229969
0 0.114305
0 0.0799617
0 0.156916
0 0.0976582
0 0.00439437
0 0.0826547
0 0.0451892
0 0.142443
0 0.00335211
0 0.00891868
0 0.0208163
0 0.0762725
0 0.0279046
0 0.0403165
0 0.110986
0 0.0339773
0 0.0846506
0 0.0258777
0 0.00147577
0 0.00255065
0 0.00712704
0 0.131567
0 0.0371187
0 0.0698583
0 0.0302126
0 0.0376922
0 0.0125265
0 0.0103899
0 0.0135391
0 0.06732
0 0.0081201
0 0.041325
0 0.0164414
0 0.017499
0 0.14135
0 0.046384
0 0.0258369
0 0.0648797
0 0.0302685
0 0.0355441
0 0.0387708
0 0.0276166
0 0.00525151
0 0.0613035
0 0.0287754
0 0.0827928
0 0.00863879
0 0.0351054
0 0.0366002
0 0.0529205
0 0.0287595
0 0.00792893
0 0.118679
0 0.0131891
0 0.0403236
0 0.0746832
0 0.0322239
0 0.019278
0 0.0120998
0 0.0193781
0 0.0206011
0 0.0514254
0 0.0310304
0 0.0376891
0 0.00736611
0 0.0141439
0 0.0375363
0 0.0394178
0 0.0211157
0 0.03053
0 0.0469892
0 0.0330819
0 0.0191832
0 0.0127715
0 0.0503479
0 0.030112
0 0.0393822
0 0.0232652
0 0.0222383
0 0.0199145
0 0.00595115
0 0.0328641
0 0.0259919
0 0.02341
0 0.0568421
0 0.120404
0 0.104346
0 0.0830408
0 0.0140437
0 0.0175049
0 0.0573796
0 0.0289172
0 0.0344501
0 0.0479073
0 0.218631
0 0.0470963
0 0.0134303
0 0.0627949
0 0.0104988
0 0.0255854
0 0.0382756
0 0.036708
0 0.0129216
0 0.0175936
0 0.00672573
0 0.0450251
0 0.0167591
0 0.0248601
0 0.107804
0 0.052784
0 0.0120417
0 0.0513464
0 0.0228461
0 0.0589953
0 0.0214414
0 0.0550792
0 0.0410499
0 0.0420526
0 0.0296029
0 0.0474636
0 0.0186415
0 0.0358379
0 0.00926843
0 0.0497791
0 0.049434
0 0.0671131
0 0.0815396
0 0.114512
0 0.0103854
0 0.069318
0 0.025443
0 0.0019633
0 0.0361105
0 0.0191958
0 0.0170202
0 0.124559
0 0.0472002
0 0.0433263
0 0.0249791
0 0.0593435
0 0.00831896
0 0.173156
0 0.0285349
0 0.0368565
0 0.0148826
0 0.0461466
0 0.039198
0 0.0153635
0 0.0428411
0 0.0070463
0 0.0172381
0 0.0547789
0 0.0176823
0 0.0255576
0 0.08244
0 0.00224285
0 0.0165941
0 0.00596503
0 0.00402116
0 0.0105641
0 0.100086
0 0.0131476
0 0.0556248
0 0.012353
0 0.0204071
0 0.0562608
0 0.130674
0 0.0567569
0 0.0934908
0 0.0034217
0 0.0198725
0 0.0232044
0 0.064565
0 0.0135184
0 0.0166589
0 0.0289965
0 0.0307555
0 0.0205333
0 0.0147928
0 0.0565113
0 0.0134043
0 0.036535
0 0.0444759
0 0.0174963
0 0.0399088
0 0.00337029
0 0.00644667
0 0.0778368
0 0.0297668
0 0.0774706
0 0.0294563
0 0.0530217
0 0.0563828
0 0.0117615
0 0.143293
0 0.0198829
0 0.0313909
0 0.039394
0 0.0110027
0 0.00190363
0 0.0246244
0 0.0347769
0 0.00922735
0 0.0271927
0 0.0132609
0 0.0523701
0 0.0537463
0 0.0573884
0 0.0741557
0 0.0311508
0 0.0758964
0 0.00849784
0 0.0200598
0 0.0398638
0 0.0844735
0 0.058003
0 0.021193
0 0.164799
0 0.0799438
0 0.0802019
0 0.0304865
0 0.0122248
0 0.0269193
0 0.0289057
0 0.0153846
0 0.0661318
0 0.00249456
0 0.0486094
0 0.023525
0 0.0311905
0 0.0335416
0 0.071227
0 0.105287
0 0.0289313
0 0.116128
0 0.0996806
0 0.00812684
0 0.0695052
0 0.0129753
0 0.0486739
0 0.0125814
0 0.0535746
0 0.0763554
0 0.0743442
0 0.0234996
0 0.0107416
0 0.107542
0 0.028408
0 0.0330223
0 0.0363482
0 0.0610759
0 0.0177876
0 0.0173878
0 0.0744927
0 0.0107935
0 0.0296847
0 0.0272959
0 0.0160451
0 0.0137903
0 0.00242117
0 0.033642
0 0.0342898
0 0.0149693
0 0.0704815
0 0.133999
0 0.0184454
0 0.12322
0 0.0163232
0 0.0445878
0 0.00356719
0 0.00903619
0 0.0430979
0 0.00651936
0 0.0196809
0 0.033207
0 0.0730819
0 0.0247739
0 0.0118368
0 0.0586488
0 0.0547452
0 0.0213745
0 0.00249944
0 0.0754461
0 0.14254
0 0.0285411
0 0.130782
0 0.0616142
0 0.127712
0 0.0636014
0 0.0288041
0 0.113713
0 0.0867782
0 0.0256667
0 0.0545502
0 0.0423371
0 0.0455352
0 0.00570165
0 0.00837341
0 0.00638992
0 0.0149246
0 0.0448035
0 0.0265011
0 0.0227567
0 0.0231195
0 0.0387347
0 0.054842
0 0.0236287
0 0.0301042
0 0.0939263
0 0.119593
0 0.0457098
0 0.0355453
0 0.0433606
0 0.10019
0 0.00965073
0 0.00971632
0 0.11403
0 0.0254586
0 0.105791
0 0.00745509
0 0.0229202
0 0.00922961
0 0.0358177
0 0.0281665
0 0.084228
0 0.00752972
0 0.0628965
0 0.0301945
0 0.0510113
0 0.0121523
0 0.0417768
0 0.0341012
0 0.115047
0 0.0702042
0 0.00829465
0 0.0266924
0 0.04494
0 0.0096968
0 0.0399188
0 0.0377172
0 0.020649
0 0.0453964
0 0.00410386
0 0.00767113
0 0.00424924
0 0.0348919
0 0.0715071
0 0.0221054
0 0.00958641
0 0.0325667
0 0.0148277
0 0.0576959
0 0.0215128
0 0.00618685
0 0.0565512
0 0.0794015
0 0.0148994
0 0.0996655
0 0.0847343
0 0.0429694
0 0.00564857
0 0.0214249
0 0.0788863
0 0.00494371
0 0.00378646
0 0.0355837
0 0.0165683
0 0.00971119
0 0.0362798
0 0.0700774
0 0.035487
0 0.0241045
0 0.0837313
0 0.0173081
0 0.0747077
0 0.0381945
0 0.0582478
0 0.0590485
0 0.0249037
0 0.0272177
0 0.0470799
0 0.0217938
0 0.0483148
0 0.00241016
0 0.0408513
0 0.0348878
0 0.0820854
0 0.0645911
0 0.0606618
0 0.0390983
0 0.074341
0 0.0601999
0 0.0403444
0 0.0521806
0 0.070894
0 0.023616
0 0.020101
0 0.0505619
0 0.0284793
0 0.0207458
0 0.029633
0 0.0591366
0 0.0374408
0 0.0161294
0 0.00114942
0 0.00750978
0 0.025012
0 0.0132316
0 0.059186
0 0.0168949
0 0.0180004
0 0.0662309
0 0.0848326
0 0.0532424
0 0.0581352
0 0.0325524
0 0.0451449
0 0.0414234
0 0.00563553
0 0.0343284
0 0.0408831
0 0.0168026
0 0.0418254
0 0.0228874
0 0.0455544
0 0.0128385
0 0.0338804
0 0.0189213
0 0.0984989
0 0.0361665
0 0.0265109
0 0.0149173
0 0.0512361
0 0.0562473
0 0.0271637
0 0.0503095
0 0.0449233
0 0.0369348
0 0.0724985
0 0.0364997
0 0.0383767
0 0.0123106
0 0.00740704
0 0.0387476
0 0.0573001
0 0.060236
0 0.00499027
0 0.0333517
0 0.0481082
0 0.0145455
0 0.0358798
0 0.0523246
0 0.0656379
0 0.00582832
0 0.0487914
0 0.0107427
0 0.015252
0 0.0570936
0 0.120193
0 0.0231891
0 0.0391864
0 0.0142298
0 0.0327683
0 0.0147313
0 0.043211
0 0.0630493
0 0.0225402
0 0.0581005
0 0.0205942
0 0.0582624
0 0.0627371
0 0.0565618
0 0.0134307
0 0.0461103
0 0.0274713
0 0.0153335
0 0.014315
0 0.0785086
0 0.048971
0 0.0791974
0 0.0694459
0 0.0138134
0 0.0103623
0 0.107379
0 0.033227
0 0.040367
0 0.0257782
0 0.00312636
0 0.0348236
0 0.0150902
0 0.000479945
0 0.0156771
0 0.0270258
0 0.00388908
0 0.0163251
0 0.0161539
0 0.0597132
0 0.0402238
0 0.00292086
0 0.0431501
0 0.0214802
0 0.108902
0 0.096878
0 0.0208148
0 0.0637274
0 0.0393467
0 0.0532451
0 0.076007
0 0.115189
0 0.0228576
0 0.0215397
0 0.00510972
0 0.0517258
0 0.0143874
0 0.0379768
0 0.0397519
0 0.0863192
0 0.0185572
0 0.0101238
0 0.00740072
0 0.0349354
0 0.00158696
0 0.0219173
0 0.0664911
0 0.00478633
0 0.0336004
0 0.0201214
0 0.00135807
0 0.00469443
0 0.0293432
0 0.0556599
0 0.152757
0 0.0192154
0 0.0553068
0 0.0508075
0 0.0749681
0 0.028072
0 0.0214174
0 0.0250669
0 0.00584667
0 0.0470252
0 0.015386
0 0.0149665
0 0.0361279
0 0.178022
0 0.0131174
0 0.0236814
0 0.0538402
0 0.0172274
0 0.0251808
0 0.0162492
0 0.082595
0 0.0130657
0 0.0134259
0 0.0266775
0 0.0282203
0 0.043711
0 0.015506
0 0.0213136
0 0.0372254
0 0.013329
0 0.0172018
0 0.00622376
0 0.00618541
0 0.0332772
0 0.0144304
0 0.00454615
0 0.00398628
0 0.0409948
0 0.0215901
0 0.0489848
0 0.0301913
0 0.00734505
0 0.0177244
0 0.0573749
0 0.0930753
0 0.0307799
0 0.0261719
0 0.033472
0 0.0461255
0 0.036564
0 0.0319179
0 0.0120197
0 0.0117274
0 0.0422666
0 0.0168443
0 0.000523092
0 0.00381332
0 0.0718375
0 0.123915
0 0.0311507
0 0.00641562
0 0.00507643
0 0.0582373
0 0.019355
0 0.0322168
0 0.0815893
0 0.00409417
0 0.0247466
0 0.039521
0 0.0653165
0 0.0245211
0 0.0670067
0 0.0464906
0 0.114705
0 0.0321285
0 0.0153276
0 0.0434159
0 0.0215627
0 0.0477159
0 0.0243414
0 0.0423606
0 0.00984381
0 0.0156371
0 0.0421549
0 0.129615
0 0.0321615
0 0.0180174
0 0.00347001
0 0.0904286
0 0.0220732
0 0.0330938
0 0.033538
0 0.0469676
0 0.0718798
0 0.0395522
0 0.0862351
0 0.126767
0 0.103861
0 0.0419644
0 0.0219353
0 0.0428212
0 0.0092756
0 0.0892776
0 0.0708507
0 0.0228784
0 0.0626718
0 0.00902015
0 0.0270353
0 0.0395773
0 0.0235932
0 0.0752102
0 0.166647
0 0.0194027
0 0.0136533
0 0.0113481
0 0.0291528
0 0.0554996
0 0.0111301
0 0.0117471
0 0.0318285
0 0.0286157
0 0.0436561
0 0.0432275
0 0.0247311
0 0.0307258
0 0.00717162
0 0.0291202
0 0.0794293
0 0.106344
0 0.0454959
0 0.0144958
0 0.00711144
0 0.00885114
0 0.0296165
0 0.0150171
0 0.0344319
0 0.0382881
0 0.0315031
0 0.10996
0 0.0515339
0 0.0249079
0 0.0144168
0 0.0785927
0 0.0189091
0 0.058469
0 0.0797847
0 0.0220811
0 0.0258464
0 0.114665
0 0.0427382
0 0.0201819
0 0.0441668
0 0.0339183
0 0.0229458
0 0.0363093
0 0.0426561
0 0.0156621
0 0.0111274
0 0.0573149
0 0.0660964
0 0.0516762
0 0.00818615
0 0.0884372
0 0.0127295
0 0.0752485
0 0.067252
0 0.0838741
0 0.0148117
0 0.0195411
0 0.0168068
0 0.0653339
0 0.0508258
0 0.00579372
0 0.00229426
0 0.0654914
0 0.034631
0 0.0127014
0 0.0960218
0 0.0482534
0 0.00476505
0 0.0611539
0 0.0210843
0 0.0265483
0 0.0718429
0 0.0124734
0 0.0309046
0 0.0461652
0 0.0353981
0 0.0130999
0 0.0109616
0 0.018356
0 0.0389533
0 0.00529416
0 0.0119802
0 0.013351
0 0.0114482
0 0.0634412
0 0.0396571
0 0.0187774
0 0.0273074
0 0.0216371
0 0.00492166
0 0.0295844
0 0.0287981
0 0.039294
0 0.0406137
0 0.0115012
0 0.0297456
0 0.0501618
0 0.0326607
0 0.0137556
0 0.028284
0 0.0109724
0 0.0772345
0 0.0122838
0 0.0871313
0 0.0480875
0 0.0297387
0 0.0384602
0 0.00724842
0 0.0785958
0 0.0197142
0 0.0539029
0 0.0123638
0 0.0558599
0 0.0541649
0 0.0144341
0 0.0906592
0 0.00282806
0 0.00774089
0 0.114066
0 0.0239102
0 0.0160571
0 0.0161221
0 0.0421639
0 0.0392559
0 0.0228698
0 0.0220437
0 0.0322897
0 0.0331922
0 0.0130727
0 0.028347
0 0.0242294
0 0.0632198
0 0.197723
0 0.0447823
0 0.0334871
0 0.0115511
0 0.0143009
0 0.0491253
0 0.0393104
0 0.0330092
0 0.0947305
0 0.00603161
0 0.0120033
0 0.0506206
0 0.026168
0 0.0482505
0 0.0220651
0 0.0205523
0 0.0976173
0 0.0421308
0 0.0342004
0 0.030626
0 0.0387102
0 0.0180347
0 0.0432645
0 0.0401124
0 0.0120281
0 0.0257244
0 0.0288317
0 0.00781537
0 0.106288
0 0.0291376
0 0.00795982
0 0.00414588
0 0.038487
0 0.0138045
0 0.0443114
0 0.0639925
0 0.0123697
0 0.0602394
0 0.0263274
0 0.00659228
0 0.00395146
0 0.0373039
0 0.0673081
0 0.0448255
0 0.0614516
0 0.0116066
0 0.05392
0 0.00896407
0 0.0465072
0 0.0289024
0 0.0220637
0 0.0322271
0 0.00647926
0 0.0346232
0 0.00522336
0 0.00879876
0 0.0635228
0 0.0483635
0 0.0243558
0 0.00939614
0 0.0355514
0 0.0291183
0 0.0398573
0 0.054609
0 0.0524232
0 0.0237096
0 0.0377078
0 0.041257
0 0.0729751
0 0.0628807
0 0.0494324
0 0.0198843
0 0.024325
0 0.0128728
0 0.0220895
0 0.0260201
0 0.0175145
0 0.0748262
0 0.00142025
0 0.0340727
0 0.0303812
0 0.00390416
0 0.101327
0 0.0428744
0 0.0170808
0 0.0276623
0 0.0294921
0 0.0298124
0 0.00673315
0 0.0167605
0 0.0447021
0 0.00565566
0 0.0348616
0 0.0244389
0 0.0143873
0 0.0354296
0 0.0644681
0 0.0564514
0 0.00520105
0 0.0354777
0 0.147746
0 0.0130301
0 0.00862857
0 0.0248648
0 0.0685654
0 0.0427
0 0.0882082
0 0.0154683
0 0.00675635
0 0.022656
0 0.0374824
0 0.0236875
0 0.00979589
0 0.012351
0 0.060172
0 0.029384
0 0.0179068
0 0.0421348
0 0.0306884
0 0.0144404
0 0.0565146
0 0.043571
0 0.0948524
0 0.0126701
0 0.0288286
0 0.0787788
0 0.0355916
0 0.0226379
0 0.11826
0 0.0323763
0 0.0462693
0 0.05235
0 0.0566707
0 0.0424357
0 0.0300639
0 0.0131747
0 0.00479444
0 0.0178379
0 0.0213613
0 0.0631265
0 0.0116035
0 0.024101
0 0.00740229
0 0.0604809
0 0.0293426
0 0.0411416
0 0.110805
0 0.090796
0 0.0110639
0 0.00517599
0 0.0702989
0 0.00227514
0 0.0249468
0 0.0616474
0 0.00908385
0 0.0298358
0 0.0371437
0 0.0427715
0 0.0136342
0 0.00772898
0 0.101598
0 0.0285211
0 0.0141762
0 0.104938
0 0.0500584
0 0.0232086
0 0.0239744
0 0.0265282
0 0.00771695
0 0.0582639
0 0.0165906
0 0.157459
0 0.0327516
0 0.0407217
0 0.0165134
0 0.0433188
0 0.0235297
0 0.0363971
0 0.0396112
0 0.0316755
0 0.0253813
0 0.0166671
0 0.0129462
0 0.00716297
0 0.0215913
0 0.0388106
0 0.00358477
0 0.00913688
0 0.0157262
0 0.0200487
0 0.00296475
0 0.00707728
0 0.0600104
0 0.0278658
0 0.0275629
0 0.0231043
0 0.00518953
0 0.00908735
0 0.0174801
0 0.0218036
0 0.0334527
0 0.00422386
0 0.0363313
0 0.105057
0 0.0637597
0 0.00304509
0 0.0105126
0 0.0483151
0 0.0329872
0 0.0116557
0 0.0600929
0 0.0309725
0 0.020217
0 0.00509061
0 0.0121444
0 0.00511202
0 0.000561711
0 0.0129948
0 0.0591634
0 0.013098
0 0.0307331
0 0.0126099
0 0.00765522
0 0.0907918
0 0.00885423
0 0.00745035
0 0.0109136
0 0.0210019
0 0.147973
0 0.0278518
0 0.00247984
0 0.0448686
0 0.00485475
0 0.101375
0 0.0050813
0 0.0427328
0 0.0121745
0 0.0116056
0 0.021128
0 0.0137954
0 0.0350689
0 0.0339729
0 0.0529812
0 0.00466782
0 0.0797696
0 0.00975578
0 0.101563
0 0.0196616
0 0.0204107
0 0.0386995
0 0.00115311
0 0.00907215
0 0.0935503
0 0.0164503
0 0.0181008
0 0.0507907
0 0.0370511
0 0.109513
0 0.0271996
0 0.00744743
0 0.0690025
0 0.0827261
0 0.0439554
0 0.0479413
0 0.0294038
0 0.129777
0 0.0609143
0 0.0158319
0 0.057247
0 0.0418111
0 0.0508559
0 0.0497001
0 0.116812
0 0.0447899
0 0.00507141
0 0.0231952
0 0.0988804
0 0.10932
0 0.0271827
0 0.00316541
0 0.0853586
0 0.00942319
0 0.0313765
0 0.0721812
0 0.0916564
0 0.0668263
0 0.00982856
0 0.081184
0 0.0874884
0 0.0922208
0 0.0148551
0 0.0196387
0 0.127654
0 0.0597931
0 0.0101732
0 0.00342886
0 0.00662952
0 0.0334452
0 0.0313397
0 0.00684451
0 0.0706024
0 0.026759
0 0.0310488
0 0.0182497
0 0.0186172
0 0.176384
0 0.0489146
0 0.0257922
0 0.0187587
0 0.0670272
0 0.053885
0 0.0218896
0 0.0240275
0 0.0404342
0 0.018273
0 0.0625407
0 0.0186984
0 0.00835168
0 0.0193161
0 0.00139514
0 0.0343181
0 0.0487199
0 0.0249652
0 0.0211127
0 0.0298821
0 0.00554809
0 0.0356643
0 0.0165953
0 0.0052936
0 0.0284895
0 0.0366906
0 0.0550479
0 0.046604
0 0.0230677
0 0.018381
0 0.0290475
0 0.000155946
0 0.0171927
0 0.0453388
0 0.0909534
0 0.0183229
0 0.0303629
0 0.0626883
0 0.00377815
0 0.0174341
0 0.0388972
0 0.0180329
0 0.0475945
0 0.0393859
0 0.0409038
0 0.0529736
0 0.0107723
0 0.129547
0 0.0602753
0 0.00858892
0 0.0115526
0 0.028149
0 0.0351321
0 0.0122802
0 0.0259486
0 0.0206823
0 0.0590038
0 0.0459599
0 0.0276836
0 0.00716638
0 0.0316247
0 0.026284
0 0.0593981
0 0.0545135
0 0.0402034
0 0.0120966
0 0.0491523
0 0.121834
0 0.0150429
0 0.0530001
0 0.0713825
0 0.0312229
0 0.00849976
0 0.0132652
0 0.0280472
0 0.0374268
0 0.00785841
0 0.0546686
0 0.0689337
0 0.0233428
0 0.0524056
0 0.00437244
0 0.0514871
0 0.0744894
0 0.028259
0 0.206029
0 0.128443
0 0.0015927
0 0.0830283
0 0.133909
0 0.0150403
0 0.0541919
0 0.0648142
0 0.036959
0 0.00732386
0 0.0529722
0 0.0287777
0 0.00832134
0 0.125511
0 0.0283383
0 0.0080625
0 0.0343568
0 0.0793662
0 0.0416526
0 0.0273205
0 0.0243352
0 0.0548223
0 0.0275227
0 0.0233559
0 0.0658918
0 0.00755529
0 0.0729011
0 0.0320767
0 0.005085
0 0.0556372
0 0.0324817
0 0.00771976
0 0.0153264
0 0.0284273
0 0.0182881
0 0.0585177
0 0.0694121
0 0.0601003
0 0.0178436
0 0.0503802
0 0.136169
0 0.169852
0 0.0777255
0 0.0426978
0 0.0232218
0 0.0126563
0 0.0259345
0 0.0169956
0 0.00291277
0 0.030027
0 0.0299068
0 0.0410125
0 0.002595
0 0.133613
0 0.074784
0 0.0644712
0 0.0189664
0 0.0279894
0 0.0822381
0 0.026751
0 0.0277043
0 0.0521058
0 0.00721178
0 0.0497597
0 0.0545147
0 0.0111941
0 0.025106
0 0.00567895
0 0.0343667
0 0.103289
0 0.184068
0 0.0353136
0 0.00724509
0 0.00638615
0 0.0321077
0 0.0359689
0 0.034497
0 0.0349556
0 0.0416103
0 0.0593958
0 0.0124872
0 0.0110966
0 0.086931
0 0.0666074
0 0.0179329
0 0.0467144
0 0.0182141
0 0.0368309
0 0.053693
0 0.0701331
0 0.00301754
0 0.0151208
0 0.0275556
0 0.0246052
0 0.0218246
0 0.0715469
0 0.0552931
0 0.043122
0 0.00993042
0 0.0193136
0 0.0593208
0 0.00997312
0 0.0250298
0 0.0300863
0 0.0391426
0 0.0814442
0 0.0365388
0 0.103858
0 0.000525978
0 0.0924271
0 0.054703
0 0.0315552
0 0.0491894
0 0.023515
0 0.00344691
0 0.0102181
0 0.0678177
0 0.00340887
0 0.00581817
0 0.0219702
0 0.0430036
0 0.108772
0 0.00840012
0 0.0352793
0 0.040622
0 0.0336575
0 0.0817815
0 0.0574324
0 0.0172053
0 0.0252168
0 0.0973067
0 0.0651207
0 0.0304678
0 0.03834
0 0.0372536
0 0.0180894
0 0.0277746
0 0.0296743
0 0.00988185
0 0.00444925
0 0.0376992
0 0.0162671
0 0.053235
0 0.017157
0 0.0220642
0 0.0088523
0 0.0595732
0 0.0363208
0 0.019961
0 0.0465815
0 0.103746
0 0.0212496
0 0.0999857
0 0.0339763
0 0.145594
0 0.120222
0 0.0456344
0 0.043596
0 0.0670832
0 0.00881887
0 0.0183026
0 0.0234401
0 0.0373636
0 0.0494931
0 0.0221302
0 0.0304855
0 0.0176394
0 0.095889
0 0.0185363
0 0.0319508
0 0.0910631
0 0.0606965
0 0.0209912
0 0.0116893
0 0.0135098
0 0.0654336
0 0.0144996
0 0.0262643
0 0.0172299
0 0.0160661
0 0.0173565
0 0.0145746
0 0.0679963
0 0.0371266
0 0.050439
0 0.00956196
0 0.00428299
0 0.0551578
0 0.00685499
0 0.0562992
0 0.0283614
0 0.0539132
0 0.153185
0 0.0128109
0 0.0131776
0 0.0807268
0 0.0195238
0 0.0215013
0 0.0328063
0 0.0211209
0 0.082847
0 0.0803452
0 0.0431448
0 0.0346005
0 0.0731938
0 0.0378512
0 0.0308248
0 0.0431002
0 0.0294762
0 0.0229975
0 0.0205334
0 0.0206708
0 0.027984
0 0.050832
0 0.0295857
0 0.0356116
0 0.0141913
0 0.0278984
0 0.00923606
0 0.00153623
0 0.0107402
0 0.0121262
0 0.00320072
0 0.0549318
0 0.000944309
0 0.00211002
0 0.0139753
0 0.0218826
0 0.0127668
0 0.0504428
0 0.0172046
0 0.0755089
0 0.0265885
0 0.0895185
0 0.0119995
0 0.116124
0 0.0273732
0 0.0279527
0 0.0102375
0 0.0445238
0 0.0448117
0 0.208672
0 0.0772946
0 0.074969
0 0.0121309
0 0.103332
0 0.0424405
0 0.0151455
0 0.0375379
0 0.0387337
0 0.0282896
0 0.050508
0 0.0788886
0 0.00770746
0 0.0620985
0 0.0324474
0 0.0515353
0 0.0228914
0 0.0366188
0 0.0960756
0 0.0392896
0 0.0401509
0 0.0191642
0 0.00680899
0 0.00978092
0 0.0534142
0 0.0441784
0 0.016901
0 0.0702546
0 0.00325608
0 0.0424817
0 0.0562182
0 0.0484009
0 0.0503083
0 0.0157271
0 0.0348742
0 0.0152992
0 0.0194194
0 0.0165779
0 0.0177805
0 0.0587252
0 0.123528
0 0.0477003
0 0.0678975
0 0.0279949
0 0.0244051
0 0.0178803
0 0.102548
0 0.0368178
0 0.0728751
0 0.00887938
0 0.0912649
0 0.0569901
0 0.0824705
0 0.0410826
0 0.0309408
0 0.0349121
0 0.0462026
0 0.070038
0 0.0102101
0 0.0751554
0 0.00927648
0 0.00382528
0 0.0582088
0 0.0734669
0 0.0315386
0 0.0502764
0 0.072598
0 0.0514146
0 0.0494591
0 0.0401671
0 0.111751
0 0.000860728
0 0.0371612
0 0.0248224
0 0.0548505
0 0.0667417
0 0.0274382
0 0.0904501
0 0.0620781
0 0.0362056
0 0.0995991
0 0.0240436
0 0.0125389
0 0.022902
0 0.00120969
0 0.0353294
0 0.105917
0 0.025894
0 0.0564821
0 0.00493449
0 0.0284466
0 0.0270904
0 0.0360755
0 0.052202
0 0.0311596
0 0.0396692
0 0.0578562
0 0.0472064
0 0.088369
0 0.0494672
0 0.0312305
0 0.0428578
0 0.017574
0 0.0143629
0 0.042626
0 0.0597963
0 0.0331549
0 0.0737039
0 0.00270753
0 0.0567422
0 0.061345
0 0.0103012
0 0.0440908
0 0.0442791
0 0.00901342
0 0.0427107
0 0.00182278
0 0.0375496
0 0.0395312
0 0.049879
0 0.0586836
0 0.0346114
0 0.0242328
0 0.0134267
0 0.0102998
0 0.0303927
0 0.0580201
0 0.027972
0 0.0784937
0 0.0201498
0 0.0352341
0 0.0234523
0 0.0169046
0 0.0418897
0 0.0198522
0 0.0376009
0 0.0619988
0 0.0820792
0 0.0182137
0 0.105154
0 0.0306127
0 0.0089415
0 0.0174762
0 0.00464394
0 0.0084701
0 0.0341569
0 0.0912609
0 0.0838539
0 0.0954691
0 0.016061
0 0.0627534
0 0.0351529
0 0.00475893
0 0.00615358
0 0.0163948
0 0.0589517
0 0.019425
0 0.139564
0 0.00143846
0 0.0474772
0 0.0530428
0 0.0777533
0 0.10788
0 0.00415222
0 0.0958904
0 0.0125331
0 0.0127327
0 0.0662968
0 0.0610613
0 0.0545081
0 0.00410162
0 0.0139428
0 0.0652541
0 0.0565925
0 0.0484286
0 0.0151461
0 0.0114553
0 0.0207185
0 0.0378048
0 0.0841827
0 0.1054
0 0.110959
0 0.0131107
0 0.0409326
0 0.0956949
0 0.0273132
0 0.0156105
0 0.00673562
0 0.0595947
0 0.11651
0 0.0606817
0 0.0354887
0 0.0100855
0 0.01751
0 0.00247284
0 0.0361649
0 0.0545254
0 0.0707353
0 0.0130447
0 0.0313654
0 0.0621533
0 0.0305235
0 0.0957624
0 0.0142216
0 0.0748931
0 0.0694442
0 0.000887535
0 0.00689153
0 0.0631955
0 0.00974332
0 0.0186236
0 0.0239967
0 0.026962
0 0.0290859
0 0.0600206
0 0.0615083
0 0.0285313
0 0.114877
0 0.0447123
0 0.0293847
0 0.044061
0 0.0449141
0 0.0446347
0 0.0539411
0 0.120136
0 0.0123548
0 0.0162038
0 0.0351552
0 0.0300224
0 0.11472
0 0.0245034
0 0.0231196
0 0.0243709
0 0.0127353
0 0.0495822
0 0.0960742
0 0.00954033
0 0.0499776
0 0.0840659
0 0.0769834
0 0.0117113
0 0.0152169
0 0.0332528
0 0.0851771
0 0.0488346
0 0.0202424
0 0.0445808
0 0.0546397
0 0.0199729
0 0.0911686
0 0.0536348
0 0.0135081
0 0.0820549
0 0.0660527
0 0.0425924
0 0.0574487
0 0.00738938
0 0.0515496
0 0.00959312
0 0.0195083
0 0.0490178
0 0.0316909
0 0.115865
0 0.0323034
0 0.131745
0 0.0410498
0 0.0223542
0 0.00704194
0 0.00609492
0 0.0233888
0 0.00603334
0 0.0530948
0 0.0100455
0 0.0604205
0 0.00369623
0 0.166808
0 0.0106687
0 0.0290524
0 0.0366899
0 0.00585442
0 0.0159745
0 0.0200211
0 0.0392244
0 0.064551
0 0.0149089
0 0.00423972
0 0.307331
0 0.0502643
0 0.0248554
0 0.0178591
0 0.0584438
0 0.056205
0 0.0977486
0 0.0853564
0 0.017757
0 0.00697571
0 0.0817581
0 0.0116006
0 0.0582018
0 0.0161131
0 0.0479494
0 0.0218125
0 0.0303605
0 0.0427993
0 0.00457276
0 0.0305794
0 0.00870318
0 0.0163583
0 0.0251028
0 0.0735264
0 0.00279074
0 0.0243825
0 0.028753
0 0.00375531
0 0.022858
0 0.00609867
0 0.0054956
0 0.00237913
0 0.0641606
0 0.0184692
0 0.0236186
0 0.0358377
0 0.0171502
0 0.020317
0 0.0113119
0 0.027772
0 0.0198373
0 0.0596204
0 0.0247554
0 0.0305437
0 0.0582484
0 0.0468566
0 0.0912089
0 0.0823375
0 0.0639056
0 0.00281904
0 0.00238544
0 0.0086007
0 0.0285127
0 0.00586046
0 0.0979542
0 0.021072
0 0.00148974
0 0.114573
0 0.00551863
0 0.0157731
0 0.108426
0 0.0763275
0 0.025235
0 0.0201592
0 0.0423394
0 0.0666713
0 0.0373051
0 0.019101
0 0.0604111
0 0.0601926
0 0.0901372
0 0.037465
0 0.00698907
0 0.00967882
0 0.00706481
0 0.0307559
0 0.000275763
0 0.00659778
0 0.0789229
0 0.02923
0 0.0155921
0 0.0353001
0 0.068043
0 0.0148261
0 0.0322239
0 0.0425814
0 0.0677537
0 0.0263062
0 0.0400813
0 0.165978
0 0.0281408
0 0.0251224
0 0.0352406
0 0.0412963
0 0.041409
0 0.0906527
0 0.0672411
0 0.0371939
0 0.0440466
0 0.0521878
0 0.116132
0 0.0338868
0 0.00363055
0 0.0282781
0 0.0526122
0 0.0155745
0 0.0267007
0 0.0269849
0 0.110138
0 0.0100958
0 0.0621384
0 0.0406811
0 0.0457033
0 0.00955253
0 0.105157
0 0.0116023
0 0.0201127
0 0.0111228
0 0.0136541
0 0.0407979
0 0.0676958
0 0.0297726
0 0.00333159
0 0.00984597
0 0.0541763
0 0.0263433
0 0.0289754
0 0.0492857
0 0.0223435
0 0.0539196
0 0.00674284
0 0.0461598
0 0.0161794
0 0.0174013
0 0.00643386
0 0.0924842
0 0.0088397
0 0.0822707
0 0.0285456
0 0.0380424
0 0.0267732
0 0.0608919
0 0.0281523
0 0.0295568
0 0.0319071
0 0.112357
0 0.0679277
0 0.0441024
0 0.0240568
0 0.00591439
0 0.0017737
0 0.0167678
0 0.0292821
0 0.0886087
0 0.149584
0 0.0232384
0 0.119025
0 0.0104573
0 0.0505065
0 0.0388735
0 0.0452484
0 0.0459571
0 0.0145036
0 0.0493999
0 0.0268737
0 0.0168188
0 0.0415193
0 0.0206479
0 0.0104444
0 0.0279336
0 0.0225845
0 0.0974342
0 0.0459717
0 0.0110704
0 0.0220937
0 0.119558
0 0.0169745
0 0.0498143
0 0.00493527
0 0.00846161
0 0.0262801
0 0.0791187
0 0.0182086
0 0.00768443
0 0.0155787
0 0.0274196
0 0.0146656
0 0.00311701
0 0.049522
0 0.108135
0 0.0014444
0 0.0365326
0 0.0126089
0 0.0531983
0 0.042938
0 0.0254155
0 0.0379413
0 0.017388
0 0.0148447
0 0.0344375
0 0.00997661
0 0.00617331
0 0.0123545
0 0.091701
0 0.0179424
0 0.0311134
0 0.0916823
0 0.00967311
0 0.0533264
0 0.055795
0 0.00546954
0 0.0156256
0 0.0104849
0 0.000540516
0 0.023785
0 0.0844127
0 0.0423204
0 0.0160889
0 0.0091869
0 0.0500037
0 0.0136192
0 0.0338302
0 0.0227715
0 0.0742957
0 0.0690132
0 0.0351924
0 0.0546156
0 0.0474263
0 0.114992
0 0.0251606
0 0.0902164
0 0.0365491
0 0.0155518
0 0.0147678
0 0.0110288
0 0.0487532
0 0.046013
0 0.0362631
0 0.158258
0 0.0832116
0 0.00950199
0 0.0218393
0 0.0382482
0 0.0199193
0 0.0325452
0 0.0627218
0 0.083516
0 0.0411142
0 0.00635745
0 0.0539811
0 0.0301764
0 0.0174538
0 0.00843665
0 0.0291471
0 0.0237242
0 0.0230861
0 0.148506
0 0.028405
0 0.0335829
0 0.0298757
0 0.00155639
0 0.075355
0 0.0022167
0 0.050638
0 0.0685641
0 0.0280484
0 0.00933116
0 0.000787779
0 0.0145925
0 0.0418168
0 0.0148332
0 0.0367192
0 0.0296533
0 0.00354277
0 0.00341627
0 0.0716796
0 0.0337336
0 0.041352
0 0.0487114
0 0.011578
0 0.0166267
0 0.00878524
0 0.0229172
0 0.0286127
0 0.00643403
0 0.0926127
0 0.0249084
0 0.0133629
0 0.0597284
0 0.0694748
0 0.0413541
0 0.0399403
0 0.00936792
0 0.0375119
0 0.033998
0 0.0290458
0 0.0193145
0 0.0420098
0 0.0221088
0 0.0856255
0 0.01716
0 0.058024
0 0.0310146
0 0.0147569
0 0.106249
0 0.00706226
0 0.0147983
0 0.0279659
0 0.00399754
0 0.0285491
0 0.0193022
0 0.0759606
0 0.0854277
0 0.0050447
0 0.0166529
0 0.13605
0 0.0441597
0 0.0258648
0 0.0948244
0 0.0191197
0 0.0525471
0 0.0547075
0 0.0454493
0 0.0390415
0 0.0103402
0 0.0346824
0 0.00903304
0 0.0366444
0 0.0649993
0 0.0401284
0 0.0203672
0 0.0198733
0 0.0460746
0 0.00441555
0 0.0295849
0 0.0037342
0 0.00751814
0 0.091143
0 0.0998612
0 0.00792013
0 0.0484466
0 0.0327439
0 0.0353369
0 0.0298964
0 0.0584618
0 0.107822
0 0.0485118
0 0.0091005
0 0.0023333
0 0.131286
0 0.00137
0 0.0544044
0 0.0505235
0 0.0421101
0 0.015732
0 0.00602545
0 0.00416496
0 0.00514488
0 0.192498
0 0.0301274
0 0.0451576
0 0.0279394
0 0.0103731
0 0.0122429
0 0.0888477
0 0.0152082
0 0.0654469
0 0.00660229
0 0.00828049
0 0.0104621
0 0.0311108
0 0.0519744
0 0.028888
0 0.00572405
0 0.0338161
0 0.0892534
0 0.0667783
0 0.116232
0 0.0835593
0 0.001704
0 0.0476889
0 0.0544655
0 0.0268348
0 0.0798485
0 0.0587235
0 0.00965789
0 0.0187197
0 0.0131855
0 0.0167558
0 0.0298786
0 0.0525311
0 0.161173
0 0.122765
0 0.0264913
0 0.0305126
0 0.013257
0 0.0444776
0 0.0386184
0 0.0604983
0 0.0782066
0 0.0129553
0 0.0298047
0 0.0155344
0 0.0644756
0 0.0384016
0 0.00992181
0 0.0183201
0 0.148368
0 0.00999008
0 0.00597388
0 0.0535289
0 0.0163304
0 0.0530612
0 0.00380878
0 0.0153419
0 0.0457713
0 0.0189004
0 0.0756482
0 0.0129524
0 0.144424
0 0.0635804
0 0.0514284
0 0.0175445
0 0.0376634
0 0.053077
0 0.0160378
0 0.0387794
0 0.0519699
0 0.0276227
0 0.0531033
0 0.0224842
0 0.0394391
0 0.0239209
0 0.0126545
0 0.0442477
0 0.0420339
0 0.0200056
0 0.0405545
0 0.0256231
0 0.0491228
0 0.0270475
0 0.000479107
0 0.0541042
0 0.0404276
0 0.0846214
0 0.139868
0 0.00324403
0 0.220632
0 0.0861406
0 0.0542086
0 0.0369377
0 0.0728417
0 0.0116584
0 0.0025865
0 0.133305
0 0.00411609
0 0.0148119
0 0.0130123
0 0.0154636
0 0.0273372
0 0.028287
0 0.00273012
