0 0.0337156
0 0.12093
0 0.01997
0 0.0455343
0 0.0537058
0 0.0197367
0 0.0744646
0 0.0056561
0 0.0282281
0 0.0898642
0 0.0265412
0 0.0502603
0 0.0475644
0 0.00184966
0 0.00764017
0 0.0285244
0 0.0234824
0 0.00602439
0 0.0559808
0 0.0212298
0 0.0117577
0 0.0308512
0 0.0402137
0 0.0244288
0 0.023857
0 0.0429123
0 0.00310937
0 0.0288718
0 0.0476782
0 0.0349731
0 0.121573
0 0.0483043
0 0.00138189
0 0.0215562
0 0.0120401
0 0.00554087
0 0.0841552
0 0.0535443
0 0.00185784
0 0.0254753
0 0.0861993
0 0.082961
0 0.00923743
0 0.00962657
0 0.0434804
0 0.00135754
0 0.0956566
0 0.00745368
0 0.0310959
0 0.0176566
0 0.0407621
0 0.0280065
0 0.0483335
0 0.108471
0 0.037966
0 0.0158648
0 0.0642111
0 0.0452039
0 0.0597284
0 0.0676336
0 0.0515862
0 0.0391664
0 0.0123021
0 0.050241
0 0.00977954
0 0.0246179
0 0.00729448
0 0.00757799
0 0.0176528
0 0.0278409
0 0.0752291
0 0.0124131
0 0.0282288
0 0.0383022
0 0.0170016
0 0.0332803
0 0.0158999
0 0.0138493
0 0.0108884
0 0.0527329
0 0.0254193
0 0.00132148
0 0.00980509
0 0.0334539
0 0.0514085
0 0.0412407
0 0.0590599
0 0.0520251
0 0.0187788
0 0.0255062
0 0.00979709
0 0.0372316
0 0.0331593
0 0.00494287
0 0.0968425
0 0.0150472
0 0.0757348
0 0.0144301
0 0.0780354
0 0.0482457
0 0.0186142
0 0.0446701
0 0.00369152
0 0.0577709
0 0.0343324
0 0.0223924
0 0.0449366
0 0.144579
0 0.0503237
0 0.0801909
0 0.0947639
0 0.0927024
0 0.0109898
0 0.0222358
0 0.0334454
0 0.0146696
0 0.0191596
0 0.00859676
0 0.0352416
0 0.0217052
0 0.0262412
0 0.00657682
0 0.102961
0 0.00726278
0 0.0850143
0 0.00248366
0 0.0196902
0 0.012423
0 0.114747
0 0.002957
0 0.0595702
0 0.0679374
0 0.0378171
0 0.0078925
0 0.00968169
0 0.00445555
0 0.0194899
0 0.0382592
0 0.0764199
0 0.039879
0 0.133379
0 0.00448515
0 0.0108642
0 0.0138271
0 0.0197861
0 0.00964417
0 0.0182901
0 0.0291253
0 0.00620927
0 0.0226077
0 0.0240842
0 0.0102908
0 0.0136994
0 0.030426
0 0.00841602
0 0.0220009
0 0.0867746
0 0.0244074
0 0.00996524
0 0.0138128
0 0.0312914
0 0.0611115
0 0.0241169
0 0.0619221
0 0.012661
0 0.141833
0 0.0336564
0 0.00224499
0 0.0515792
0 0.00348463
0 0.0336608
0 0.0180514
0 0.0266195
0 0.0335786
0 0.0205014
0 0.022125
0 0.0244267
0 0.00653946
0 0.0216602
0 0.0259073
0 0.0180217
0 0.0156657
0 0.0823494
0 0.056094
0 0.0188522
0 0.0813027
0 0.0584394
0 0.0139127
0 0.0391242
0 0.024376
0 0.0157002
0 0.0972889
0 0.0327678
0 0.0729082
0 0.0181824
0 0.0182697
0 0.0137267
0 0.0761664
0 0.0262376
0 0.0894922
0 0.00184054
0 0.0235395
0 0.0620752
0 0.035031
0 0.0175298
0 0.00407034
0 0.0564209
0 0.0844068
0 0.0472391
0 0.0264913
0 0.00978498
0 0.0520017
0 0.0870936
0 0.0182851
0 0.091392
0 0.0211335
0 0.00724555
0 0.0401033
0 0.0159511
0 0.0732651
0 0.0098462
0 0.0235859
0 0.0390494
0 0.0116929
0 0.082195
0 0.0338276
0 0.0833337
0 0.109571
0 0.0052954
0 0.0456506
0 0.0504054
0 0.0262933
0 0.0289743
0 0.042377
0 0.0501044
0 0.0499267
0 0.00744304
0 0.0114502
0 0.0712609
0 0.00980291
0 0.0514305
0 0.0703072
0 0.0389865
0 0.0252047
0 0.0136881
0 0.0018864
0 0.00521714
0 0.0232118
0 0.0110296
0 0.0384708
0 0.0157364
0 0.0580405
0 0.0207958
0 0.0318629
0 0.106918
0 0.0128569
0 0.113564
0 0.0702435
0 0.0206899
0 0.0790865
0 0.0328264
0 0.0810131
0 0.0582285
0 0.00561831
0 0.0851214
0 0.0259166
0 0.115708
0 0.0210638
0 0.0239989
0 0.0196628
0 0.00593973
0 0.0142475
0 0.0192264
0 0.0335388
0 0.00329551
0 0.0089762
0 0.00871987
0 0.0534468
0 0.00371111
0 0.0103545
0 0.0323351
0 0.0352417
0 0.0131868
0 0.130974
0 0.0361083
0 0.00891346
0 0.0494162
0 0.0188916
0 0.0315762
0 0.0377419
0 0.0490444
0 0.0013286
0 0.00648251
0 0.00409266
0 0.00538158
0 0.104446
0 0.0175157
0 0.0604372
0 0.00357623
0 0.00547731
0 0.0384058
0 0.0195982
0 0.154026
0 0.0509507
0 0.0076448
0 0.0575012
0 0.0628268
0 0.0345636
0 0.020402
0 0.0462303
0 0.0260395
0 0.0935254
0 0.0852461
0 0.13562
0 0.0272204
0 0.0595805
0 0.0116794
0 0.00760643
0 0.0388903
0 0.0373097
0 0.0741252
0 0.0676986
0 0.0544505
0 0.0138649
0 0.0700943
0 0.0347815
0 0.0333261
0 0.000506833
0 0.039234
0 0.00263173
0 0.040242
0 0.0445689
0 0.0278428
0 0.00559679
0 0.00726635
0 0.0443002
0 0.0121875
0 0.0332533
0 0.0426671
0 0.0146808
0 0.0112629
0 0.0328997
0 0.07466
0 0.0209648
0 0.0377029
0 0.0871065
0 0.0745114
0 0.0608055
0 0.0270342
0 0.0562441
0 0.044659
0 0.0349501
0 0.0450013
0 0.00864957
0 0.0252849
0 0.00842794
0 0.0273031
0 0.0237542
0 0.00818242
0 0.0524233
0 0.0139028
0 0.0448923
0 0.0137547
0 0.117223
0 0.0557234
0 0.00103048
0 0.0308749
0 0.0703183
0 0.0213532
0 0.0643381
0 0.0282342
0 0.0664746
0 0.00265427
0 0.00581525
0 0.02024
0 0.0171582
0 0.0365126
0 0.0227617
0 0.0162828
0 0.0507778
0 0.0603
0 0.0320097
0 0.0567356
0 0.0245145
0 0.00594302
0 0.0391838
0 0.0230901
0 0.0338407
0 0.165864
0 0.0259797
0 0.00437261
0 0.0439494
0 0.0281545
0 0.062838
0 0.0449078
0 0.0217201
0 0.157249
0 0.0363709
0 0.0465654
0 0.0262156
0 0.030319
0 0.0358929
0 0.013311
0 0.0281058
0 0.0480774
0 0.00790524
0 0.00926774
0 0.0792836
0 0.0133922
0 0.0230437
0 0.0177815
0 0.0857179
0 0.0161702
0 0.0163427
0 0.0111841
0 0.0416936
0 0.0406577
0 0.0354682
0 0.00402679
0 0.00620683
0 0.00563239
0 0.0388812
0 0.0129022
0 0.0325067
0 0.00528594
0 0.0229568
0 0.0366464
0 0.022298
0 0.00313127
0 0.0215666
0 0.0200825
0 0.0235752
0 0.05226
0 0.0293043
0 0.0550469
0 0.102844
0 0.0596332
0 0.0605718
0 0.0497184
0 0.0753036
0 0.0397429
0 0.0122401
0 0.0255439
0 0.0157026
0 0.193862
0 0.019805
0 0.00674743
0 0.0286099
0 0.00300651
0 0.0215257
0 0.0261386
0 0.0294373
0 0.0362882
0 0.107584
0 0.217165
0 0.00192938
0 0.0143473
0 0.0228437
0 0.0383885
0 0.0295483
0 0.0119992
0 0.0180975
0 0.0717586
0 0.0453153
0 0.116082
0 0.0738929
0 0.0336303
0 0.043886
0 0.156766
0 0.048196
0 0.009504
0 0.0146509
0 0.0502434
0 0.0262474
0 0.0430626
0 0.049043
0 0.0575627
0 0.0189959
0 0.0251676
0 0.00908768
0 0.0687315
0 0.0188967
0 0.0697746
0 0.013682
0 0.137257
0 0.0821861
0 0.0493313
0 0.0695735
0 0.0242439
0 0.0368311
0 0.0295705
0 0.0247361
0 0.00939181
0 0.0823087
0 0.0100349
0 0.0219195
0 0.0135508
0 0.0144137
0 0.0490579
0 0.0624919
0 0.0310666
0 0.0173936
0 0.0586616
0 0.0209402
0 0.019204
0 0.0406859
0 0.0350574
0 0.0318257
0 0.012629
0 0.0402066
0 0.00725786
0 0.0322959
0 0.0804801
0 0.0155527
0 0.0916504
0 0.0191693
0 0.00672996
0 0.0846742
0 0.0165546
0 0.0208187
0 0.0184416
0 0.0152682
0 0.0152769
0 0.0374013
0 0.0197604
0 0.0531403
0 0.0138194
0 0.0171227
0 0.0547036
0 0.0777807
0 0.021179
0 0.0181127
0 0.0180344
0 0.0415166
0 0.0834356
0 0.0227526
0 0.0248403
0 0.0644513
0 0.016533
0 0.107997
0 0.0332928
0 0.0222442
0 0.0532061
0 0.00832069
0 0.00885056
0 0.0976996
0 0.0494404
0 0.0201324
0 0.0026613
0 0.0997061
0 0.0543123
0 0.00990533
0 0.0280707
0 0.0126059
0 0.061918
0 0.0111862
0 0.0042645
0 0.0114706
0 0.0204463
0 0.0453001
0 0.0201555
0 0.0233489
0 0.0527421
0 0.0489342
0 0.0795889
0 0.00630294
0 0.00728554
0 0.00342905
0 0.0551557
0 0.0591158
0 0.0228795
0 0.0827528
0 0.194955
0 0.0927164
0 0.0327738
0 0.0479337
0 0.0240831
0 0.0113652
0 0.0568049
0 0.0848521
0 0.0823699
0 0.0777271
0 0.0267701
0 0.0255313
0 0.039484
0 0.0188152
0 0.0082579
0 0.0832979
0 0.0228094
0 0.0177215
0 0.0355708
0 0.020097
0 0.0459117
0 0.0198284
0 0.0112648
0 0.0953075
0 0.0289986
0 0.0123407
0 0.00580007
0 0.0583457
0 0.0072329
0 0.0634963
0 0.0332917
0 0.0127847
0 0.0667179
0 0.0375094
0 0.0156163
0 0.00146923
0 0.0482559
0 0.153674
0 0.0511115
0 0.0350915
0 0.0171719
0 0.0515132
0 0.0451565
0 0.00540202
0 0.0218805
0 0.0426788
0 0.0585218
0 0.0220753
0 0.063488
0 0.0460802
0 0.00453405
0 0.142576
0 0.0558124
0 0.00557069
0 0.0345708
0 0.0270072
0 0.00760566
0 0.0295832
0 0.166514
0 0.0779676
0 0.0375969
0 0.0295607
0 0.0366928
0 0.0671311
0 0.0330735
0 0.038369
0 0.0212007
0 0.0383085
0 0.0603265
0 0.0410218
0 0.0707421
0 0.0175045
0 0.0311208
0 0.0445346
0 0.00387107
0 0.0153932
0 0.0348632
0 0.0191466
0 0.0320956
0 0.0268686
0 0.0112019
0 0.0784888
0 0.0503358
0 0.0544194
0 0.00135684
0 0.0202127
0 0.075538
0 0.000882642
0 0.0155742
0 0.0354752
0 0.0373253
0 0.0711948
0 0.00180838
0 0.0270928
0 0.0209595
0 0.0915351
0 0.0665851
0 0.0545458
0 0.0246595
0 0.0361252
0 0.0336265
0 0.0680806
0 0.0109755
0 0.0575897
0 0.0200129
0 0.022179
0 0.00979509
0 0.0411068
0 0.341874
0 0.0311928
0 0.00827212
0 0.0128041
0 0.0239265
0 0.121163
0 0.110543
0 0.0134311
0 0.0483537
0 0.0384221
0 0.0601668
0 0.0311822
0 0.00823596
0 0.00151266
0 0.0217459
0 0.0785011
0 0.0869912
0 0.0224614
0 0.0201931
0 0.0151434
0 0.0868785
0 0.0319389
0 0.0141185
0 0.175639
0 0.0293669
0 0.0159031
0 0.0489115
0 0.0621785
0 0.0534065
0 0.0327482
0 0.017842
0 0.0436129
0 0.0431596
0 0.00875439
0 0.0241754
0 0.0319544
0 0.0966429
0 0.0930083
0 0.0219153
0 0.0735655
0 0.0320328
0 0.00582399
0 0.0250706
0 0.00118267
0 0.0173979
0 0.00726342
0 0.0129958
0 0.030931
0 0.0269507
0 0.0890049
0 0.0451314
0 0.00883419
0 0.0397335
0 0.0483224
0 0.012773
0 0.0642969
0 0.0106588
0 0.0333028
0 0.0143938
0 0.061262
0 0.0518732
0 0.0162814
0 0.0822942
0 0.0492618
0 0.0132809
0 0.0254885
0 0.01936
0 0.0537644
0 0.0556742
0 0.0267825
0 0.00547327
0 0.0351652
0 0.0551345
0 0.0397235
0 0.0896806
0 0.0385242
0 0.0279113
0 0.0651358
0 0.0147705
0 0.00624053
0 0.0393939
0 0.03273
0 0.0449828
0 0.0338158
0 0.0691517
0 0.0681458
0 0.00962615
0 0.00104705
0 0.0544082
0 0.0364963
0 0.0173455
0 0.120186
0 0.052041
0 0.00931237
0 0.0180609
0 0.017651
0 0.00303499
0 0.008099
0 0.056527
0 0.0213638
0 0.0491894
0 0.0173594
0 0.0380039
0 0.0175303
0 0.0155681
0 0.0639339
0 0.0468579
0 0.0115978
0 0.0210082
0 0.0214213
0 0.0093135
0 0.0298868
0 0.0602888
0 0.0251618
0 0.0218841
0 0.0381811
0 0.0154507
0 0.0240956
0 0.00990269
0 0.0250216
0 0.037718
0 0.0377924
0 0.119643
0 0.0593176
0 0.0517513
0 0.049301
0 0.0291135
0 0.0152169
0 0.0387762
0 0.0163929
0 0.00453464
0 0.0172323
0 0.0165393
0 0.0167411
0 0.0347614
0 0.0428064
0 0.0387688
0 0.0422037
0 0.0125038
0 0.154638
0 0.0438831
0 0.0403829
0 0.0277215
0 0.0482563
0 0.0137544
0 0.0360193
0 0.0450811
0 0.114682
0 0.0493874
0 0.0185156
0 0.0351251
0 0.0222358
0 0.0401743
0 0.0082731
0 0.028282
0 0.00297617
0 0.169549
0 0.0345437
0 0.0623668
0 0.0741105
0 0.0758779
0 0.0328268
0 0.0082562
0 0.035591
0 0.0547055
0 0.0194668
0 0.0361373
0 0.0120829
0 0.0263809
0 0.00530835
0 0.0302436
0 0.0152713
0 0.03161
0 0.0411998
0 0.0118702
0 0.0207944
0 0.0359144
0 0.000565838
0 0.00777891
0 0.0566326
0 0.0233504
0 0.0356317
0 0.119648
0 0.0407796
0 0.0192502
0 0.000469692
0 0.0226335
0 0.0378515
0 0.0199696
0 0.0639723
0 0.01667
0 0.0513868
0 0.0167374
0 0.048683
0 0.0345382
0 0.0392304
0 0.00904652
0 0.0226597
0 0.0136548
0 0.0161728
0 0.0151972
0 0.0568672
0 0.0112563
0 0.0842874
0 0.0920193
0 0.0274121
0 0.0191998
0 0.0614455
0 0.06025
0 0.0151038
0 0.0254289
0 0.0543635
0 0.020465
0 0.0096424
0 0.04313
0 0.0142025
0 0.0408795
0 0.00734123
0 0.00481221
0 0.00199765
0 0.00896434
0 0.0340873
0 0.00630209
0 0.0690758
0 0.0491343
0 0.0619459
0 0.0186462
0 0.0327595
0 0.0281175
0 0.0642735
0 0.0191942
0 0.0100004
0 0.103044
0 0.0357703
0 0.00589539
0 0.0648389
0 0.0207515
0 0.063963
0 0.0199717
0 0.022803
0 0.0155616
0 0.0226189
0 0.0923364
0 0.0659438
0 0.0115858
0 0.00677342
0 0.0522267
0 0.0438865
0 0.0568777
0 0.0156973
0 0.0184776
0 0.103257
0 0.0297498
0 0.0439063
0 0.0114925
0 0.0106744
0 0.0049371
0 0.0134492
0 0.0117711
0 0.0519658
0 0.0184061
0 0.0655117
0 0.0116397
0 0.0276259
0 0.0176189
0 0.0160892
0 0.123341
0 0.00286078
0 0.00709713
0 0.0218052
0 0.0648759
0 0.0132251
0 0.0311028
0 0.00621018
0 0.0392739
0 0.0578971
0 0.0521946
0 0.00755698
0 0.0251648
0 0.0540737
0 0.016095
0 0.092014
0 0.0200528
0 0.0424953
0 0.0548949
0 0.0816588
0 0.0782099
0 0.0114349
0 0.0410009
0 0.00369335
0 0.0656704
0 0.00205991
0 0.0231524
0 0.0611337
0 0.0369065
0 0.0952904
0 0.0401009
0 0.0111824
0 0.00790758
0 0.0477769
0 0.0810148
0 0.05355
0 0.00628064
0 0.0924931
0 0.019259
0 0.0973574
0 0.0578656
0 0.0372796
0 0.0483843
0 0.057726
0 0.0700684
0 0.0491973
0 0.0184029
0 0.0165318
0 0.0573721
0 0.0153233
0 0.0516982
0 0.0130452
0 0.0125307
0 0.0273669
0 0.0320155
0 0.0182352
0 0.0243366
0 0.0271807
0 0.000851115
0 0.0295553
0 0.0242079
0 0.0563543
0 0.070041
0 0.0166737
0 0.0452574
0 0.0390855
0 0.0444246
0 0.0293216
0 0.037256
0 0.0730182
0 0.0154929
0 0.00423249
0 0.0589374
0 0.0584292
0 0.00317608
0 0.0514447
0 0.0153594
0 0.0307397
0 0.065625
0 0.0449687
0 0.0239636
0 0.0613696
0 0.0717043
0 0.149686
0 0.0221438
0 0.00790078
0 0.00270703
0 0.0354713
0 0.0421415
0 0.0602961
0 0.00980436
0 0.00182524
0 0.0292483
0 0.0162556
0 0.0761339
0 0.0196262
0 0.0156357
0 0.0100423
0 0.0285713
0 0.0634504
0 0.0126087
0 0.0272534
0 0.105358
0 7.93601e-05
0 0.0128311
0 0.00638463
0 0.00881022
0 0.0169611
0 0.00644045
0 0.211751
0 0.0155216
0 0.016745
0 0.0377602
0 0.0371479
0 0.0317313
0 0.0211692
0 0.00856709
0 0.0120615
0 0.0813036
0 0.157572
0 0.044912
0 0.109603
0 0.0244835
0 0.0245074
0 0.0126693
0 0.018421
0 0.028081
0 0.0648459
0 0.0120315
0 0.0155334
0 0.111307
0 0.00781966
0 0.034922
0 0.0769642
0 0.0248287
0 0.050151
0 0.00630597
0 0.0178249
0 0.0162567
0 0.0658327
0 0.0441647
0 0.0276332
0 0.0253951
0 0.033445
0 0.0281792
0 0.0891483
0 0.0200142
0 0.00597541
0 0.0541996
0 0.0260171
0 0.106137
0 0.0356018
0 0.0182442
0 0.0484915
0 0.0114893
0 0.06908
0 0.00909539
0 0.0242294
0 0.0227371
0 0.0342414
0 0.0504905
0 0.0873547
0 0.0292658
0 0.0535553
0 0.0463522
0 0.035571
0 0.026604
0 0.0090034
0 0.0242602
0 0.00531405
0 0.011769
0 0.0184022
0 0.0254709
0 0.215874
0 0.05616
0 0.0210431
0 0.0512886
0 0.0307316
0 0.0759993
0 0.0239069
0 0.0652677
0 0.144789
0 0.059142
0 0.0182553
0 0.0607341
0 0.0453435
0 0.0842479
0 0.00823647
0 0.0856957
0 0.041296
0 0.0209871
0 0.111613
0 0.0765401
0 0.0172091
0 0.0574731
0 0.0244126
0 0.0155384
0 0.0154125
0 0.0395714
0 0.00513052
0 0.0639045
0 0.00895377
0 0.0117589
0 0.0923932
0 0.0658419
0 0.0692109
0 0.0395918
0 0.0328132
0 0.0903737
0 0.0190121
0 0.0406452
0 0.0408474
0 0.0247042
0 0.0391599
0 0.00870323
0 0.121241
0 0.0375052
0 0.0869785
0 0.0336188
0 0.0105981
0 0.0253043
0 0.050791
0 0.00120963
0 0.0271758
0 0.0441084
0 0.0367203
0 0.0188767
0 0.0168452
0 0.0511003
0 0.0653468
0 0.0886919
0 0.0189602
0 0.0409335
0 0.0305067
0 0.0126104
0 0.00767814
0 0.0565082
0 0.0315486
0 0.126128
0 0.0570804
0 0.0605651
0 0.0217303
0 0.058036
0 0.0491431
0 0.0681486
0 0.103267
0 0.0141268
0 0.0034594
0 0.0114493
0 0.027997
0 0.00315817
0 0.0564026
0 0.00550606
0 0.0327397
0 0.0241664
0 0.043451
0 0.0429994
0 0.0208544
0 0.0471218
0 0.0278272
0 0.0593039
0 0.00417997
0 0.0101371
0 0.0330653
0 0.00435818
0 0.0250225
0 0.0125865
0 0.00140312
0 0.0279315
0 0.132237
0 0.0169618
0 0.01281
0 0.0597611
0 0.00814447
0 0.0690162
0 0.0889414
0 0.0546866
0 0.0117754
0 0.0375745
0 0.07472
0 0.0314414
0 0.0767034
0 0.142927
0 0.0430195
0 0.172457
0 0.0315563
0 0.0205914
0 0.00548325
0 0.021789
0 0.0626515
0 0.0163775
0 0.0865878
0 0.00194391
0 0.0293106
0 0.0491668
0 0.00163864
0 0.0169763
0 0.00887315
0 0.00403734
0 0.00339451
0 0.08931
0 0.0614895
0 0.00709048
0 0.0274177
0 0.00800577
0 0.0502474
0 0.0630736
0 0.0330446
0 0.0566072
0 0.0287279
0 0.0246295
0 0.0733711
0 0.0106162
0 0.0809418
0 0.0678815
0 0.0632635
0 0.0106345
0 0.012421
0 0.0459496
0 0.0629631
0 0.07194
0 0.0114084
0 0.134683
0 0.015808
0 0.0183593
0 0.0705658
0 0.0111951
0 0.0148354
0 0.0896834
0 0.0633781
0 0.0365465
0 0.100346
0 0.0127877
0 0.0795969
0 0.00357909
0 0.0157307
0 0.039414
0 0.00742533
0 0.0377552
0 0.0254048
0 0.034897
0 0.00375276
0 0.081937
0 0.0644496
0 0.0206039
0 0.0200009
0 0.0352933
0 0.0913374
0 0.0850835
0 0.0383425
0 0.01296
0 0.0641857
0 0.0387992
0 0.00756867
0 0.00559582
0 0.0286959
0 0.0259351
0 0.0951894
0 0.00837497
0 0.0594561
0 0.0050185
0 0.0118563
0 0.0728001
0 0.0130595
0 0.0174159
0 0.0322646
0 0.0120053
0 0.0277663
0 0.0453608
0 0.086144
0 0.0345964
0 0.0252939
0 0.0120305
0 0.00887071
0 0.0758044
0 0.0230231
0 0.00520667
0 0.0384115
0 0.0262682
0 0.0160529
0 0.00175272
0 0.037852
0 0.0312559
0 0.0161465
0 0.049288
0 0.0439184
0 0.0208823
0 0.0346042
0 0.00664086
0 0.00730603
0 0.0179662
0 0.0379766
0 0.00718419
0 0.0112395
0 0.00899287
0 0.023459
0 0.0181072
0 0.0338951
0 0.0791959
0 0.0514669
0 0.00568899
0 0.041359
0 0.0396322
0 0.0486508
0 0.0129241
0 0.0259428
0 0.053626
0 0.0542703
0 0.0341142
0 0.00237981
0 0.00971968
0 0.0654378
0 0.0620242
0 0.0870932
0 0.0518994
0 0.0419471
0 0.149616
0 0.0585294
0 0.0644361
0 0.0182411
0 0.00621732
0 0.0226052
0 0.0704963
0 0.0101397
0 0.0310501
0 0.011761
0 0.0248252
0 0.0339025
0 0.0324738
0 0.00783894
0 0.152124
0 0.0895504
0 0.0627579
0 0.00193606
0 0.0315397
0 0.0228376
0 0.0278568
0 0.0506094
0 0.105246
0 0.00833493
0 0.0771154
0 0.0772367
0 0.0202626
0 0.0406972
0 0.058038
0 0.028184
0 0.0158571
0 0.00612921
0 0.0213729
0 0.0409228
0 0.00309115
0 0.0742274
0 0.0307168
0 0.0587202
0 0.0130781
0 0.0155029
0 0.0670533
0 0.0219315
0 0.0338106
0 0.00830628
0 0.0344509
0 0.036428
0 0.0483134
0 0.048353
0 0.00682822
0 0.0506048
0 0.0030427
0 0.100932
0 0.0255429
0 0.0251667
0 0.0201676
0 0.0591771
0 0.0285355
0 0.0931623
0 0.0607323
0 0.0405132
0 0.0240489
0 0.00271429
0 0.0334889
0 0.0543675
0 0.00304447
0 0.0180201
0 0.0178189
0 0.0551096
0 0.0394956
0 0.0613995
0 0.0231435
0 0.0300561
0 0.0132621
0 0.00706775
0 0.00232273
0 0.105431
0 0.0600511
0 0.0487924
0 0.0205494
0 0.0108204
0 0.00372057
0 0.0265924
0 0.0231486
0 0.0258535
0 0.0452826
0 0.0636855
0 0.00472382
0 0.0366238
0 0.0431741
0 0.0229503
0 0.0430541
0 0.0212474
0 0.0401825
0 0.100592
0 0.0343859
0 0.0546902
0 0.0349636
0 0.0573412
0 0.0233951
0 0.0735855
0 0.000487955
0 0.0264976
0 0.00989754
0 0.0284552
0 0.014677
0 0.0309405
0 0.0323475
0 0.0819386
0 0.0460785
0 0.0692148
0 0.0186556
0 0.0179647
0 0.0528128
0 0.0436959
0 0.084064
0 0.0207058
0 0.0274802
0 0.0514662
0 0.059079
0 0.0560895
0 0.0054403
0 0.059168
0 0.0396967
0 0.00504553
0 0.0514772
0 0.0451858
0 0.00913387
0 0.0512911
0 0.0182341
0 0.0490627
0 0.0105146
0 0.00736631
0 0.0255984
0 0.0381452
0 0.0297547
0 0.0303912
0 0.0534491
0 0.00769384
0 0.110667
0 0.0323826
0 0.00849129
0 0.0109401
0 0.105578
0 0.0114495
0 0.0170199
0 0.0247217
0 0.0391367
0 0.0479719
0 0.0341811
0 0.0192739
0 0.00334843
0 0.0606668
0 0.0233949
0 0.0206011
0 0.0611008
0 0.0385376
0 0.0467792
0 0.0351768
0 0.0156405
0 0.00681601
0 0.013055
0 0.141255
0 0.0698371
0 0.0331313
0 0.0743317
0 0.0366036
0 0.026873
0 0.0603793
0 0.00730872
0 0.0613296
0 0.0140676
0 0.00812662
0 0.0365012
0 0.027769
0 0.0458924
0 0.0173838
0 0.036869
0 0.0278243
0 0.0502712
0 0.0692461
0 0.014975
0 0.0251256
0 0.0901329
0 0.0608636
0 0.0589753
0 0.0225744
0 0.0534349
0 0.0351888
0 0.0474956
0 0.0106285
0 0.0171277
0 0.0301263
0 0.139585
0 0.0206786
0 0.0134814
0 0.0290218
0 0.0167629
0 0.0140601
0 0.0416021
0 0.0394412
0 0.00365008
0 0.0776095
0 0.00719374
0 0.0443295
0 0.00413373
0 0.0211814
0 0.0550267
0 0.0752526
0 0.103877
0 0.0274172
0 0.0242739
0 0.00222553
0 0.0239354
0 0.113697
0 0.00313991
0 0.0384422
0 0.00974665
0 0.0322196
0 0.0299736
0 0.0348529
0 0.00853589
0 0.0509907
0 0.0712582
0 0.0240446
0 0.00692316
0 0.0180971
0 0.00211489
0 0.0337152
0 0.0198106
0 0.0157685
0 0.0874804
0 0.0236974
0 0.0515871
0 0.0356992
0 0.00190637
0 0.0214986
0 0.0250736
0 0.0250699
0 0.0337151
0 0.0934712
0 0.060642
0 0.039169
0 0.015113
0 0.0116814
0 0.0284062
0 0.111558
0 0.0614972
0 0.0345061
0 0.0765214
0 0.0521901
0 0.0263334
0 0.0983886
0 0.0141341
0 0.0343442
0 0.0166028
0 0.15118
0 0.0206008
0 0.0156671
0 0.0388461
0 0.0187415
0 0.0733329
0 0.0527678
0 0.0261503
0 0.0568858
0 0.0146917
0 0.00307793
0 0.107513
0 0.0187476
0 0.0389
0 0.0454708
0 0.00663045
0 0.0642579
0 0.0209972
0 0.0173746
0 0.0205352
0 0.0184994
0 0.0203917
0 0.00657987
0 0.0479479
0 0.0224448
0 0.156765
0 0.0475423
0 0.0244695
0 0.00700662
0 0.0268807
0 0.016785
0 0.00380992
0 0.00631714
0 0.00185992
0 0.0105537
0 0.0249928
0 0.0789231
0 0.0488799
0 0.0382306
0 0.0170568
0 0.0311632
0 0.0567276
0 0.0388393
0 0.0292951
0 0.0230656
0 0.050158
0 0.0285644
0 0.0148801
0 0.0136734
0 0.0619288
0 0.0520523
0 0.0866221
0 0.0245008
0 0.0160151
0 0.0506288
0 0.116379
0 0.138712
0 0.0860214
0 0.0215188
0 0.0256351
0 0.0152556
0 0.0277675
0 0.0199274
0 0.00411321
0 0.0209403
0 0.0188784
0 0.0190035
0 0.08169
0 0.0011552
0 0.00484236
0 0.0472321
0 0.00850094
0 0.0155278
0 0.125573
0 0.0236926
0 0.0582726
0 0.039128
0 0.108887
0 0.0883676
0 0.0312245
0 0.00580399
0 0.0102257
0 0.0238664
0 0.0800883
0 0.03227
0 0.00733387
0 0.0565503
0 0.0127882
0 0.0341588
0 0.0677812
0 0.0235652
0 0.0575944
0 0.028999
0 0.0169095
0 0.0245625
0 0.00302789
0 0.0737949
0 0.0631158
0 0.021962
0 0.0255157
0 0.0897121
0 0.0169685
0 0.0203806
0 0.0129993
0 0.0147946
0 0.0102151
0 0.13671
0 0.0311179
0 0.152914
0 0.00521213
0 0.057269
0 0.032871
0 0.05179
0 0.0807613
0 0.0224311
0 0.0110616
0 0.0294569
0 0.0252218
0 0.0379032
0 0.0199313
0 0.0597881
0 0.0338506
0 0.032739
0 0.0412813
0 0.0216964
0 0.00344708
0 0.0285156
0 0.0837569
0 0.0153689
0 0.0273328
0 0.0265127
0 0.0566892
0 0.0400391
0 0.0150138
0 0.01247
0 0.0581557
0 0.022496
0 0.122766
0 0.118229
0 0.159881
0 0.0649291
0 0.0489199
0 0.0105748
0 0.0621678
0 0.0443381
0 0.0133113
0 0.0365709
0 0.0158368
0 0.0104134
0 0.00155802
0 0.00912889
0 0.0395847
0 0.0239015
0 0.0219982
0 0.0243735
0 0.0401879
0 0.0488178
0 0.00436012
0 0.0521375
0 0.0297021
0 0.040405
0 0.0312545
0 0.00119988
0 0.010009
0 0.0166918
0 0.0335094
0 0.0429594
0 0.0210565
0 0.0157285
0 0.00163537
0 0.0406018
0 0.0616959
0 0.0196225
0 0.0196875
0 0.0177402
0 0.0143587
0 0.0113841
0 0.0122147
0 0.10296
0 0.0402606
0 0.0182263
0 0.0545757
0 0.0348489
0 0.0171289
0 0.0449607
0 0.0326034
0 0.0592463
0 0.0368261
0 0.0287401
0 0.00810907
0 0.0680133
0 0.0267198
0 0.0178818
0 0.0214518
0 0.0380333
0 0.0211432
0 0.0598196
0 0.0275564
0 0.00621083
0 0.0488948
0 0.010671
0 0.127507
0 0.057156
0 0.0411031
0 0.00939016
0 0.0646937
0 0.0704575
0 0.0576758
0 0.00173988
0 0.00619443
0 0.0497846
0 0.0332994
0 0.0997432
0 0.0291596
0 0.0578751
0 0.00201403
0 0.0108482
0 0.0188153
0 0.13026
0 0.0814813
0 0.0620794
0 0.0347133
0 0.0132513
0 0.0318534
0 0.0330315
0 0.0278273
0 0.0102516
0 0.00973832
0 0.154331
0 0.0216813
0 0.00736804
0 0.0103479
0 0.0353173
0 0.00247896
0 0.00418264
0 0.020616
0 0.0207254
0 0.00959488
0 0.0122192
0 0.00467705
0 0.117464
0 0.0373711
0 0.0217255
0 0.0305479
0 0.0785172
0 0.0681482
0 0.116863
0 0.0330603
0 0.108039
0 0.012318
0 0.000629786
0 0.00427698
0 0.0162269
0 0.103355
0 0.0464306
0 0.00484762
0 0.0556711
0 0.123117
0 0.0394293
0 0.025231
0 0.0196823
0 0.0188706
0 0.0279749
0 0.0264571
0 0.0170762
0 0.00303776
0 0.0184163
0 0.0094951
0 0.0369971
0 0.0250061
0 0.0370619
0 0.0286944
0 0.11904
0 0.0252443
0 0.00572833
0 0.0654978
0 0.011578
0 0.0257079
0 0.0119855
0 0.0410822
0 0.0375024
0 0.0472861
0 0.042749
0 0.15409
0 0.0288815
0 0.0371476
0 0.0353005
0 0.0109458
0 0.0965437
0 0.0486483
0 0.013013
0 0.17587
0 0.079397
0 0.0268041
0 0.00885962
0 0.023127
0 0.0176832
0 0.0836817
0 0.104034
0 0.0227125
0 0.0497149
0 0.0449959
0 0.0642938
0 0.125057
0 0.102991
0 0.0183303
0 0.0478448
0 0.0125456
0 0.00226641
0 0.0276359
0 0.0187716
0 0.0528998
0 0.0496153
0 0.0594061
0 0.000934529
0 0.035686
0 0.0344577
0 0.0345235
0 0.0827089
0 0.0156889
0 0.013436
0 0.15462
0 0.00320037
0 0.0932832
0 0.0472482
0 0.050965
0 0.0535751
0 0.013175
0 0.0904532
0 0.013743
0 0.0185113
0 0.0340498
0 0.0694726
0 0.0110865
0 0.0222007
0 0.0388074
0 0.0192596
0 0.0584176
0 0.0285229
0 0.0268298
0 0.00699081
0 0.00937757
0 0.0398872
0 0.0454408
0 0.0314123
0 0.00952743
0 0.108528
0 0.0417847
0 0.072052
0 0.0290483
0 0.00779469
0 0.0054875
0 0.0484564
0 0.0216687
0 0.0392636
0 0.0148108
0 0.0212691
0 0.0602277
0 0.0617746
0 0.0213784
0 0.043406
0 0.0307655
0 0.0384392
0 0.0103591
0 0.00804339
0 0.0874587
0 0.0805572
0 0.0314131
0 0.0244259
0 0.0876825
0 0.0410793
0 0.0355171
0 0.0609615
0 0.050401
0 0.0418386
0 0.0272175
0 0.0191716
0 0.0441076
0 0.0154684
0 0.0216438
0 0.0164905
0 0.0758254
0 0.0327244
0 0.038499
0 0.0597057
0 0.0389186
0 0.048809
0 0.0859788
0 0.0170253
0 0.0328517
0 0.129819
0 0.0228704
0 0.0241827
0 0.0135923
0 0.0291096
0 0.00493998
0 0.0214311
0 0.0591225
0 0.0465051
0 0.00566653
0 0.0374675
0 0.014082
0 0.0603579
0 0.00414807
0 0.00970069
0 0.0126636
0 0.0145478
0 0.0906031
0 0.0513535
0 0.0114497
0 0.00696256
0 0.0208863
0 0.0985822
0 0.0142764
0 0.0293171
0 0.0350635
0 0.0335334
0 0.0168263
0 0.00606479
0 0.0820787
0 0.0438174
0 0.0189398
0 0.114051
0 0.0249686
0 0.0691611
0 0.0287198
0 0.0368607
0 0.0339572
0 0.027094
0 0.0237062
0 0.00329451
0 0.0557106
0 0.0228837
0 0.0223836
0 0.0430165
0 0.00671394
0 0.0304659
0 0.00902099
0 0.0614323
0 0.0583119
0 0.00440106
0 0.0144339
0 0.0847204
0 0.00751555
0 0.0295761
0 0.0532985
0 0.0544427
0 0.0183212
0 0.0401643
0 0.00114611
0 0.0940865
0 0.0327353
0 0.0356602
0 0.0360392
0 0.0151295
0 0.110456
0 0.0280553
0 0.0284687
0 0.010582
0 0.0122842
0 0.0255496
0 0.00493909
0 0.00596451
0 0.0530489
0 0.0228322
0 0.0171303
0 0.0422476
0 0.0533263
0 0.0653459
0 0.0143474
0 0.171073
0 0.0357097
0 0.101687
0 0.0457664
0 0.0307802
0 0.0102502
0 0.0692882
0 0.00107918
0 0.0122389
0 0.101251
0 0.0592672
0 0.0050097
0 0.0346057
0 0.0175605
0 0.0583577
0 0.0554754
0 0.0107235
0 0.0132653
0 0.0206729
0 0.0655563
0 0.034823
0 0.058526
0 0.0190282
0 0.0185867
0 0.0725352
0 0.0193823
0 0.131544
0 0.0493864
0 0.00802034
0 0.0746524
0 0.00866239
0 0.00633886
0 0.0366223
0 0.0413504
0 0.0651516
0 0.0172046
0 0.0297054
0 0.0120761
0 0.0124702
0 0.0400448
0 0.053407
0 0.0764484
0 0.00804494
0 0.0158238
0 0.104502
0 0.00693403
0 0.0996297
0 0.0256212
0 0.00143288
0 0.0286087
0 0.0201272
0 0.00977194
0 0.0626919
0 0.030499
0 0.0127397
0 0.0886315
0 0.0280946
0 0.0667238
0 0.0111461
0 0.0332496
0 0.00984336
0 0.0734838
0 0.0673845
0 0.031288
0 0.00956641
0 0.0886874
0 0.0247296
0 0.125884
0 0.0139445
0 0.00719873
0 0.0158028
0 0.0307723
0 0.0403061
0 0.0176172
0 0.0506011
0 0.0683861
0 0.0470598
0 0.0290694
0 0.00808092
0 0.0301576
0 0.0130133
0 0.0406264
0 0.0131273
0 0.00664365
0 0.0171861
0 0.0836917
0 0.0435534
0 0.0152117
0 0.0422393
0 0.013164
0 0.188251
0 0.0172034
0 0.0378582
0 0.07335
0 0.0418006
0 0.00453106
0 0.0353838
0 0.0912444
0 0.0522959
0 0.0020648
0 0.0161018
0 0.00849966
0 0.0372978
0 0.0185115
0 0.0174001
0 0.0022279
0 0.00786163
0 0.00699014
0 0.0306267
0 0.0155725
0 0.0260089
0 0.011281
0 0.0161905
0 0.0926923
0 0.0199397
0 0.00647704
0 0.09322
0 0.0332002
0 0.051233
0 0.0385282
0 0.0273903
0 0.01765
0 0.0362461
0 0.140538
0 0.0758681
0 0.0247
0 0.0227363
0 0.0348524
0 0.0455896
0 0.0931329
0 0.0938183
0 0.0587477
0 0.0178683
0 0.0275127
0 0.0695682
0 0.142455
0 0.0283231
0 0.0164491
0 0.0284789
0 0.0610592
0 0.0739409
0 0.217599
0 0.0588551
0 0.168601
0 0.018274
0 0.00525011
0 0.00954396
0 0.0374996
0 0.0239679
0 0.0351235
0 0.00465625
0 0.0738253
0 0.0314803
0 0.0337129
0 0.0224738
0 0.0444861
0 0.0208911
0 0.0429717
0 0.0505595
0 0.0100195
0 0.0126683
0 0.00505365
0 0.0145718
0 0.0150329
0 0.00941304
0 0.0162633
0 0.000788738
0 0.0107644
0 0.0174221
0 0.0409901
0 0.0339192
0 0.0172052
0 0.00380768
0 0.0793435
0 0.0054065
0 0.0108235
0 0.0141354
0 0.0219703
0 0.0423013
0 0.0339047
0 0.0194125
0 0.0182631
0 0.0129295
0 0.0265469
0 0.00565652
0 0.043478
0 0.0589748
0 0.0804068
0 0.0137714
0 0.0274791
0 0.0046533
0 0.01154
0 0.00566309
0 0.0205136
0 0.0579843
0 0.0348298
0 0.0307826
0 0.0094637
0 0.0562274
0 0.0170337
0 0.0909892
0 0.0310786
0 0.0158892
0 0.0481938
0 0.0392905
0 0.0322491
0 0.0371749
0 0.056312
0 0.0165418
0 0.00967776
0 0.102337
0 0.0358561
0 0.022948
0 0.185528
0 0.0492354
0 0.0143959
0 0.042007
0 0.0671292
0 0.00600013
0 0.0379327
0 0.0540058
0 0.019788
0 0.0202222
0 0.0438544
0 0.0237731
0 0.012363
0 0.00253191
0 0.0123096
0 0.0346884
0 0.00680923
0 0.0404635
0 0.081705
0 0.108152
0 0.0436298
0 0.0993261
0 0.0425264
0 0.0661333
0 0.0328273
0 0.0476715
0 0.0420124
0 0.0416226
0 0.0479708
0 0.0432163
0 0.0192932
0 0.0518903
0 0.0559025
0 0.0694324
0 0.0374006
0 0.124062
0 0.0644835
0 0.0132932
0 0.00501158
0 0.00928172
0 0.008903
0 0.0258753
0 0.0458282
0 0.0228408
0 0.158896
0 0.0262006
0 0.0124846
0 0.0211486
0 0.00879467
0 0.0215422
0 0.0058134
0 0.024198
0 0.0457392
0 0.0133657
0 0.0193827
0 0.015455
0 0.0652892
0 0.00408984
0 0.0113715
0 0.00843088
0 0.0496556
0 0.0464355
0 0.0722067
0 0.0100773
0 0.0899737
0 0.000842695
0 0.0147782
0 0.00315529
0 0.0350603
0 0.0472578
0 0.0627224
0 0.00169844
0 0.00158606
0 0.0554535
0 0.113138
0 0.0167067
0 0.0223165
0 0.0126044
0 0.104912
0 0.00508142
0 0.00737759
0 0.0139034
0 0.0185793
0 0.00890665
0 0.0246852
0 0.0346224
0 0.0553982
0 0.0309035
0 0.0354805
0 0.0291505
0 0.0163112
0 0.0422038
0 0.0571989
0 0.0675374
0 0.0516218
0 0.0395114
0 0.0356838
0 0.0287615
0 0.00112596
0 0.0748936
0 0.0515412
0 0.0454339
0 0.0167908
0 0.00610035
0 0.0413655
0 0.0601654
0 0.0215037
0 0.0679991
0 0.0533547
0 0.069365
0 0.0471068
0 0.029485
0 0.0201905
0 0.0316441
0 0.0262269
0 0.00712394
0 0.0113756
0 0.0842702
0 0.095288
0 0.134365
0 0.0232769
0 0.0170567
0 0.0166014
0 0.0380355
0 0.0539128
0 0.0495394
0 0.049091
0 0.0327307
0 0.0836164
0 0.00412663
0 0.0167641
0 0.0240717
0 0.0789336
0 0.0190212
0 0.0587346
0 0.0939442
0 0.169042
0 0.00105103
0 0.0891287
0 0.0209965
0 0.0528501
0 0.0853986
0 0.0204242
0 0.00251167
0 0.0624065
0 0.0310243
0 0.00904307
0 0.0194933
0 0.118771
0 0.0178848
0 0.0258679
0 0.0606249
0 0.0313886
0 0.0362631
0 0.0441925
0 0.00478794
0 0.0886572
0 0.0149484
0 0.0476558
0 0.0519753
0 0.0149968
0 0.018814
0 0.065944
0 0.0211729
0 0.0913922
0 0.00852722
0 0.0362069
0 0.0271287
0 0.117867
0 0.00203955
0 0.0227856
0 0.0123471
0 0.0285744
0 0.0673087
0 0.0195821
0 0.0376802
0 0.0236333
0 0.0291207
0 0.0093612
0 0.0355886
0 0.0340924
0 0.00447937
0 0.0700661
0 0.0101756
0 0.0558081
0 0.0234883
0 0.0589775
0 0.00591688
0 0.0262923
0 0.00673529
0 0.0169276
0 0.0234948
0 0.0595643
0 0.0329583
0 0.0634936
0 0.0147325
0 0.0773597
0 0.059341
0 0.0326753
0 0.00542648
0 0.0574429
0 0.00386201
0 0.0213125
0 0.00472733
0 0.058901
0 0.029891
0 0.0242564
0 0.0445435
0 0.11219
0 0.0559168
0 0.0244797
0 0.0135212
0 0.108188
0 0.0400118
0 0.035745
0 0.0421746
0 0.158005
0 0.0226781
0 0.104639
0 0.0789577
0 0.024954
0 0.0291376
0 0.0798016
0 0.0370279
0 0.0122607
0 0.00850083
0 0.0352081
0 0.0120177
0 0.0448946
0 0.154262
0 0.0140946
0 0.0528756
0 0.0123936
0 0.0219474
0 0.0206768
0 0.123363
0 0.0735876
0 0.00967312
0 0.00749774
0 0.00717734
0 0.0337476
0 0.0286242
0 0.0764947
0 0.0153354
0 0.0503467
0 0.00869558
0 0.0145833
0 0.0083932
0 0.00815631
0 0.104108
0 0.0100057
0 0.0752599
0 0.0157444
0 0.0172892
0 0.0302144
0 0.0272064
0 0.0275821
0 0.0308604
0 0.0282163
0 0.051022
0 0.0112402
0 0.0371629
0 0.0333377
0 0.0496568
0 0.0439232
0 0.0388438
0 0.085755
0 0.0119569
0 0.00723144
0 0.0146324
0 0.0230324
0 0.0162486
0 0.0371417
0 0.0294525
0 0.0494157
0 0.0349407
0 0.0895303
0 0.014922
0 0.00544867
0 0.0129796
0 0.0336612
0 0.0299429
0 0.00736087
0 0.00859289
0 0.0628099
0 0.0990534
0 0.00143113
0 0.0120602
0 0.00851902
0 0.0574705
0 0.0216937
0 0.0305647
0 0.0207933
0 0.0135464
0 0.0283262
0 0.0262481
0 0.0808498
0 0.0145877
0 0.00458789
0 0.0309115
0 0.00582507
0 0.0443632
0 0.0414555
0 0.00136897
0 0.0314693
0 0.0375176
0 0.0398215
0 0.0122968
0 0.110399
0 0.128164
0 0.011344
0 0.0947473
0 0.0741661
0 0.00527542
0 0.0357679
0 0.0130579
0 0.00110996
0 0.0434788
0 0.132756
0 0.109017
0 0.0203997
0 0.0261787
0 0.0590997
0 0.00413239
0 0.00223086
0 0.00293923
0 0.0752246
0 0.0276536
0 0.022156
0 0.0490367
0 0.00770979
0 0.00906895
0 0.0589752
0 0.0183989
0 0.0614371
0 0.0503355
0 0.0451117
0 0.00985502
0 0.0187774
0 0.0557743
0 0.0232663
0 0.00309869
0 0.0220866
0 0.0221716
0 0.063788
0 0.0464553
0 0.0056555
0 0.0622201
0 0.0292655
0 0.023806
0 0.0115061
0 0.00894039
0 0.0281426
0 0.018142
0 0.0777487
0 0.00977425
0 0.0464025
0 0.0214476
0 0.0500081
0 0.0589225
0 0.0675431
0 0.0702417
0 0.0817161
0 0.0627587
0 0.0259374
0 0.0348393
0 0.0759084
0 0.0871718
0 0.00652626
0 0.0315968
0 0.0370298
0 0.0204517
0 0.0431789
0 0.0259107
0 0.0223167
0 0.0602004
0 0.0103666
0 0.0288625
0 0.063683
0 0.0163085
0 0.0185329
0 0.0422775
0 0.000403914
0 0.00875911
0 0.00748607
0 0.0106628
0 0.0190295
0 0.0285995
0 0.0748845
0 0.0183034
0 0.0396546
0 0.0551681
0 0.0157323
0 0.0186329
0 0.0156082
0 0.0517254
0 0.0669247
0 0.10747
0 0.00480541
0 0.0323561
0 0.0119933
0 0.0246429
0 0.00703082
0 0.0143032
0 0.0215899
0 0.0551811
0 0.00451173
0 0.0239923
0 0.0411534
0 0.0239742
0 0.0250027
0 0.026146
0 0.0298598
0 0.0697435
0 0.0448646
0 0.0367994
0 0.0424267
0 0.0189716
0 0.0142631
0 0.050795
0 0.0561795
0 0.0142277
0 0.026427
0 0.0131198
0 0.0986303
0 0.00774591
0 0.0323595
0 0.0131354
0 0.057319
0 0.0357605
0 0.0467923
0 0.0298278
0 0.00295967
0 0.0358979
0 0.0287488
0 0.0150597
0 0.0966939
0 0.0168214
0 0.00587191
0 0.0893462
0 0.0183982
0 0.03371
0 0.0490723
0 0.0916284
0 0.0863833
0 0.0100859
0 0.00609489
0 0.0802665
0 0.0305543
0 0.095305
0 0.0492713
0 0.00395888
0 0.037746
0 0.0518652
0 0.00502626
0 0.0117685
0 0.0911617
0 0.0331971
0 0.0209631
0 0.0676672
0 0.0054819
0 0.0124071
0 0.0519588
0 0.0634592
0 0.0423048
0 0.118222
0 0.0100872
0 0.0364168
0 0.120653
0 0.0116529
0 0.0588723
0 0.0180095
0 0.0412119
0 0.0562902
0 0.0104866
0 0.0899549
0 0.0014668
0 0.00864003
0 0.0515826
0 0.135076
0 0.0814426
0 0.0308142
0 0.0812422
0 0.0186579
0 0.081663
0 0.0114853
0 0.0534751
0 0.0224328
0 0.0314364
0 0.0365311
0 0.00167575
0 0.0123852
0 0.0519424
0 0.028727
0 0.0536786
0 0.0496983
0 0.065105
0 0.0163539
0 0.00235704
0 0.00585599
0 0.00351799
0 0.0862109
0 0.0489406
0 0.0964762
0 0.042954
0 0.0476311
0 0.0226726
0 0.005907
0 0.0254614
0 0.0680841
0 0.0344065
0 0.0129982
0 0.0457262
0 0.0260501
0 0.0212887
0 0.0704686
0 0.021919
0 0.0214693
0 0.0126572
0 0.0553936
0 0.0423196
0 0.0460707
0 0.00808519
0 0.00729617
0 0.0152056
0 0.0334602
0 0.0267224
0 0.0192361
0 0.0661333
0 0.0172582
0 0.128122
0 0.0521612
0 0.0581188
0 0.0349721
0 0.120835
0 0.048539
0 0.0564331
0 0.0342489
0 0.0446956
0 0.0458378
0 0.0315367
0 0.0441239
0 0.0199669
0 0.0387222
0 0.0433897
0 0.022469
0 0.0545862
0 0.0246598
0 0.148045
0 0.0358758
0 0.00718333
0 0.0197132
0 0.0150363
0 0.0823245
0 0.0314018
0 0.048302
0 0.0105914
0 0.0313101
0 0.0267964
0 0.0213069
0 0.0153329
0 0.0475326
0 0.0844619
0 0.0197984
0 0.0116794
0 0.0321706
0 0.0362412
0 0.0787266
0 0.0163685
0 0.0208969
0 0.10232
0 0.0239917
0 0.0386944
0 0.0484854
0 0.0102101
0 0.0767108
0 0.0396177
0 0.0695943
0 0.05435
0 0.0231524
0 0.0270691
0 0.0100767
0 0.00862486
0 0.0307666
0 0.00237715
0 0.0455696
0 0.00808555
0 0.0725552
0 0.0181723
0 0.00991808
0 0.024751
0 0.0471654
0 0.00678119
0 0.0289965
0 0.0237773
0 0.0125811
0 0.0275289
0 0.0165569
0 0.00709308
0 0.0360249
0 0.0642624
0 0.0236703
0 0.00595797
0 0.0561836
0 0.0240184
0 0.0130506
0 0.0419559
0 0.0731333
0 0.10042
0 0.00489457
0 0.00843486
0 0.0411593
0 0.0222237
0 0.0670079
0 0.0717761
0 0.00887559
0 0.00396422
0 0.0279094
0 0.116425
0 0.0443533
0 0.0526691
0 0.0579113
0 0.0366416
0 0.0486716
0 0.0258118
0 0.0177527
0 0.00120884
0 0.0408483
0 0.0241955
0 0.0144396
0 0.0262826
0 0.0669876
0 0.00694368
0 0.0451307
0 0.0378759
0 0.0114506
0 0.0102262
0 0.100488
0 0.0086978
0 0.0218646
0 0.0453381
0 0.0203038
0 0.0414628
0 0.0401136
0 0.119489
0 0.0467811
0 0.202301
0 0.00422878
0 0.00546323
0 0.0313888
0 0.0241556
0 0.0774536
0 0.0440943
0 0.0308345
0 0.00108408
0 0.0465973
0 0.0133325
0 0.0566793
0 0.0654013
0 0.0294176
0 0.0508348
0 0.0145167
0 0.0427261
0 0.0376202
0 0.0551522
0 0.0905172
0 0.0559001
0 0.0710364
0 0.038321
0 0.0507981
0 0.0280535
0 0.0162953
0 0.0443233
0 0.0914473
0 0.0138843
0 0.0677366
0 0.024068
0 0.00668717
0 0.0203991
0 0.00272452
0 0.0993276
0 0.0269391
0 0.056934
0 0.0549784
0 0.0089066
0 0.0191854
0 0.0314417
0 0.0101487
0 0.0842842
0 0.00867182
0 0.0115782
0 0.0434724
0 0.0792011
0 0.00744064
0 0.0197816
0 0.0236867
0 0.0129516
0 0.0363768
0 0.0268124
0 0.0203859
0 0.076399
0 0.0141616
0 0.0566619
0 0.0126926
0 0.0537137
0 0.00854052
0 0.0689208
0 0.0481398
0 0.0145731
0 0.274335
0 0.0424545
0 0.0424383
0 0.0118429
0 0.0615717
0 0.0239105
0 0.0183017
0 0.00663517
0 0.0165501
0 0.0171998
0 0.0431192
0 0.018682
0 0.0889983
0 0.0124029
0 0.0785838
0 0.0670719
0 0.0239239
0 0.0387186
0 0.017681
0 0.0345273
0 0.0101512
0 0.0316504
0 0.0420384
0 0.109142
0 0.131891
0 0.0349057
0 0.00782419
0 0.0045691
0 0.0387188
0 0.0336902
0 0.206383
0 0.0336455
0 0.0150574
0 0.0236372
0 0.0151776
0 0.0362537
0 0.107586
0 0.0107384
0 0.0334306
0 0.00311777
0 0.0297332
0 0.0143766
0 0.0288921
0 0.0174431
0 0.0360432
0 0.0175323
0 0.0156785
0 0.0140509
0 0.0385973
0 0.0475421
0 0.0230541
0 0.00982857
0 0.0825567
0 0.0133699
0 0.0183015
0 0.0900752
0 0.0451281
0 0.0302846
0 0.018834
0 0.0475627
0 0.058151
0 0.0396385
0 0.0210217
0 0.0768895
0 0.183523
0 0.0170966
0 0.0181282
0 0.0364817
0 0.0119508
0 0.0545281
0 0.0448218
0 0.0191655
0 0.0114626
0 0.00923931
0 0.0300174
0 0.00768825
0 0.013956
0 0.00667088
0 0.0134608
0 0.000423739
0 0.000569193
0 0.00613481
0 0.0157161
0 0.0266643
0 0.0260177
0 0.0454609
0 0.0162685
0 0.00715993
0 0.115912
0 0.00743328
0 0.0597731
0 0.0388651
0 0.0379444
0 0.00880975
0 0.0310145
0 0.0383146
0 0.00497135
0 0.00775754
0 0.03835
0 0.0222231
0 0.0632267
0 0.0494211
0 0.0245893
0 0.0264524
0 0.00796781
0 0.00450748
0 0.0388725
0 0.0161615
0 0.048251
0 0.0927376
0 0.0462993
0 0.0583299
0 0.0303328
0 0.0306243
0 0.0680109
0 0.0220686
0 0.00196299
0 0.0242377
0 0.0731537
0 0.069343
0 0.00532012
0 0.0594411
0 0.00987883
0 0.0185928
0 0.0411908
0 0.0278846
0 0.0708515
0 0.10697
0 0.0521436
0 0.00241788
0 0.0191924
0 0.00508641
0 0.0924137
0 0.0449586
0 0.0827641
0 0.0601062
0 0.0134133
0 0.0452974
0 0.0559767
0 0.0147476
0 0.0348524
0 0.0156983
0 0.0240869
0 0.0168222
0 0.0248533
0 0.0107341
0 0.00789096
0 0.0966361
0 0.0151123
0 0.093488
0 0.0186366
0 0.100726
0 0.010249
0 0.0891516
0 0.0264558
0 0.121276
0 0.0492672
0 0.0174058
0 0.011379
0 0.0525594
0 0.0345139
0 0.0235138
0 0.00410948
0 0.0105845
0 0.120491
0 0.00337081
0 0.0177754
0 0.0262536
0 0.0187928
0 0.0203017
0 0.0689464
0 0.0250887
0 0.0329324
0 0.0110458
0 0.0400412
0 0.0211703
0 0.0218418
0 0.0215794
0 0.010792
0 0.0486795
0 0.028556
0 0.123877
0 0.00119411
0 0.0408417
0 0.0392742
0 0.0711356
0 0.0118532
0 0.0263478
0 0.00882491
0 0.101328
0 0.0132033
0 0.0471909
0 0.0150578
0 0.0118889
0 0.0970785
0 0.013462
0 0.0340715
0 0.0149253
0 0.00849383
0 0.0498011
0 0.0187261
0 0.0164181
0 0.0423599
0 0.0110356
0 0.0516153
0 0.0329155
0 0.0104271
0 0.00884743
0 0.0126575
0 0.101651
0 0.0328048
0 0.00688474
0 0.0295305
0 0.0577097
0 0.0144368
0 0.0312889
0 0.0130944
0 0.0590484
0 0.00973885
0 0.0772352
0 0.0744077
0 0.0346301
0 0.0325772
0 0.0723889
0 0.0924855
0 0.0386674
0 0.0301932
0 0.0135782
0 0.0241915
0 0.0024103
0 0.0148063
0 0.0131301
0 0.0975334
0 0.0304544
0 0.0169472
0 0.0431894
0 0.0496965
0 0.0614144
0 0.032014
0 0.00390457
0 0.0798305
0 0.0313982
0 0.0134019
0 0.0371557
0 0.0339105
0 0.105559
0 0.0197159
0 0.0185715
0 0.0240232
0 0.02288
0 0.0581249
0 0.102871
0 0.00882837
0 0.0198821
0 0.0615883
0 0.0351738
0 0.00701993
0 0.0430076
0 0.0535363
0 0.0290872
0 0.0300281
0 0.026313
0 0.00657782
0 0.083101
0 0.0536804
0 0.0447974
0 0.10567
0 0.0377822
0 0.00716015
0 0.109925
0 0.0128506
0 0.0430208
0 0.0277318
0 0.0635863
0 0.0512705
0 0.0296413
0 0.00858369
0 0.00714714
0 0.0568351
0 0.0185768
0 0.0958426
0 0.0047781
0 0.0120482
0 0.0462722
0 0.0300664
0 0.0366141
0 0.0634869
0 0.0177972
0 0.0222205
0 0.0249157
0 0.00538017
0 0.000292485
0 0.0845338
0 0.0322361
0 0.00641383
0 0.0399476
0 0.0544232
0 0.0178484
0 0.135333
0 0.0853469
0 0.0328229
0 0.130402
0 0.00146784
0 0.00580846
0 0.0112438
0 0.0285406
0 0.0732225
0 0.0305907
0 0.0133861
0 0.0236287
0 0.0147032
0 0.030814
0 0.0199232
0 0.0372064
0 0.0123061
0 0.053328
0 0.0218524
0 0.00241462
0 0.0632047
0 0.0385959
0 0.0391246
0 0.0541246
0 0.0377425
0 0.00546051
0 0.00957716
0 0.0629844
0 0.0256692
0 0.0136388
0 0.012762
0 0.0027252
0 0.0216982
0 0.207736
0 0.0866757
0 0.00998244
0 0.0139259
0 0.0207087
0 0.131834
0 0.0765656
0 0.00666031
0 0.0134547
0 0.0133301
0 0.0806099
0 0.0141026
0 0.00425623
0 0.0114318
0 0.00879105
0 0.0185799
0 0.0497653
0 0.0181602
0 0.00637496
0 0.166666
0 0.00840452
0 0.072894
0 0.0869721
0 0.020904
0 0.066009
0 0.0313304
0 0.044086
0 0.000442676
0 0.0264545
0 0.00585937
0 0.0289783
0 0.00693187
0 0.00767476
0 0.051418
0 0.0243123
0 0.0209134
0 0.0239192
0 0.0415059
0 0.00867236
0 0.0400631
0 0.00043297
0 0.0948073
0 0.0124973
0 0.0134357
0 0.0443553
0 0.125439
0 0.0978101
0 0.0350982
0 0.0576975
0 0.0257126
0 0.0108229
0 0.0470022
0 0.0246937
0 0.00397672
0 0.0034878
0 0.0790241
0 0.0706153
0 0.0055707
0 0.00649807
0 0.0200933
0 0.205019
0 0.0798325
0 0.114724
0 0.0320995
0 0.046673
0 0.0269198
0 0.0461573
0 0.0963541
0 0.0767584
0 0.0219945
0 0.0390767
0 0.153673
0 0.0180877
0 0.0266733
0 0.0473249
0 0.0368058
0 0.0447245
0 0.109494
0 0.0195139
0 0.0112292
0 0.0533329
0 0.077896
0 0.0280791
0 0.0342503
0 0.0435182
0 0.0205544
0 0.0272239
0 0.00890461
0 0.033443
0 0.117716
0 0.0423024
0 0.030288
0 0.206177
0 0.0390275
0 0.0179284
0 0.0828637
0 0.0308712
0 0.0340809
0 0.0101643
0 0.047001
0 0.0134707
0 0.0397142
0 0.010164
0 0.0507798
0 0.0461212
0 0.0434845
0 0.0598979
0 0.0696767
0 0.0289065
0 0.097451
0 0.101389
0 0.0265224
0 0.00433667
0 0.00574409
0 0.0542259
0 0.00555332
0 0.0634019
0 0.0895982
0 0.0282527
0 0.00836639
0 0.0297343
0 0.0182586
0 0.0725549
0 0.0471546
0 0.0193642
0 0.0251498
0 0.0810048
0 0.0393272
0 0.00828132
0 0.040333
0 0.015182
0 0.0386464
0 0.0548711
0 0.0284234
0 0.0267084
0 0.0267952
0 0.0148438
0 0.0176421
0 0.0158608
0 0.048209
0 0.0100146
0 0.0400937
0 0.000787871
0 0.0531843
0 0.0130113
0 0.0267716
0 0.0280527
0 0.0528234
0 0.023347
0 0.0793766
0 0.0178641
0 0.0339007
0 0.00961246
0 0.0109564
0 0.0754807
0 0.0209294
0 0.0217149
0 0.0397199
0 0.0312427
0 0.0616268
0 0.0474608
0 0.0375086
0 0.00983505
0 0.0219889
0 0.106728
0 0.109788
0 0.0319036
0 0.0277673
0 0.0146992
0 0.00875913
0 0.0127479
0 0.0486918
0 0.0225352
0 0.0244127
0 0.0835774
0 0.00938874
0 0.18502
0 0.0395253
0 0.0399157
0 0.00592783
0 0.00442323
0 0.0657723
0 0.0220042
0 0.0363015
0 0.0389188
0 0.0298808
0 0.0126498
0 0.00956494
0 0.0158426
0 0.0250706
0 0.0589638
0 0.0389833
0 0.0352516
0 0.0447994
0 0.0242993
0 0.0259435
0 0.0112937
0 0.0138127
0 0.00926145
0 0.00616328
0 0.068895
0 0.00268743
0 0.00343668
0 0.0696248
0 0.00696206
0 0.0713224
0 0.0226043
0 0.0806544
0 0.0255363
0 0.0288724
0 0.163814
0 0.0261217
0 0.0351596
0 0.0152805
0 0.0246644
0 0.00241308
0 0.0229594
0 0.0398462
0 0.0452337
0 0.0216252
0 0.00542481
0 0.0213927
0 0.0297951
0 0.0168479
0 0.0832298
0 0.0193944
0 0.0324556
0 0.0961288
0 0.137692
0 0.0038096
0 0.0193007
0 0.0212289
0 0.0225649
0 0.0366426
0 0.0186142
0 0.0858705
0 0.0448545
0 0.088046
0 0.0421353
0 0.0438916
0 0.019639
0 0.0120678
0 0.0086893
0 0.05036
0 0.0329576
0 0.0225298
0 0.00366377
0 0.0235904
0 0.0049973
0 0.0243426
0 0.0156499
0 0.0610541
0 0.02216
0 0.0368024
0 0.00203305
0 0.0743027
0 0.00383596
0 0.0135091
0 0.0334254
0 0.0135178
0 0.0485149
0 0.0111212
0 0.0325102
0 0.0282707
0 0.100499
0 0.0520284
0 0.123342
0 0.0259078
0 0.0866677
0 0.099356
0 0.0698919
0 0.00145076
0 0.011843
0 0.0331509
0 0.0885917
0 0.0569036
0 0.0195736
0 0.0285368
0 0.0751178
0 0.00941646
0 0.0137848
0 0.0171684
0 0.0419602
0 0.0329467
0 0.0237375
0 0.0733052
0 0.045295
0 0.056367
0 0.115166
0 0.0441149
0 0.100202
0 0.0207645
0 0.0805314
0 0.0217593
0 0.023794
0 0.02105
0 0.0107166
0 0.136922
0 0.0372486
0 0.0817833
0 0.0158214
0 0.0231998
0 0.108246
0 0.0109599
0 0.0369668
0 0.00452653
0 0.0173386
0 0.00994273
0 0.00326013
0 0.0106125
0 0.0575558
0 0.0307107
0 0.0176085
0 0.0693477
0 0.0488464
0 0.0355472
0 0.00659508
0 0.0217453
0 0.0117596
0 0.0212762
0 0.0142395
0 0.00565326
0 0.0340591
0 0.0773186
0 0.0216595
0 0.0445901
0 0.0572368
0 0.0219399
0 0.0400506
0 0.0199027
0 0.00452427
0 0.0876993
0 0.0828975
0 0.0474086
0 0.0218728
0 0.0432192
0 0.069429
0 0.00038237
0 0.0428779
0 0.0263872
0 0.0370422
0 0.0371762
0 0.027664
0 0.0744406
0 0.0355946
0 0.0195147
0 0.0456231
0 0.0565097
0 0.00420958
0 0.011987
0 0.0846696
0 0.0334737
0 0.0156421
0 0.0117281
0 0.00693813
0 0.0718112
0 0.0414196
0 0.12454
0 0.0326543
0 0.0865541
0 0.0746118
0 0.0538631
0 0.0162268
0 0.0486939
0 0.0460132
0 0.0412914
0 0.015307
0 0.0308064
0 0.105485
0 0.054235
0 0.0632278
0 0.0107281
0 0.0997464
0 0.00748218
0 0.0831389
0 0.136163
0 0.003489
0 0.016929
0 0.0539658
0 0.0100234
0 0.0237597
0 0.0450205
0 0.0106949
0 0.0231812
0 0.00845184
0 0.00843895
0 0.0328348
0 0.0947453
0 0.0513492
0 0.0427452
0 0.0199793
0 0.0230081
0 0.000919243
0 0.037607
0 0.0350449
0 0.0262322
0 0.0281674
0 0.0659519
0 0.0326564
0 0.0217477
0 0.0405401
0 0.0076194
0 0.0622895
0 0.0130433
0 0.0302472
0 0.0174375
0 0.0511432
0 0.103793
0 0.0354337
0 0.0123748
0 0.0445341
0 0.00267091
0 0.0314871
0 0.000744133
0 0.0823452
0 0.0225571
0 0.0386879
0 0.0479584
0 0.0343131
0 0.142603
0 0.00979267
0 0.0315993
0 0.0831889
0 0.0302128
0 0.0245658
0 0.0247549
0 0.0367404
0 0.020397
0 0.0135701
0 0.0518499
0 0.0192617
0 0.0269554
0 0.104686
0 0.0232587
0 0.0418563
0 0.00936886
0 0.0472664
0 0.00916373
0 0.0300541
0 0.0420938
0 0.0233707
0 0.0135443
0 0.00966937
0 0.0153837
0 0.0135755
0 0.089178
0 0.0258107
0 0.0235804
0 0.0473929
0 0.077237
0 0.0321146
0 0.00222163
0 0.0850119
0 0.00358416
0 0.0239636
0 0.0266221
0 0.0239601
0 0.101448
0 0.021055
0 0.0209453
0 0.0150372
0 0.0293477
0 0.00237828
0 0.0330531
0 0.024431
0 0.0459617
0 0.00736695
0 0.0990019
0 0.0208622
0 0.0132853
0 0.0603766
0 0.101017
0 0.00892546
0 0.0162081
0 0.00914974
0 0.0102172
0 0.00660705
0 0.0177651
0 0.036504
0 0.118871
0 0.110812
0 0.0556312
0 0.0378936
0 0.00562132
0 0.0300431
0 0.0692366
0 0.0387212
0 0.00330368
0 0.112833
0 0.0459609
0 0.0549253
0 0.0327855
0 0.0402034
0 0.0136508
0 0.0222652
0 0.0135814
0 0.042511
0 0.00639416
0 0.00645083
0 0.0225746
0 0.0434757
0 0.0396637
0 0.0160327
0 0.0130049
0 0.0153156
0 0.0612299
0 0.00630632
0 0.0131242
0 0.0382521
0 0.0490557
0 0.0536082
0 0.00293045
0 0.0624241
0 0.0783022
0 0.0154619
0 0.0189411
0 0.00965535
0 0.0147679
0 0.0189757
0 0.0654369
0 0.0447653
0 0.03002
0 0.0715685
0 0.0359839
0 0.0496668
0 0.0546279
0 0.0256031
0 0.0190905
0 0.0329763
0 0.0373579
0 0.0966414
0 0.0572631
0 0.174722
0 0.00824433
0 0.0643519
0 0.0275284
0 0.0932538
0 0.0654405
0 0.0891775
0 0.0140916
0 0.00280065
0 0.05309
0 0.00477479
0 0.0219038
0 0.169575
0 0.0465136
0 0.0924417
0 0.00869484
0 0.101577
0 0.0513079
0 0.0257262
0 0.114486
0 0.00456388
0 0.0367042
0 0.00110864
0 0.010123
0 0.0318656
0 0.0572657
0 0.142172
0 0.00711508
0 0.0170937
0 0.0771622
0 0.0543948
0 0.0105865
0 0.0580487
0 0.0230068
0 0.0204824
0 0.00859825
0 0.0179595
0 0.0108823
0 0.00187019
0 0.0243027
0 0.0170905
0 0.0150335
0 0.02272
0 0.0218676
0 0.0418074
0 0.000659452
0 0.0266096
0 0.0795213
0 0.0219762
0 0.0180713
0 0.0854264
0 0.040063
0 0.0321672
0 0.026706
0 0.0251597
0 0.0187047
0 0.00540174
0 0.0510561
0 0.0231503
0 0.0181041
0 0.00369095
0 0.0319944
0 0.041858
0 0.101194
0 0.0252403
0 0.0853749
0 0.182877
0 0.089194
0 0.0326335
0 0.0112658
0 0.0378355
0 0.0193204
0 0.0591685
0 0.0110077
0 0.00517519
0 0.0481206
0 0.0327037
0 0.0452788
0 0.0578258
0 0.00656668
0 0.016348
0 0.059124
0 0.0316391
0 0.0818806
0 0.0185341
0 0.0399028
0 0.0237378
0 0.00842967
0 0.0306926
0 0.0885615
0 0.0180557
0 0.0078907
0 0.0520696
0 0.0300043
0 0.135216
0 0.072412
0 0.0736452
0 0.00932205
0 0.116161
0 0.0628924
0 0.0178657
0 0.0135979
0 0.0344044
0 0.00551097
0 0.039475
0 0.00676025
0 0.0718868
0 0.0215386
0 0.0826675
0 0.0292289
0 0.125673
0 0.0300176
0 0.050732
0 0.00786057
0 0.0127187
0 0.0537453
0 0.0164525
0 0.0487428
0 0.010454
0 0.0322188
0 0.0212868
0 0.035725
0 0.138313
0 0.0268989
0 0.0162005
0 0.0169448
0 0.0500563
0 0.0140071
0 0.0104311
0 0.106081
0 0.0204215
0 0.0470837
0 0.0023604
0 0.0504496
0 0.0449368
0 0.0401757
0 0.0298361
0 0.00676272
0 0.0633169
0 0.0122406
0 0.0509229
0 0.0231923
0 0.0924002
0 0.018973
0 0.0295894
0 0.0403596
0 0.087666
0 0.0149362
0 0.0221043
0 0.0367757
0 0.0396641
0 0.0161332
0 0.0845814
0 0.0298016
0 0.0802741
0 0.0402004
0 0.0406192
0 0.0131741
0 0.0354287
0 0.03629
0 0.0482649
0 0.0289108
0 0.0371347
0 0.0383639
0 0.00273639
0 0.0593875
0 0.125477
0 0.0621423
0 0.00596157
0 0.0138678
0 0.00392363
0 0.123496
0 0.0388462
0 0.00902491
0 0.0110725
0 0.0505496
0 0.00351942
0 0.00126024
0 0.0206768
0 0.0411414
0 0.0189402
0 0.0505605
0 0.0274819
0 0.0430482
0 0.0183583
0 0.0562268
0 0.0323413
0 0.0249904
0 0.0450854
0 0.0136964
0 0.00541672
0 0.0321556
0 0.0442444
0 0.0157633
0 0.0204735
0 0.0163436
0 0.061864
0 0.0167742
0 0.0247845
0 0.0172844
0 0.015859
0 0.00738362
0 0.0456634
0 0.103938
0 0.0673284
0 0.00919872
0 0.0442999
0 0.0401984
0 0.0468016
0 0.0191396
0 0.0147214
0 0.0360032
0 0.0432509
0 0.0160405
0 0.030881
0 0.0051349
0 0.0227339
0 0.041214
0 0.00835179
0 0.123861
0 0.0161679
0 0.0136525
0 0.0412974
0 0.0288246
0 0.00899513
0 0.0188288
0 0.00522613
0 0.0217079
0 0.00453597
0 0.0404871
0 0.0136655
0 0.0439756
0 0.0833696
0 0.0210206
0 0.0129795
0 0.0154329
0 0.0119385
0 0.040567
0 0.0515976
0 0.0017939
0 0.00634093
0 0.144034
0 0.168742
0 0.00430721
0 0.0098833
0 0.00859103
0 0.109278
0 0.0253533
0 0.0170051
0 0.0501397
0 0.132937
0 0.0416431
0 0.0158346
0 0.0315232
0 0.0302071
0 0.0128682
0 0.0540107
0 0.0101816
0 0.0225448
0 0.0758832
0 0.0081114
0 0.0960984
0 0.00830834
0 0.0266355
0 0.125648
0 0.0176738
0 0.00453114
0 0.0513843
0 0.0427084
0 0.0544076
0 0.0287524
0 0.146245
0 0.0120994
0 0.049355
0 0.0225965
0 0.0471809
0 0.0252372
0 0.0687154
0 0.0517001
0 0.0137161
0 0.0135883
0 0.033746
0 0.0972864
0 0.0195293
0 0.0154831
0 0.0186952
0 0.0346636
0 0.0119166
0 0.0940177
0 0.0884112
0 0.0399541
0 0.0112622
0 0.0311569
0 0.0339123
0 0.0907605
0 0.0153804
0 0.00583944
0 0.00542679
0 0.00693028
0 0.0242946
0 0.0383618
0 0.0622525
0 0.00601398
0 0.0506907
0 0.00206589
0 0.0164411
0 0.0260244
0 0.0263418
0 0.0124481
0 0.0532871
0 0.0494109
0 0.00257005
0 0.00939669
0 0.0134909
0 0.00753965
0 0.105675
0 0.0311277
0 0.0420213
0 0.0164313
0 0.0199472
0 0.0211799
0 0.0131408
0 0.100544
0 0.0389996
0 0.0165181
0 0.087639
0 0.004746
0 0.1461
0 0.026505
0 0.00612022
0 0.0386518
0 0.0191722
0 0.0184283
0 0.021528
0 0.142885
0 0.0230378
0 0.0178892
0 0.0513091
0 0.164011
0 0.0047251
0 0.00756573
0 0.040828
0 0.0215573
0 0.0105223
0 0.0390134
0 0.00801821
0 0.0400964
0 0.0445713
0 0.115922
0 0.021371
0 0.018494
0 0.0149813
0 0.0108793
0 0.0944689
0 0.0114351
0 0.0311315
0 0.0325315
0 0.0185574
0 0.0153189
0 0.0293311
0 0.0661719
0 0.104083
0 0.0246632
0 0.0154982
0 0.0219885
0 0.0241655
0 0.0232953
0 0.018956
0 0.0345033
0 0.00864007
0 0.0559044
0 0.068155
0 0.0141389
0 0.0400518
0 0.00836777
0 0.0544884
0 0.0228947
0 0.0176653
0 0.0365133
0 0.0123754
0 0.0810374
0 0.0322613
0 0.0047678
0 0.00576416
0 0.0411444
0 0.0197141
0 0.00609758
0 0.0572046
0 0.0180241
0 0.017346
0 0.0672119
0 0.0564031
0 0.00335392
0 0.0364693
0 0.105023
0 0.0164632
0 0.00562534
0 0.0141697
0 0.0145017
0 0.01542
0 0.0887247
0 0.0320029
0 0.0551681
0 0.0562849
0 0.0533772
0 0.0476998
0 0.0156322
0 0.0373866
0 0.0322807
0 0.0014716
0 0.039874
0 0.0222873
0 0.106093
0 0.0054777
0 0.0196827
0 0.0206562
0 0.0191175
0 0.0468957
0 0.0363622
0 0.0214042
0 0.0810513
0 0.000952513
0 0.0144667
0 0.00656674
0 0.0026199
0 0.00378315
0 0.0545253
0 0.0238395
0 0.0211047
0 0.110953
0 0.0627088
0 0.0253349
0 0.177024
0 0.0487966
0 0.00183242
0 0.0180871
0 0.0131879
0 0.024935
0 0.00658163
0 0.0259686
0 0.0212726
0 0.024941
0 0.0350023
0 0.0607931
0 0.0404041
0 0.0247525
0 0.0411642
0 0.0618973
0 0.0268855
0 0.0355692
0 0.0439607
0 0.0854004
0 0.0164915
0 0.0305762
0 0.0395655
0 0.0992903
0 0.0555412
0 0.0686017
0 0.0216286
0 0.0338553
0 0.0368533
0 0.0141201
0 0.0553304
0 0.0160817
0 0.00171271
0 0.031907
0 0.0271093
0 0.0465082
0 0.0157958
0 0.0198262
0 0.0136473
0 0.0113542
0 0.00362461
0 0.0770171
0 0.0723035
0 0.00483472
0 0.0362588
0 0.0228686
0 0.0364286
0 0.0413675
0 0.0480621
0 0.0253928
0 0.0507843
0 0.0271019
0 0.0103072
0 0.0380508
0 0.0648811
0 0.0543583
0 0.0351719
0 0.00935461
0 0.0333567
0 0.0410241
0 0.203804
0 0.0182314
0 0.122296
0 0.00730449
0 0.02775
0 0.0276842
0 0.0234585
0 0.0273331
0 0.0367859
0 0.0369338
0 0.0782737
0 0.000626409
0 0.0312265
0 0.0555799
0 0.0326516
0 0.0318529
0 0.0418745
0 0.00984158
0 0.0558528
0 0.0421415
0 0.0402447
0 0.0358792
0 0.0194702
0 0.0536351
0 0.0412094
0 0.064425
0 0.0192331
0 0.0798467
0 0.0353874
0 0.0217085
0 0.00805839
0 0.0178864
0 0.048444
0 0.0246119
0 0.0126562
0 0.0291251
0 0.0307929
0 0.0617524
0 0.0316297
0 0.0452882
0 0.0579
0 0.0101196
0 0.0156491
0 0.130277
0 0.047973
0 0.0246976
0 0.0115005
0 0.0112672
0 0.0412047
0 0.0336814
0 0.018937
0 0.0424205
0 0.0105651
0 0.25097
0 0.0611303
0 0.0219446
0 0.0139264
0 0.0177527
0 0.01262
0 0.00198949
0 0.0770085
0 0.029988
0 0.0137874
0 0.0290795
0 0.0161355
0 0.0399189
0 0.0804634
0 0.0291462
0 0.00456988
0 0.0551042
0 0.068799
0 0.0142323
0 0.0286614
0 0.0565843
0 0.00733546
0 0.0217158
0 0.0328319
0 0.0505635
0 0.0161561
0 0.0317049
0 0.0267631
0 0.0541227
0 0.0115582
0 0.00604157
0 0.0272892
0 0.0150151
0 0.0199649
0 0.0166987
0 0.0274213
0 0.0204551
0 0.0905326
0 0.0158971
0 0.02505
0 0.170128
0 0.02124
0 0.00264039
0 0.00838145
0 0.0363971
0 0.0316382
0 0.0467613
0 0.0171945
0 0.00695289
0 0.0787518
0 0.0280155
0 0.0142739
0 0.057415
0 0.0251707
0 0.0234971
0 0.00715324
0 0.0457622
0 0.00600749
0 0.0522396
0 0.107679
0 0.00394006
0 0.00940646
0 0.0136821
0 0.0542923
0 0.0268247
0 0.00997552
0 0.0618182
0 0.0501774
0 0.0317906
0 0.0426937
0 0.0309222
0 0.0561635
0 0.0216052
0 0.0086655
0 0.0293426
0 0.0450912
0 0.0197826
0 0.0124081
0 0.0519644
0 0.0291377
0 0.0623865
0 0.137907
0 0.100066
0 0.0576958
0 0.0286856
0 0.0271451
0 0.068244
0 0.0403198
0 0.0207705
0 0.023783
0 0.00607854
0 0.043259
0 0.0627291
0 0.10412
0 0.032739
0 0.0800572
0 0.0484765
0 0.0359377
0 0.00644696
0 0.0480463
0 0.0158529
0 0.0136247
0 0.00480497
0 0.0335536
0 0.0744958
0 0.0633271
0 0.0197844
0 0.00837075
0 0.0329975
0 0.0129576
0 0.00321532
0 0.0635053
0 0.0812608
0 0.047643
0 0.0174002
0 0.0691094
0 0.0693673
0 0.0120766
0 0.19568
0 0.119763
0 0.0158493
0 0.0384178
0 0.0406166
0 0.010461
0 0.0472318
0 0.0417781
0 0.0461755
0 0.00867581
0 0.0414945
0 0.0426694
0 0.0409054
0 0.00201118
0 0.0660818
0 0.0474046
0 0.0252227
0 0.0340265
0 0.0973262
0 0.02125
0 0.0140761
0 0.0305287
0 0.0310863
0 0.0415005
0 0.12183
0 0.0108024
0 0.0108739
0 0.00217193
0 0.0235024
0 0.0203273
0 0.0068115
0 0.0657321
0 0.0574501
0 0.0510268
0 0.0656375
0 0.10493
0 0.000678136
0 0.0600738
0 0.0193114
0 0.0664082
0 0.0398255
0 0.0122396
0 0.0384675
0 0.0114094
0 0.110236
0 0.021407
0 0.0246344
0 0.0992101
0 0.0378302
0 0.0311039
0 0.023176
0 0.0175833
0 0.0360354
0 0.021658
0 0.064521
0 0.0203789
0 0.00874746
0 0.0740541
0 0.0401315
0 0.0554065
0 0.00748167
0 0.0177825
0 0.039328
0 0.0297947
0 0.0541106
0 0.0221393
0 0.0332157
0 0.0828054
0 0.0137466
0 0.0549543
0 0.0770043
0 0.0283934
0 0.0236196
0 0.0188933
0 0.0109532
0 0.0186491
0 0.052637
0 0.0283518
0 0.0313984
0 0.0435168
0 0.00774668
0 0.0269839
0 0.0189687
0 0.130081
0 0.0398776
0 0.114407
0 0.0542348
0 0.0283098
0 0.0482865
0 0.0461267
0 0.0311957
0 0.0303504
0 0.0157189
0 0.0189747
0 0.0128313
0 0.0181914
0 0.00224869
0 0.120124
0 0.0499635
0 0.0150034
0 0.00830361
0 0.0108702
0 0.0250751
0 0.00953827
0 0.0440601
0 0.0531555
0 0.0102633
0 0.00777273
0 0.0287202
0 0.0205151
0 0.0231891
0 0.053863
0 0.0101882
0 0.0525509
0 0.023235
0 0.0128738
0 0.00902147
0 0.0211682
0 0.00558636
0 0.042348
0 0.0531448
0 0.0449182
0 0.0598671
0 0.0449012
0 0.000844192
0 0.0502918
0 0.0169855
0 0.143973
0 0.0238705
0 0.00290957
0 0.0450042
0 0.0401614
0 0.0565933
0 0.0455215
0 0.0297059
0 0.0145555
0 0.0339284
0 0.0690333
0 0.0293961
0 0.0184446
0 0.0391102
0 0.0591104
0 0.0407914
0 0.0367952
0 0.011837
0 0.0123806
0 0.0452373
0 0.0098154
0 0.0279597
0 0.0326263
0 0.07756
0 0.109943
0 0.0335467
0 0.0178116
0 0.101116
0 0.0518451
0 0.0269264
0 0.0291273
0 0.047592
0 0.148344
0 0.0368891
0 0.013067
0 0.110998
0 0.0770021
0 0.000111763
0 0.0158722
0 0.0331258
0 0.0231305
0 0.0269957
0 0.0227569
0 0.0445731
0 0.0162676
0 0.0297475
0 0.0352834
0 0.0339046
0 0.0315093
0 0.0369405
0 0.0156864
0 0.00101471
0 0.0460208
0 0.0755418
0 0.0234807
0 0.0133705
0 0.00962271
0 0.023326
0 0.0214864
0 0.00962161
0 0.0396298
0 0.0849961
0 0.0280544
0 0.0209704
0 0.0506484
0 0.0347668
0 0.020743
0 0.00574062
0 0.00629132
0 0.0393509
0 0.0420208
0 0.0197573
0 0.0747592
0 0.0291245
0 0.0296908
0 0.00891223
0 0.0875986
0 0.0119709
0 0.00903191
0 0.0146333
0 0.00252656
0 0.00514485
0 0.00994792
0 0.0378758
0 0.0330019
0 0.0674393
0 0.00795477
0 0.00521791
0 0.134745
0 0.0433134
0 0.00753808
0 0.035994
0 0.013331
0 0.0282353
0 0.0205845
0 0.0109281
0 0.0226118
0 0.0269158
0 0.00870519
0 0.000926293
0 0.0289662
0 0.0470687
0 0.0302644
0 0.0359206
0 0.128211
0 0.0292092
0 0.0769326
0 0.00918714
0 0.0865456
0 0.00333985
0 0.00586668
0 0.0134144
0 0.0519864
0 0.0339826
0 0.111259
0 0.12036
0 0.0134875
0 0.0459391
0 0.079446
0 0.135844
0 0.0532591
0 0.0419629
0 0.00985908
0 0.0229703
0 0.0928083
0 0.0327613
0 0.0145504
0 0.0310068
0 0.0208042
0 0.0145173
0 0.00163899
0 0.0330464
0 0.0341754
0 0.0472413
0 0.0673965
0 0.0374034
0 0.0154956
0 0.0275017
0 0.0397421
0 0.00765545
0 0.0756026
0 0.0332568
0 0.0352602
0 0.0108239
0 0.105921
0 0.0304627
0 0.0136165
0 0.101849
0 0.0573661
0 0.101892
0 0.0183514
0 0.0467295
0 0.0307723
0 0.032687
0 0.0489594
0 0.00413857
0 0.0159177
0 0.0279445
0 0.0788031
0 0.0671067
0 0.0392524
0 0.00824643
0 0.0380193
0 0.00243184
0 0.0920195
0 0.0175908
0 0.0288216
0 0.0139352
0 0.0462559
0 0.0234702
0 0.0619799
0 0.0467214
0 0.00915419
0 0.0174334
0 0.104671
0 0.0109094
0 0.122792
0 0.000456968
0 0.0251072
0 0.0158716
0 0.0674467
0 0.0290229
0 0.0339337
0 0.00760402
0 0.0916171
0 0.0270605
0 0.0508159
0 0.0270667
0 0.00565328
0 0.0182825
0 0.0257092
0 0.0251634
0 0.0380874
0 0.032431
0 0.00251172
0 0.0117035
0 0.000875302
0 0.0277287
0 0.00704118
0 0.113105
0 0.00111833
0 0.0177443
0 0.0845544
0 0.0299162
0 0.0784099
0 0.00731429
0 0.0267515
0 0.0404952
0 0.00783889
0 0.0179575
0 0.0594347
0 0.0182764
0 0.0187198
0 0.0785798
0 0.0713192
0 0.0421298
0 0.0206133
0 0.0193455
0 0.0121902
0 0.0715645
0 0.02436
0 0.0267367
0 0.0114323
0 0.0020743
0 0.0277433
0 0.013624
0 0.0264561
0 0.0364661
0 0.00503808
0 0.0352701
