Iteration / Time / Node x / Electric Field
0 0 0 0
0 0 0.0005 0
0 0 0.001 0
0 0 0.0015 0
0 0 0.002 0
0 0 0.0025 0
0 0 0.003 0
0 0 0.0035 0
0 0 0.004 0
0 0 0.0045 0
0 0 0.005 0
0 0 0.0055 0
0 0 0.006 0
0 0 0.0065 0
0 0 0.007 0
0 0 0.0075 0
0 0 0.008 0
0 0 0.0085 0
0 0 0.009 0
0 0 0.0095 0
0 0 0.01 260.08
0 0 0.0105 189.964
0 0 0.011 218.386
0 0 0.0115 191.497
0 0 0.012 51.4509
0 0 0.0125 -1.09273
0 0 0.013 21.7537
0 0 0.0135 -65.8804
0 0 0.014 -96.3686
0 0 0.0145 -125.52
0 0 0.015 -206.808
0 0 0.0155 -264.499
0 0 0.016 -347.463
0 0 0.0165 -443.022
0 0 0.017 -492.897
0 0 0.0175 -575.325
0 0 0.018 -573.775
0 0 0.0185 -449.709
0 0 0.019 -334.976
0 0 0.0195 -254.997
0 0 0.02 -388.343
0 0 0.0205 -364.58
0 0 0.021 -355.333
0 0 0.0215 -387.297
0 0 0.022 -387.704
0 0 0.0225 -435.235
0 0 0.023 -494.733
0 0 0.0235 -565.933
0 0 0.024 -525.457
0 0 0.0245 -524.29
0 0 0.025 -498.569
0 0 0.0255 -525.662
0 0 0.026 -550.473
0 0 0.0265 -488.515
0 0 0.027 -497.404
0 0 0.0275 -488.078
0 0 0.028 -412.774
0 0 0.0285 -234.287
0 0 0.029 -93.4452
0 0 0.0295 18.7307
0 0 0.03 11.9254
0 0 0.0305 55.6813
0 0 0.031 166.185
0 0 0.0315 151.015
0 0 0.032 168.06
0 0 0.0325 215.011
0 0 0.033 127.379
0 0 0.0335 118.318
0 0 0.034 248.106
0 0 0.0345 258.667
0 0 0.035 214.214
0 0 0.0355 262.224
0 0 0.036 258.05
0 0 0.0365 340.035
0 0 0.037 351.038
0 0 0.0375 332.537
0 0 0.038 400.841
0 0 0.0385 344.673
0 0 0.039 253.395
0 0 0.0395 321.439
0 0 0.04 333.925
0 0 0.0405 363.116
0 0 0.041 339.693
0 0 0.0415 188.3
0 0 0.042 136.132
0 0 0.0425 128.034
0 0 0.043 94.4761
0 0 0.0435 189.644
0 0 0.044 252.2
0 0 0.0445 183.956
0 0 0.045 149.379
0 0 0.0455 163.51
0 0 0.046 188.653
0 0 0.0465 215.385
0 0 0.047 62.9603
0 0 0.0475 44.655
0 0 0.048 78.9507
0 0 0.0485 53.2662
0 0 0.049 102.243
0 0 0.0495 147.088
0 0 0.05 141.871
0 0 0.0505 283.942
0 0 0.051 203.19
0 0 0.0515 202.182
0 0 0.052 125.402
0 0 0.0525 161.484
0 0 0.053 127.496
0 0 0.0535 94.077
0 0 0.054 15.344
0 0 0.0545 5.06284
0 0 0.055 25.2129
0 0 0.0555 91.0458
0 0 0.056 83.3658
0 0 0.0565 68.591
0 0 0.057 112.789
0 0 0.0575 89.8507
0 0 0.058 -14.253
0 0 0.0585 -156.016
0 0 0.059 -195.609
0 0 0.0595 -99.4395
0 0 0.06 -70.7441
0 0 0.0605 -138.931
0 0 0.061 -204.017
0 0 0.0615 -274.78
0 0 0.062 -292.106
0 0 0.0625 -187.046
0 0 0.063 -154.439
0 0 0.0635 14.8724
0 0 0.064 67.0885
0 0 0.0645 106.344
0 0 0.065 170.233
0 0 0.0655 249.073
0 0 0.066 348.762
0 0 0.0665 264.368
0 0 0.067 201.082
0 0 0.0675 97.5858
0 0 0.068 162.294
0 0 0.0685 217.578
0 0 0.069 132.348
0 0 0.0695 28.8018
0 0 0.07 -54.5271
0 0 0.0705 -111.068
0 0 0.071 -109.161
0 0 0.0715 -38.2464
0 0 0.072 -43.7842
0 0 0.0725 -19.5356
0 0 0.073 -26.9814
0 0 0.0735 19.9924
0 0 0.074 -26.2926
0 0 0.0745 11.3547
0 0 0.075 32.6179
0 0 0.0755 66.0997
0 0 0.076 57.6935
0 0 0.0765 -24.9401
0 0 0.077 43.1832
0 0 0.0775 95.5014
0 0 0.078 141.77
0 0 0.0785 130.822
0 0 0.079 163.89
0 0 0.0795 95.2835
0 0 0.08 24.1628
0 0 0.0805 -4.26779
0 0 0.081 -34.4679
0 0 0.0815 -26.323
0 0 0.082 4.74877
0 0 0.0825 186.834
0 0 0.083 152.365
0 0 0.0835 181.491
0 0 0.084 261.003
0 0 0.0845 231.053
0 0 0.085 260.08
0 0 0.0855 0
0 0 0.086 0
0 0 0.0865 0
0 0 0.087 0
0 0 0.0875 0
0 0 0.088 0
0 0 0.0885 0
0 0 0.089 0
0 0 0.0895 0
0 0 0.09 0
0 0 0.0905 0
0 0 0.091 0
0 0 0.0915 0
0 0 0.092 0
0 0 0.0925 0
0 0 0.093 0
0 0 0.0935 0
0 0 0.094 0
0 0 0.0945 0
0 0 0.095 0
