Iteration / Time / Cell x / Charge Density / Electric Potential / Neutral Density / Excited Density / Ion Density / Electron Density
0 0 0.00025 0 0 0 0 0 0 -4.87354e-41 -4.87358e-41 -4.87354e-41 -4.87358e-41
0 0 0.00075 0 0 0 0 0 0 1.53672e-302 1.53159e-302 1.53842e-302 1.5333e-302
0 0 0.00125 0 0 0 0 0 0 2.1332e-264 1.48542e-76 5.03413e-86 1.30019e-90
0 0 0.00175 0 0 0 0 0 0 2.17631e-76 4.43682e-38 1.30019e-90 4.85709e-33
0 0 0.00225 0 0 0 0 0 0 1.03396e-47 8.28319e-72 1.04015e-42 2.25628e-264
0 0 0.00275 0 0 0 0 0 0 5.42847e-67 3.89039e-33 2.1332e-264 1.83155e-76
0 0 0.00325 0 0 0 0 0 0 1.02964e-71 1.78256e-72 2.17632e-76 6.77005e-43
0 0 0.00375 0 0 0 0 0 0 2.15465e-48 1.95893e+25 4.43682e-38 5.42847e-67
0 0 0.00425 0 0 0 0 0 0 1.95751e+25 6.81212e-38 5.42847e-67 3.9399e-62
0 0 0.00475 0 0 0 0 0 0 5.87794e-62 6.74216e-67 5.88556e-62 6.06574e-34
0 0 0.00525 0 0 0 0 0 0 6.74216e-67 9.96538e-43 1.16822e-67 1.95751e+25
0 0 0.00575 0 0 0 0 0 0 6.81671e-38 5.03413e-86 1.9613e+25 1.74282e-76
0 0 0.00625 0 0 0 0 0 0 3.6266e-86 1.30019e-90 3.69288e-57 1.02877e-71
0 0 0.00675 0 0 0 0 0 0 1.30019e-90 1.3824e-47 5.99742e-67 4.66077e-33
0 0 0.00725 0 0 0 0 0 0 3.85714e-57 2.1332e-264 8.98354e-67 4.02875e-86
0 0 0.00775 0 0 0 0 0 0 2.25628e-264 1.83155e-76 3.6266e-86 1.3002e-90
0 0 0.00825 0 0 0 0 0 0 1.48677e-76 2.90847e-33 1.30019e-90 5.88742e-62
0 0 0.00875 0 0 0 0 0 0 4.43682e-38 5.42847e-67 3.5379e-57 2.04809e-259
0 0 0.00925 0 0 0 0 0 0 5.42847e-67 7.87079e-67 2.25725e-264 1.83289e-76
0 0 0.00975 0 0 0 0 0 0 4.66537e-62 6.31306e-34 2.08928e-76 6.76918e-43
0 0 0.01025 -3.96839e-06 -0.708721 7.24071e+19 3.62036e+15 5.19094e+14 5.43866e+14 6.06574e-34 1.95753e+25 1.57709e-52 5.42847e-67
0 0 0.01075 5.2988e-06 -2.01411 7.24071e+19 3.62036e+15 4.89233e+14 4.56157e+14 1.96082e+25 3.69286e-57 5.42847e-67 4.91416e-62
0 0 0.01125 -9.91524e-06 -3.46912 7.24071e+19 3.62036e+15 4.56746e+14 5.18638e+14 3.37425e-57 1.02877e-71 3.37612e-57 6.06574e-34
0 0 0.01175 -1.81171e-05 -4.64416 7.24071e+19 3.62036e+15 4.65429e+14 5.78519e+14 1.02877e-71 8.24026e-67 5.01746e-58 1.9613e+25
0 0 0.01225 -3.00862e-06 -5.30765 7.24071e+19 3.62036e+15 5.49766e+14 5.68546e+14 3.12452e-33 5.03413e-86 1.95989e+25 3.30886e-33
0 0 0.01275 -4.30417e-06 -5.8862 7.24071e+19 3.62036e+15 4.98857e+14 5.25725e+14 4.22983e-86 1.3002e-90 7.106e-38 1.02877e-71
0 0 0.01325 -1.12178e-05 -6.34321 7.24071e+19 3.62036e+15 4.92116e+14 5.62139e+14 1.30019e-90 8.15938e-43 3.30814e-33 4.42226e-62
0 0 0.01375 -7.07041e-07 -6.48347 7.24071e+19 3.62036e+15 5.47984e+14 5.52398e+14 4.6645e-33 2.1332e-264 1.6561e-47 3.6266e-86
0 0 0.01425 -1.7006e-06 -6.60377 7.24071e+19 3.62036e+15 5.72662e+14 5.83277e+14 2.04809e-259 1.74518e-76 3.42552e-86 1.30019e-90
0 0 0.01475 -6.7222e-07 -6.67606 7.24071e+19 3.62036e+15 4.97976e+14 5.02172e+14 1.65984e-76 6.77005e-43 1.30019e-90 4.08672e-33
0 0 0.01525 -5.44909e-06 -6.72936 7.24071e+19 3.62036e+15 5.04992e+14 5.39006e+14 6.76918e-43 5.42847e-67 1.69339e-52 2.25725e-264
0 0 0.01575 4.03553e-06 -6.62881 7.24071e+19 3.62036e+15 5.53957e+14 5.28767e+14 5.42847e-67 3.05688e-57 2.25725e-264 1.48475e-76
0 0 0.01625 -2.37194e-06 -6.6422 7.24071e+19 3.62036e+15 4.51627e+14 4.66433e+14 5.88081e-62 1.16822e-67 1.57178e-76 2.91035e-33
0 0 0.01675 1.43618e-06 -6.58861 7.24071e+19 3.62036e+15 5.03843e+14 4.94878e+14 6.06574e-34 1.9594e+25 5.60513e-67 1.17755e-76
0 0 0.01725 -4.22177e-06 -6.57558 7.24071e+19 3.62036e+15 6.05119e+14 6.31472e+14 1.95705e+25 3.85219e-57 5.42847e-67 5.93512e-38
0 0 0.01775 1.50824e-05 -6.44334 7.24071e+19 3.62036e+15 6.47681e+14 5.53534e+14 1.65647e-76 5.99742e-67 1.13106e-42 1.16804e-67
0 0 0.01825 -1.13215e-05 -6.73697 7.24071e+19 3.62036e+15 4.94015e+14 5.64686e+14 1.02877e-71 4.27482e-33 1.16804e-67 1.95704e+25
0 0 0.01875 -1.26402e-05 -6.71093 7.24071e+19 3.62036e+15 5.46171e+14 6.25074e+14 3.05874e-57 3.6266e-86 1.96035e+25 3.21495e-57
0 0 0.01925 -6.5955e-06 -6.32798 7.24071e+19 3.62036e+15 4.50944e+14 4.92114e+14 3.6266e-86 1.3002e-90 1.72292e-47 6.74216e-67
0 0 0.01975 1.33666e-05 -5.75879 7.24071e+19 3.62036e+15 5.45026e+14 4.61589e+14 1.30019e-90 9.34862e-67 6.74216e-67 5.63678e-62
0 0 0.02025 4.63368e-07 -5.56703 7.24071e+19 3.62036e+15 5.15218e+14 5.12325e+14 1.69013e-52 2.25725e-264 4.086e-33 4.4309e-86
0 0 0.02075 -8.08992e-06 -5.38835 7.24071e+19 3.62036e+15 5.17394e+14 5.67893e+14 2.25725e-264 1.7435e-76 5.03494e-86 1.30019e-90
0 0 0.02125 -1.38957e-05 -4.98125 7.24071e+19 3.62036e+15 4.93398e+14 5.80138e+14 1.74519e-76 2.40645e-57 3.02725e-100 1.37055e-71
0 0 0.02175 -2.51787e-05 -4.18179 7.24071e+19 3.62036e+15 4.5864e+14 6.1581e+14 1.03396e-47 5.42847e-67 1.52005e-47 2.25725e-264
0 0 0.02225 -5.82522e-06 -2.67138 7.24071e+19 3.62036e+15 4.99663e+14 5.36026e+14 1.17755e-76 3.3811e-57 2.1332e-264 1.91824e-76
0 0 0.02275 -1.04397e-05 -0.996503 7.24071e+19 3.62036e+15 5.18281e+14 5.83447e+14 3.70156e-33 5.01746e-58 2.09198e-76 4.43682e-38
0 0 0.02325 -1.97277e-05 0.973152 7.24071e+19 3.62036e+15 5.66829e+14 6.89973e+14 1.16804e-67 1.95987e+25 1.5777e-52 8.28319e-72
0 0 0.02375 -1.04037e-06 3.49984 7.24071e+19 3.62036e+15 5.4177e+14 5.48264e+14 1.96035e+25 7.106e-38 5.42847e-67 3.88889e-33
0 0 0.02425 9.62956e-06 6.05589 7.24071e+19 3.62036e+15 6.36635e+14 5.76525e+14 1.91555e-76 3.30814e-33 4.8556e-33 1.78256e-72
0 0 0.02475 2.87614e-06 8.34005 7.24071e+19 3.62036e+15 5.73605e+14 5.55652e+14 6.74216e-67 9.3559e-67 2.15465e-48 1.95846e+25
0 0 0.02525 -1.64212e-05 10.543 7.24071e+19 3.62036e+15 5.42435e+14 6.44939e+14 1.57212e-76 3.42552e-86 1.96129e+25 1.03945e-42
0 0 0.02575 -7.47029e-06 13.2096 7.24071e+19 3.62036e+15 5.43747e+14 5.90378e+14 4.4309e-86 1.30019e-90 1.36857e-71 6.74216e-67
0 0 0.02625 -4.93962e-06 16.0872 7.24071e+19 3.62036e+15 5.34375e+14 5.65209e+14 1.30019e-90 2.52822e-52 6.74216e-67 9.18214e-72
0 0 0.02675 1.24222e-05 19.1042 7.24071e+19 3.62036e+15 6.02151e+14 5.24609e+14 1.24663e-47 2.25725e-264 4.18584e-62 5.03413e-86
0 0 0.02725 3.92218e-07 21.7705 7.24071e+19 3.62036e+15 5.04768e+14 5.0232e+14 2.25725e-264 2.17598e-76 3.6266e-86 1.3002e-90
0 0 0.02775 2.24984e-05 24.4256 7.24071e+19 3.62036e+15 5.8195e+14 4.4151e+14 1.74518e-76 5.60513e-67 1.30019e-90 4.01458e-57
0 0 0.02825 -8.85768e-06 26.4456 7.24071e+19 3.62036e+15 4.63922e+14 5.19214e+14 4.43682e-38 5.42847e-67 3.53914e-57 2.1332e-264
0 0 0.02875 -1.98464e-06 28.7156 7.24071e+19 3.62036e+15 5.2433e+14 5.36719e+14 8.28319e-72 2.00359e-76 2.25628e-264 1.74585e-76
0 0 0.02925 2.18035e-05 31.0417 7.24071e+19 3.62036e+15 6.05506e+14 4.69404e+14 7.41252e-38 1.16804e-67 1.40041e-76 4.43797e-38
0 0 0.02975 1.97915e-05 32.7521 7.24071e+19 3.62036e+15 6.87197e+14 5.63655e+14 1.78256e-72 1.95704e+25 4.43682e-38 5.42847e-67
0 0 0.03025 -1.27224e-05 33.9037 7.24071e+19 3.62036e+15 5.43684e+14 6.231e+14 1.96082e+25 4.65699e-33 5.42847e-67 5.35426e-38
0 0 0.03075 6.29847e-06 35.4146 7.24071e+19 3.62036e+15 5.90989e+14 5.51673e+14 1.36857e-71 6.74216e-67 8.16468e-43 6.31306e-34
0 0 0.03125 -9.8664e-07 36.7476 7.24071e+19 3.62036e+15 5.95248e+14 6.01407e+14 6.74216e-67 2.42261e-52 6.06574e-34 1.95989e+25
0 0 0.03175 2.24848e-08 38.1084 7.24071e+19 3.62036e+15 5.41748e+14 5.41607e+14 6.00745e-67 5.03494e-86 9.01806e-308 8.5981e-67
0 0 0.03225 2.70935e-07 39.4686 7.24071e+19 3.62036e+15 5.77821e+14 5.76129e+14 5.03413e-86 3.02724e-100 0 1.02877e-71
0 0 0.03275 -1.02519e-05 40.8212 7.24071e+19 3.62036e+15 5.12832e+14 5.76827e+14 1.30019e-90 3.70078e-33 2.74692e-310 1.24476e-47
0 0 0.03325 2.99249e-06 42.4632 7.24071e+19 3.62036e+15 5.28954e+14 5.10274e+14 1.31425e-47 2.1332e-264 -4.87354e-41 5.03413e-86
0 0 0.03375 2.45361e-05 44.0208 7.24071e+19 3.62036e+15 5.85017e+14 4.31858e+14 2.1332e-264 1.83154e-76 1.53901e-302 1.30019e-90
0 0 0.03425 1.69573e-05 44.8855 7.24071e+19 3.62036e+15 5.83166e+14 4.77316e+14 1.74653e-76 2.40738e-57 0 2.52577e-52
0 0 0.03475 -9.30918e-07 45.2715 7.24071e+19 3.62036e+15 5.87216e+14 5.93027e+14 2.90847e-33 5.42847e-67 0 2.1332e-264
0 0 0.03525 -5.13288e-06 45.6837 7.24071e+19 3.62036e+15 5.52048e+14 5.84088e+14 5.42847e-67 1.12966e-42 0 1.83154e-76
0 0 0.03575 -2.35374e-05 46.2408 7.24071e+19 3.62036e+15 5.29261e+14 6.76185e+14 9.35447e-67 2.15465e-48 0 6.77005e-43
0 0 0.03625 9.91907e-06 47.4626 7.24071e+19 3.62036e+15 5.248e+14 4.62884e+14 6.31306e-34 1.95847e+25 0 5.42847e-67
0 0 0.03675 1.91997e-06 48.4043 7.24071e+19 3.62036e+15 5.03476e+14 4.91491e+14 1.95894e+25 4.46439e-33 0 7.11291e-38
0 0 0.03725 2.5013e-05 49.2917 7.24071e+19 3.62036e+15 5.89101e+14 4.32965e+14 6.81212e-38 6.74216e-67 0 1.16822e-67
0 0 0.03775 1.90446e-05 49.4729 7.24071e+19 3.62036e+15 5.90754e+14 4.71874e+14 1.02877e-71 4.4242e-62 0 1.95988e+25
0 0 0.03825 -8.72021e-06 49.1164 7.24071e+19 3.62036e+15 4.9444e+14 5.48874e+14 6.75364e-67 3.6266e-86 0 9.33999e-67
0 0 0.03875 -1.94149e-06 49.0061 7.24071e+19 3.62036e+15 5.47716e+14 5.59835e+14 5.03413e-86 1.30019e-90 0 5.99742e-67
0 0 0.03925 2.12273e-05 48.9506 7.24071e+19 3.62036e+15 5.78384e+14 4.45879e+14 1.30019e-90 4.08672e-33 0 9.94956e-43
0 0 0.03975 1.5293e-05 48.2957 7.24071e+19 3.62036e+15 5.98472e+14 5.03011e+14 7.40444e-38 2.25628e-264 0 3.6266e-86
0 0 0.04025 1.28631e-05 47.2091 7.24071e+19 3.62036e+15 6.08275e+14 5.27981e+14 2.1332e-264 1.91791e-76 0 1.30019e-90
0 0 0.04075 1.94163e-05 45.7592 7.24071e+19 3.62036e+15 6.18579e+14 4.97379e+14 1.57145e-76 6.77005e-43 0 1.0869e-71
0 0 0.04125 -6.89093e-06 43.7611 7.24071e+19 3.62036e+15 5.66923e+14 6.09938e+14 4.43682e-38 5.42847e-67 0 2.25725e-264
0 0 0.04175 1.26721e-05 41.9576 7.24071e+19 3.62036e+15 5.66515e+14 4.87414e+14 5.42847e-67 7.2731e-43 0 1.48711e-76
0 0 0.04225 6.63841e-06 39.7962 7.24071e+19 3.62036e+15 5.88173e+14 5.46734e+14 9.51696e-43 6.06574e-34 0 3.67195e-62
0 0 0.04275 -2.07507e-05 37.4474 7.24071e+19 3.62036e+15 5.20771e+14 6.50301e+14 1.16822e-67 1.95798e+25 0 5.42847e-67
0 0 0.04325 -1.88946e-05 35.6846 7.24071e+19 3.62036e+15 5.18091e+14 6.36035e+14 1.96129e+25 4.90561e-62 0 1.6569e-47
0 0 0.04375 -4.24446e-06 34.4552 7.24071e+19 3.62036e+15 5.35324e+14 5.61819e+14 2.00191e-76 1.02877e-71 0 5.01746e-58
0 0 0.04425 -2.70796e-05 33.3457 7.24071e+19 3.62036e+15 4.68636e+14 6.37672e+14 5.99742e-67 3.50446e-33 0 1.95752e+25
0 0 0.04475 -1.25613e-05 33.0008 7.24071e+19 3.62036e+15 5.28375e+14 6.06785e+14 5.88841e-62 4.02875e-86 0 7.106e-38
0 0 0.04525 -7.67924e-06 33.0105 7.24071e+19 3.62036e+15 4.95727e+14 5.43662e+14 3.6266e-86 1.30019e-90 0 3.30814e-33
0 0 0.04575 -1.41871e-05 33.2371 7.24071e+19 3.62036e+15 4.7778e+14 5.66339e+14 1.30019e-90 3.85838e-57 0 1.72586e-47
0 0 0.04625 -1.44349e-05 33.8643 7.24071e+19 3.62036e+15 4.32867e+14 5.22973e+14 4.01582e-57 2.04809e-259 0 3.42552e-86
0 0 0.04675 -6.21957e-06 34.8991 7.24071e+19 3.62036e+15 4.54204e+14 4.93028e+14 2.25725e-264 1.57381e-76 0 1.30019e-90
0 0 0.04725 -1.3415e-05 36.1095 7.24071e+19 3.62036e+15 5.07312e+14 5.91051e+14 2.17598e-76 6.76918e-43 0 4.27856e-33
0 0 0.04775 6.58745e-06 37.6986 7.24071e+19 3.62036e+15 5.20827e+14 4.79707e+14 1.57709e-52 5.42847e-67 0 2.25725e-264
0 0 0.04825 2.0327e-05 39.1018 7.24071e+19 3.62036e+15 6.37855e+14 5.1097e+14 5.42847e-67 1.90221e-52 0 1.74552e-76
0 0 0.04875 1.57169e-05 39.931 7.24071e+19 3.62036e+15 6.17343e+14 5.19235e+14 5.64125e-38 6.06574e-34 0 8.55275e-72
0 0 0.04925 -1.07522e-05 40.3164 7.24071e+19 3.62036e+15 5.58127e+14 6.25244e+14 5.01746e-58 1.958e+25 0 5.42847e-67
0 0 0.04975 -1.24628e-05 41.0055 7.24071e+19 3.62036e+15 5.35446e+14 6.13241e+14 1.96129e+25 1.02898e-71 0 1.20098e-71
0 0 0.05025 2.97203e-06 42.0464 7.24071e+19 3.62036e+15 5.41646e+14 5.23094e+14 7.106e-38 1.02877e-71 0 1.16804e-67
0 0 0.05075 2.83083e-05 43.0034 7.24071e+19 3.62036e+15 6.51225e+14 4.74519e+14 3.30814e-33 1.57313e-76 0 1.9613e+25
0 0 0.05125 4.9597e-07 43.1611 7.24071e+19 3.62036e+15 5.55469e+14 5.52373e+14 3.8559e-57 3.6266e-86 0 3.85217e-57
0 0 0.05175 -1.14206e-05 43.3048 7.24071e+19 3.62036e+15 6.09106e+14 6.80395e+14 3.42552e-86 1.30019e-90 0 6.74216e-67
0 0 0.05225 9.71846e-06 43.7709 7.24071e+19 3.62036e+15 5.30099e+14 4.69435e+14 1.30019e-90 1.65716e-47 0 1.31346e-47
0 0 0.05275 -1.64884e-06 43.9627 7.24071e+19 3.62036e+15 5.18484e+14 5.28776e+14 4.18582e-62 2.25725e-264 0 5.03494e-86
0 0 0.05325 7.94654e-07 44.201 7.24071e+19 3.62036e+15 5.58173e+14 5.53213e+14 2.25725e-264 1.39906e-76 0 3.02725e-100
0 0 0.05375 1.67937e-05 44.4169 7.24071e+19 3.62036e+15 5.74038e+14 4.69208e+14 1.83188e-76 4.44084e-38 0 7.71972e-43
0 0 0.05425 2.39175e-05 44.1586 7.24071e+19 3.62036e+15 5.55671e+14 4.06373e+14 5.60513e-67 1.17755e-76 0 2.1332e-264
0 0 0.05475 1.3529e-05 43.2249 7.24071e+19 3.62036e+15 5.91115e+14 5.06665e+14 5.42847e-67 6.23014e-38 0 2.17565e-76
0 0 0.05525 1.94238e-05 41.9093 7.24071e+19 3.62036e+15 6.42002e+14 5.20754e+14 2.31738e-52 1.16804e-67 0 2.40738e-57
0 0 0.05575 7.19209e-06 40.0452 7.24071e+19 3.62036e+15 5.89058e+14 5.44163e+14 1.16804e-67 1.96082e+25 0 5.42847e-67
0 0 0.05625 -2.37233e-05 37.978 7.24071e+19 3.62036e+15 4.27979e+14 5.76065e+14 1.96083e+25 9.04928e-43 0 2.42382e-52
0 0 0.05675 -6.66253e-06 36.5807 7.24071e+19 3.62036e+15 5.35604e+14 5.77193e+14 7.39988e-38 6.74216e-67 0 2.15465e-48
0 0 0.05725 1.94445e-05 35.3715 7.24071e+19 3.62036e+15 5.98212e+14 4.76836e+14 6.74216e-67 3.85403e-57 0 1.9613e+25
0 0 0.05775 6.40477e-06 33.6133 7.24071e+19 3.62036e+15 5.75206e+14 5.35227e+14 4.47193e-33 4.4309e-86 0 1.03945e-42
0 0 0.05825 -2.03539e-05 31.6742 7.24071e+19 3.62036e+15 4.58754e+14 5.85807e+14 5.03494e-86 1.30019e-90 0 6.74216e-67
0 0 0.05875 8.74922e-06 30.3099 7.24071e+19 3.62036e+15 6.13392e+14 5.58778e+14 3.02724e-100 2.17766e-76 0 6.23586e-38
0 0 0.05925 1.8275e-05 28.6985 7.24071e+19 3.62036e+15 5.91002e+14 4.76926e+14 1.04102e-42 2.25725e-264 0 3.6266e-86
0 0 0.05975 3.04946e-06 26.5711 7.24071e+19 3.62036e+15 5.56649e+14 5.37614e+14 2.1332e-264 2.09198e-76 0 1.30019e-90
0 0 0.06025 -1.41011e-06 24.3575 7.24071e+19 3.62036e+15 5.70809e+14 5.79611e+14 1.83019e-76 4.43682e-38 0 3.70228e-33
0 0 0.06075 -1.86631e-07 22.1838 7.24071e+19 3.62036e+15 6.17685e+14 6.1885e+14 1.5777e-52 8.28319e-72 0 2.25628e-264
0 0 0.06125 -9.80966e-06 20.0154 7.24071e+19 3.62036e+15 5.13531e+14 5.74765e+14 5.42847e-67 3.8934e-33 0 1.83155e-76
0 0 0.06175 -1.90771e-05 18.124 7.24071e+19 3.62036e+15 4.47029e+14 5.66112e+14 1.48744e-76 1.78256e-72 0 6.77005e-43
0 0 0.06225 1.04448e-05 16.7712 7.24071e+19 3.62036e+15 4.97403e+14 4.32205e+14 2.15465e-48 1.95846e+25 0 5.42847e-67
0 0 0.06275 -1.15527e-05 15.1235 7.24071e+19 3.62036e+15 5.05228e+14 5.77342e+14 1.95893e+25 6.81212e-38 0 1.39872e-76
0 0 0.06325 -1.08726e-05 13.802 7.24071e+19 3.62036e+15 4.38825e+14 5.06694e+14 8.96903e-67 6.74216e-67 0 6.06574e-34
0 0 0.06375 -1.0496e-05 12.7874 7.24071e+19 3.62036e+15 4.81431e+14 5.46949e+14 6.74216e-67 3.06248e-57 0 1.95705e+25
0 0 0.06425 -4.24113e-06 12.0693 7.24071e+19 3.62036e+15 5.18207e+14 5.44681e+14 1.38268e-47 5.03413e-86 0 8.60084e-43
0 0 0.06475 -7.44927e-06 11.4709 7.24071e+19 3.62036e+15 5.19221e+14 5.6572e+14 3.6266e-86 1.30019e-90 0 1.02877e-71
0 0 0.06525 2.38763e-06 11.0828 7.24071e+19 3.62036e+15 6.23679e+14 6.08775e+14 1.30019e-90 1.57211e-76 0 5.93856e-38
0 0 0.06575 -7.67634e-07 10.6274 7.24071e+19 3.62036e+15 5.80012e+14 5.84804e+14 2.9019e-57 2.1332e-264 0 4.02875e-86
0 0 0.06625 1.04161e-05 10.1936 7.24071e+19 3.62036e+15 5.77868e+14 5.12848e+14 2.25628e-264 1.74384e-76 0 1.30019e-90
0 0 0.06675 7.21755e-06 9.46566 7.24071e+19 3.62036e+15 5.13599e+14 4.68546e+14 1.40041e-76 4.43797e-38 0 8.9835e-67
0 0 0.06725 -9.98282e-06 8.53395 7.24071e+19 3.62036e+15 5.56728e+14 6.19043e+14 4.43682e-38 5.42847e-67 0 2.04809e-259
0 0 0.06775 -6.13626e-06 7.88413 7.24071e+19 3.62036e+15 5.04622e+14 5.42925e+14 5.42847e-67 1.7462e-76 0 2.00562e-76
0 0 0.06825 -1.33787e-06 7.40756 7.24071e+19 3.62036e+15 5.30942e+14 5.39293e+14 1.65983e-76 6.31306e-34 0 6.76918e-43
0 0 0.06875 -1.4904e-05 6.96877 7.24071e+19 3.62036e+15 4.45871e+14 5.38904e+14 6.06574e-34 1.95847e+25 0 5.42847e-67
0 0 0.06925 -7.28934e-06 6.9508 7.24071e+19 3.62036e+15 5.36798e+14 5.82299e+14 1.96035e+25 5.63485e-62 0 1.25714e-71
0 0 0.06975 -1.24399e-05 7.13866 7.24071e+19 3.62036e+15 4.34768e+14 5.1242e+14 1.19877e-71 1.02877e-71 0 6.06574e-34
0 0 0.07025 2.34429e-06 7.67777 7.24071e+19 3.62036e+15 5.11037e+14 4.96403e+14 1.02877e-71 3.22179e-57 0 1.96035e+25
0 0 0.07075 1.15839e-05 8.15068 7.24071e+19 3.62036e+15 5.21341e+14 4.49032e+14 6.52055e-38 5.03413e-86 0 7.70403e-43
0 0 0.07125 -3.9912e-06 8.29651 7.24071e+19 3.62036e+15 5.66217e+14 5.91131e+14 4.02875e-86 1.30019e-90 0 1.02877e-71
0 0 0.07175 -7.98433e-06 8.55504 7.24071e+19 3.62036e+15 5.30838e+14 5.80678e+14 1.30019e-90 1.10818e-47 0 9.06152e-43
0 0 0.07225 -6.8399e-06 9.03902 7.24071e+19 3.62036e+15 5.57126e+14 5.99822e+14 7.11746e-38 2.1332e-264 0 3.6266e-86
0 0 0.07275 -1.2752e-05 9.71612 7.24071e+19 3.62036e+15 4.8409e+14 5.63691e+14 2.04809e-259 1.74485e-76 0 1.30019e-90
0 0 0.07325 1.8266e-05 10.7533 7.24071e+19 3.62036e+15 6.30444e+14 5.16424e+14 1.83256e-76 6.77005e-43 0 1.08778e-71
0 0 0.07375 5.22247e-05 11.2747 7.24071e+19 3.62036e+15 7.45467e+14 4.1947e+14 6.76918e-43 5.42847e-67 0 2.25725e-264
0 0 0.07425 5.9142e-06 10.3215 7.24071e+19 3.62036e+15 5.37093e+14 5.00175e+14 5.42847e-67 1.25736e-71 0 1.48744e-76
0 0 0.07475 3.87288e-06 9.20132 7.24071e+19 3.62036e+15 5.53446e+14 5.29271e+14 9.1645e-72 1.16822e-67 0 2.91035e-33
0 0 0.07525 -2.77196e-05 7.97178 7.24071e+19 3.62036e+15 5.10132e+14 6.83164e+14 6.06574e-34 1.95941e+25 0 1.17755e-76
0 0 0.07575 -1.5869e-05 7.52492 7.24071e+19 3.62036e+15 4.66585e+14 5.65642e+14 1.96035e+25 7.10603e-38 0 5.64009e-38
0 0 0.07625 -7.41883e-06 7.52614 7.24071e+19 3.62036e+15 5.10962e+14 5.57272e+14 5.34279e-38 5.99742e-67 0 1.16804e-67
0 0 0.07675 2.75014e-06 7.73684 7.24071e+19 3.62036e+15 5.66402e+14 5.49235e+14 1.02877e-71 6.5217e-38 0 1.95798e+25
0 0 0.07725 -2.50784e-05 7.86988 7.24071e+19 3.62036e+15 4.80777e+14 6.37321e+14 4.91319e-62 3.6266e-86 0 1.14218e-71
0 0 0.07775 4.35304e-06 8.71104 7.24071e+19 3.62036e+15 5.60228e+14 5.33056e+14 3.6266e-86 1.30019e-90 0 6.74216e-67
0 0 0.07825 -1.07474e-05 9.42928 7.24071e+19 3.62036e+15 5.36122e+14 6.03209e+14 1.30019e-90 1.25669e-71 0 8.24315e-67
0 0 0.07875 1.30396e-05 10.451 7.24071e+19 3.62036e+15 5.65691e+14 4.84295e+14 6.82473e-38 2.25725e-264 0 4.4309e-86
0 0 0.07925 1.16962e-05 11.1045 7.24071e+19 3.62036e+15 6.08112e+14 5.35102e+14 2.25725e-264 1.66017e-76 0 1.30019e-90
0 0 0.07975 2.45494e-06 11.4278 7.24071e+19 3.62036e+15 5.97602e+14 5.82278e+14 1.74451e-76 2.40645e-57 0 5.64339e-62
0 0 0.08025 4.74263e-05 11.6817 7.24071e+19 3.62036e+15 7.44218e+14 4.48174e+14 6.77619e-43 5.42847e-67 0 2.25725e-264
0 0 0.08075 6.77116e-06 10.5965 7.24071e+19 3.62036e+15 5.41186e+14 4.98919e+14 1.17755e-76 2.00528e-76 0 1.65815e-76
0 0 0.08125 4.33522e-06 9.32018 7.24071e+19 3.62036e+15 5.12082e+14 4.85021e+14 3.50821e-33 5.01746e-58 0 4.43682e-38
0 0 0.08175 -6.06452e-06 7.92141 7.24071e+19 3.62036e+15 5.29262e+14 5.67118e+14 1.16804e-67 1.95894e+25 0 8.28319e-72
0 0 0.08225 -4.0782e-06 6.69388 7.24071e+19 3.62036e+15 4.78656e+14 5.04113e+14 1.96129e+25 7.106e-38 0 3.8919e-33
0 0 0.08275 -2.30595e-06 5.5815 7.24071e+19 3.62036e+15 5.05822e+14 5.20216e+14 9.49769e-43 3.30814e-33 0 1.78256e-72
0 0 0.08325 1.38006e-05 4.53423 7.24071e+19 3.62036e+15 5.59972e+14 4.73826e+14 6.74216e-67 4.01834e-57 0 1.95799e+25
0 0 0.08375 5.78386e-06 3.09729 7.24071e+19 3.62036e+15 5.72296e+14 5.36192e+14 3.12002e-33 3.42552e-86 0 1.58607e-47
0 0 0.08425 -2.87557e-05 1.49704 7.24071e+19 3.62036e+15 4.16158e+14 5.95657e+14 4.4309e-86 1.30019e-90 0 6.74216e-67
0 0 0.08475 2.22812e-05 0.708721 7.24071e+19 3.62036e+15 6.54189e+14 5.15105e+14 1.3002e-90 1.04102e-42 0 4.27932e-33
0 0 0.08525 0 0 0 0 0 0 5.06034e-38 2.25725e-264 0 5.03413e-86
0 0 0.08575 0 0 0 0 0 0 2.25725e-264 2.00562e-76 0 1.3002e-90
0 0 0.08625 0 0 0 0 0 0 1.48509e-76 5.60513e-67 0 4.27555e-33
0 0 0.08675 0 0 0 0 0 0 4.43682e-38 5.42847e-67 0 2.1332e-264
0 0 0.08725 0 0 0 0 0 0 8.28319e-72 3.1185e-33 0 1.65814e-76
0 0 0.08775 0 0 0 0 0 0 7.40563e-38 1.16804e-67 0 4.43797e-38
0 0 0.08825 0 0 0 0 0 0 1.78256e-72 1.9613e+25 0 5.42847e-67
0 0 0.08875 0 0 0 0 0 0 1.96082e+25 1.6545e-47 0 1.17821e-47
0 0 0.08925 0 0 0 0 0 0 2.08826e-76 6.74216e-67 0 6.31306e-34
0 0 0.08975 0 0 0 0 0 0 6.74216e-67 2.21339e-52 0 1.96083e+25
0 0 0.09025 0 0 0 0 0 0 4.27407e-33 5.03494e-86 0 1.31197e-71
0 0 0.09075 0 0 0 0 0 0 5.03413e-86 3.02724e-100 0 1.02877e-71
0 0 0.09125 0 0 0 0 0 0 1.30019e-90 5.35307e-38 0 4.76077e-38
0 0 0.09175 0 0 0 0 0 0 3.1215e-33 2.1332e-264 0 5.03413e-86
0 0 0.09225 0 0 0 0 0 0 2.1332e-264 2.0036e-76 0 1.30019e-90
0 0 0.09275 0 0 0 0 0 0 1.65882e-76 2.40738e-57 0 3.53541e-57
0 0 0.09325 0 0 0 0 0 0 2.90847e-33 5.42847e-67 0 2.1332e-264
0 0 0.09375 0 0 0 0 0 0 5.42847e-67 1.65743e-47 0 1.91892e-76
0 0 0.09425 0 0 0 0 0 0 2.09165e-76 2.15465e-48 0 6.77005e-43
0 0 0.09475 0 0 0 0 0 0 6.31306e-34 1.95752e+25 0 5.42847e-67
