Iteration / Neutral Density / Excited Density / Ion Density / Electron Density
0 7.24071e+19 3.62036e+15 5.43053e+14 5.43053e+14
200 7.24071e+19 3.60289e+15 4.85564e+14 4.85564e+14 
400 7.24071e+19 3.58932e+15 4.82525e+14 4.82525e+14 
600 7.24071e+19 3.57779e+15 4.81579e+14 4.81579e+14 
800 7.24071e+19 3.5676e+15 4.80717e+14 4.80717e+14 
1000 7.24071e+19 3.55843e+15 4.75518e+14 4.75518e+14 
1200 7.24071e+19 3.54996e+15 4.74555e+14 4.74555e+14 
1400 7.24072e+19 3.54206e+15 4.71966e+14 4.71966e+14 
1600 7.24072e+19 3.53459e+15 4.66598e+14 4.66598e+14 
1800 7.24072e+19 3.52753e+15 4.62981e+14 4.62981e+14 
2000 7.24072e+19 3.52077e+15 4.60313e+14 4.60313e+14 
2200 7.24072e+19 3.51431e+15 4.57688e+14 4.57688e+14 
2400 7.24072e+19 3.5081e+15 4.55167e+14 4.55167e+14 
2600 7.24072e+19 3.50209e+15 4.52464e+14 4.52464e+14 
2800 7.24072e+19 3.49626e+15 4.49977e+14 4.49977e+14 
3000 7.24072e+19 3.49064e+15 4.48264e+14 4.48264e+14 
3200 7.24072e+19 3.4851e+15 4.46984e+14 4.46984e+14 
3400 7.24072e+19 3.47967e+15 4.45179e+14 4.45179e+14 
3600 7.24072e+19 3.47437e+15 4.42745e+14 4.42745e+14 
3800 7.24072e+19 3.46918e+15 4.40468e+14 4.40468e+14 
4000 7.24072e+19 3.46408e+15 4.38447e+14 4.38447e+14 
4200 7.24072e+19 3.45908e+15 4.37065e+14 4.37065e+14 
4400 7.24072e+19 3.45414e+15 4.35096e+14 4.35096e+14 
4600 7.24072e+19 3.44933e+15 4.33172e+14 4.33172e+14 
4800 7.24072e+19 3.44459e+15 4.31693e+14 4.31693e+14 
5000 7.24072e+19 3.43995e+15 4.30181e+14 4.30181e+14 
5200 7.24072e+19 3.43538e+15 4.2856e+14 4.2856e+14 
5400 7.24072e+19 3.43088e+15 4.27194e+14 4.27194e+14 
5600 7.24072e+19 3.42646e+15 4.25907e+14 4.25907e+14 
5800 7.24072e+19 3.42209e+15 4.24688e+14 4.24688e+14 
6000 7.24072e+19 3.41779e+15 4.2349e+14 4.2349e+14 
6200 7.24072e+19 3.41358e+15 4.22409e+14 4.22409e+14 
6400 7.24072e+19 3.40943e+15 4.21464e+14 4.21464e+14 
6600 7.24072e+19 3.40535e+15 4.20614e+14 4.20614e+14 
6800 7.24072e+19 3.40132e+15 4.19797e+14 4.19797e+14 
7000 7.24072e+19 3.39734e+15 4.19097e+14 4.19097e+14 
7200 7.24072e+19 3.3934e+15 4.18522e+14 4.18522e+14 
7400 7.24072e+19 3.38954e+15 4.17962e+14 4.17962e+14 
7600 7.24072e+19 3.38572e+15 4.17549e+14 4.17549e+14 
7800 7.24072e+19 3.38195e+15 4.17141e+14 4.17141e+14 
8000 7.24072e+19 3.37826e+15 4.16827e+14 4.16827e+14 
8200 7.24072e+19 3.37461e+15 4.16568e+14 4.16568e+14 
8400 7.24072e+19 3.37099e+15 4.16404e+14 4.16404e+14 
8600 7.24072e+19 3.36744e+15 4.16267e+14 4.16267e+14 
8800 7.24072e+19 3.36393e+15 4.16213e+14 4.16213e+14 
9000 7.24072e+19 3.36046e+15 4.16264e+14 4.16264e+14 
9200 7.24072e+19 3.35707e+15 4.1636e+14 4.1636e+14 
9400 7.24072e+19 3.35376e+15 4.16509e+14 4.16509e+14 
9600 7.24072e+19 3.35048e+15 4.16736e+14 4.16736e+14 
9800 7.24072e+19 3.34733e+15 4.16799e+14 4.16799e+14 
10000 7.24072e+19 3.34431e+15 4.15899e+14 4.15899e+14 
10200 7.24072e+19 3.34145e+15 4.14064e+14 4.14064e+14 
10400 7.24072e+19 3.33869e+15 4.12436e+14 4.12436e+14 
10600 7.24072e+19 3.3361e+15 4.10906e+14 4.10906e+14 
10800 7.24072e+19 3.33361e+15 4.0957e+14 4.0957e+14 
11000 7.24072e+19 3.33119e+15 4.08595e+14 4.08595e+14 
11200 7.24072e+19 3.32887e+15 4.07325e+14 4.07325e+14 
11400 7.24072e+19 3.32659e+15 4.06861e+14 4.06861e+14 
11600 7.24072e+19 3.32435e+15 4.05856e+14 4.05856e+14 
11800 7.24072e+19 3.3222e+15 4.04887e+14 4.04887e+14 
12000 7.24072e+19 3.32012e+15 4.04283e+14 4.04283e+14 
12200 7.24072e+19 3.31806e+15 4.03663e+14 4.03663e+14 
12400 7.24072e+19 3.31601e+15 4.02989e+14 4.02989e+14 
12600 7.24072e+19 3.31403e+15 4.02514e+14 4.02514e+14 
12800 7.24072e+19 3.31205e+15 4.02004e+14 4.02004e+14 
13000 7.24072e+19 3.31011e+15 4.01443e+14 4.01443e+14 
13200 7.24072e+19 3.30818e+15 4.00808e+14 4.00808e+14 
13400 7.24072e+19 3.3063e+15 4.003e+14 4.003e+14 
13600 7.24072e+19 3.30444e+15 3.99782e+14 3.99782e+14 
13800 7.24072e+19 3.30258e+15 3.9931e+14 3.9931e+14 
14000 7.24072e+19 3.30073e+15 3.9917e+14 3.9917e+14 
14200 7.24072e+19 3.29891e+15 3.98878e+14 3.98878e+14 
14400 7.24072e+19 3.29713e+15 3.98618e+14 3.98618e+14 
14600 7.24072e+19 3.29538e+15 3.9832e+14 3.9832e+14 
14800 7.24072e+19 3.29356e+15 3.98252e+14 3.98252e+14 
15000 7.24072e+19 3.29181e+15 3.98196e+14 3.98196e+14 
15200 7.24072e+19 3.29004e+15 3.98045e+14 3.98045e+14 
15400 7.24072e+19 3.28825e+15 3.98141e+14 3.98141e+14 
15600 7.24072e+19 3.28651e+15 3.98141e+14 3.98141e+14 
15800 7.24072e+19 3.2848e+15 3.98214e+14 3.98214e+14 
16000 7.24072e+19 3.28307e+15 3.98446e+14 3.98446e+14 
16200 7.24072e+19 3.28139e+15 3.98627e+14 3.98627e+14 
16400 7.24072e+19 3.27968e+15 3.98967e+14 3.98967e+14 
16600 7.24072e+19 3.278e+15 3.99321e+14 3.99321e+14 
16800 7.24072e+19 3.27635e+15 3.9971e+14 3.9971e+14 
17000 7.24072e+19 3.27471e+15 4.00243e+14 4.00243e+14 
17200 7.24072e+19 3.27307e+15 4.00822e+14 4.00822e+14 
17400 7.24072e+19 3.27144e+15 4.01428e+14 4.01428e+14 
17600 7.24072e+19 3.2699e+15 4.02127e+14 4.02127e+14 
17800 7.24072e+19 3.26831e+15 4.02787e+14 4.02787e+14 
18000 7.24072e+19 3.26673e+15 4.03583e+14 4.03583e+14 
18200 7.24072e+19 3.26514e+15 4.04443e+14 4.04443e+14 
18400 7.24072e+19 3.26358e+15 4.05329e+14 4.05329e+14 
18600 7.24072e+19 3.26199e+15 4.06226e+14 4.06226e+14 
18800 7.24072e+19 3.26044e+15 4.07064e+14 4.07064e+14 
19000 7.24072e+19 3.25885e+15 4.07941e+14 4.07941e+14 
19200 7.24072e+19 3.25731e+15 4.08784e+14 4.08784e+14 
19400 7.24072e+19 3.25572e+15 4.09643e+14 4.09643e+14 
19600 7.24072e+19 3.2541e+15 4.10449e+14 4.10449e+14 
19800 7.24072e+19 3.25254e+15 4.11298e+14 4.11298e+14 
20000 7.24072e+19 3.25099e+15 4.12079e+14 4.12079e+14 
