Iteration / Neutral Density / Excited Density / Ion Density / Electron Density
0 7.24071e+19 3.62036e+15 5.43053e+14 5.43053e+14
200 7.24071e+19 3.60279e+15 4.86397e+14 4.86397e+14 
400 7.24071e+19 3.58896e+15 4.848e+14 4.848e+14 
600 7.24071e+19 3.57709e+15 4.83768e+14 4.83768e+14 
800 7.24071e+19 3.56646e+15 4.82422e+14 4.82422e+14 
1000 7.24071e+19 3.55678e+15 4.78175e+14 4.78175e+14 
1200 7.24071e+19 3.54778e+15 4.77056e+14 4.77056e+14 
1400 7.24071e+19 3.53935e+15 4.73173e+14 4.73173e+14 
1600 7.24071e+19 3.53143e+15 4.69014e+14 4.69014e+14 
1800 7.24071e+19 3.52385e+15 4.66684e+14 4.66684e+14 
2000 7.24071e+19 3.51657e+15 4.64332e+14 4.64332e+14 
2200 7.24071e+19 3.50961e+15 4.62062e+14 4.62062e+14 
2400 7.24071e+19 3.50295e+15 4.59912e+14 4.59912e+14 
2600 7.24071e+19 3.49649e+15 4.57132e+14 4.57132e+14 
2800 7.24071e+19 3.49023e+15 4.54221e+14 4.54221e+14 
3000 7.24071e+19 3.48414e+15 4.51332e+14 4.51332e+14 
3200 7.24071e+19 3.47824e+15 4.48644e+14 4.48644e+14 
3400 7.24071e+19 3.47253e+15 4.46526e+14 4.46526e+14 
3600 7.24071e+19 3.46693e+15 4.44902e+14 4.44902e+14 
3800 7.24071e+19 3.46149e+15 4.43322e+14 4.43322e+14 
4000 7.24071e+19 3.45615e+15 4.41182e+14 4.41182e+14 
4200 7.24071e+19 3.45092e+15 4.39053e+14 4.39053e+14 
4400 7.24071e+19 3.44582e+15 4.37478e+14 4.37478e+14 
4600 7.24071e+19 3.44082e+15 4.35811e+14 4.35811e+14 
4800 7.24071e+19 3.43592e+15 4.33921e+14 4.33921e+14 
5000 7.24071e+19 3.43109e+15 4.32504e+14 4.32504e+14 
5200 7.24071e+19 3.42635e+15 4.30978e+14 4.30978e+14 
5400 7.24071e+19 3.42173e+15 4.29517e+14 4.29517e+14 
5600 7.24071e+19 3.41713e+15 4.28355e+14 4.28355e+14 
5800 7.24071e+19 3.41261e+15 4.2709e+14 4.2709e+14 
6000 7.24071e+19 3.40814e+15 4.26015e+14 4.26015e+14 
6200 7.24071e+19 3.40379e+15 4.24831e+14 4.24831e+14 
6400 7.24071e+19 3.3995e+15 4.23902e+14 4.23902e+14 
6600 7.24071e+19 3.39526e+15 4.22935e+14 4.22935e+14 
6800 7.24071e+19 3.3911e+15 4.22159e+14 4.22159e+14 
7000 7.24071e+19 3.38699e+15 4.21377e+14 4.21377e+14 
7200 7.24071e+19 3.38292e+15 4.20568e+14 4.20568e+14 
7400 7.24071e+19 3.37891e+15 4.20003e+14 4.20003e+14 
7600 7.24071e+19 3.37494e+15 4.19639e+14 4.19639e+14 
7800 7.24071e+19 3.37103e+15 4.19259e+14 4.19259e+14 
8000 7.24071e+19 3.36718e+15 4.18911e+14 4.18911e+14 
8200 7.24071e+19 3.36335e+15 4.187e+14 4.187e+14 
8400 7.24071e+19 3.35959e+15 4.18466e+14 4.18466e+14 
8600 7.24071e+19 3.35584e+15 4.18396e+14 4.18396e+14 
8800 7.24071e+19 3.35216e+15 4.18358e+14 4.18358e+14 
9000 7.24071e+19 3.34853e+15 4.18314e+14 4.18314e+14 
9200 7.24071e+19 3.34493e+15 4.18309e+14 4.18309e+14 
9400 7.24071e+19 3.34138e+15 4.18368e+14 4.18368e+14 
9600 7.24071e+19 3.33788e+15 4.18558e+14 4.18558e+14 
9800 7.24072e+19 3.33444e+15 4.18461e+14 4.18461e+14 
10000 7.24072e+19 3.33102e+15 4.17282e+14 4.17282e+14 
10200 7.24071e+19 3.32766e+15 4.15469e+14 4.15469e+14 
10400 7.24071e+19 3.32437e+15 4.13856e+14 4.13856e+14 
10600 7.24071e+19 3.32114e+15 4.12172e+14 4.12172e+14 
10800 7.24071e+19 3.31797e+15 4.10641e+14 4.10641e+14 
11000 7.24071e+19 3.31485e+15 4.09902e+14 4.09902e+14 
11200 7.24071e+19 3.31176e+15 4.09109e+14 4.09109e+14 
11400 7.24071e+19 3.3087e+15 4.07985e+14 4.07985e+14 
11600 7.24071e+19 3.30575e+15 4.07029e+14 4.07029e+14 
11800 7.24071e+19 3.30271e+15 4.06351e+14 4.06351e+14 
12000 7.24071e+19 3.2997e+15 4.0565e+14 4.0565e+14 
12200 7.24071e+19 3.29677e+15 4.04857e+14 4.04857e+14 
12400 7.24071e+19 3.2938e+15 4.03853e+14 4.03853e+14 
12600 7.24071e+19 3.29091e+15 4.03451e+14 4.03451e+14 
12800 7.24071e+19 3.28805e+15 4.02652e+14 4.02652e+14 
13000 7.24071e+19 3.28516e+15 4.02071e+14 4.02071e+14 
13200 7.24071e+19 3.28229e+15 4.01393e+14 4.01393e+14 
13400 7.24071e+19 3.27947e+15 4.00909e+14 4.00909e+14 
13600 7.24071e+19 3.27665e+15 4.00312e+14 4.00312e+14 
13800 7.24071e+19 3.27385e+15 3.99704e+14 3.99704e+14 
14000 7.24071e+19 3.27107e+15 3.99237e+14 3.99237e+14 
14200 7.24071e+19 3.26836e+15 3.98574e+14 3.98574e+14 
14400 7.24071e+19 3.26568e+15 3.98303e+14 3.98303e+14 
14600 7.24071e+19 3.26298e+15 3.97917e+14 3.97917e+14 
14800 7.24071e+19 3.26029e+15 3.97499e+14 3.97499e+14 
15000 7.24071e+19 3.2576e+15 3.97461e+14 3.97461e+14 
15200 7.24071e+19 3.25487e+15 3.97097e+14 3.97097e+14 
15400 7.24071e+19 3.25226e+15 3.97048e+14 3.97048e+14 
15600 7.24071e+19 3.24962e+15 3.9688e+14 3.9688e+14 
15800 7.24071e+19 3.24702e+15 3.96885e+14 3.96885e+14 
16000 7.24071e+19 3.24443e+15 3.97108e+14 3.97108e+14 
16200 7.24071e+19 3.24186e+15 3.97146e+14 3.97146e+14 
16400 7.24071e+19 3.23927e+15 3.97059e+14 3.97059e+14 
16600 7.24071e+19 3.23675e+15 3.97363e+14 3.97363e+14 
16800 7.24071e+19 3.23419e+15 3.97472e+14 3.97472e+14 
17000 7.24071e+19 3.23171e+15 3.97732e+14 3.97732e+14 
17200 7.24071e+19 3.22921e+15 3.98026e+14 3.98026e+14 
17400 7.24071e+19 3.22668e+15 3.98558e+14 3.98558e+14 
17600 7.24071e+19 3.22419e+15 3.99014e+14 3.99014e+14 
17800 7.24071e+19 3.22175e+15 3.99519e+14 3.99519e+14 
18000 7.24071e+19 3.2193e+15 4.00133e+14 4.00133e+14 
18200 7.24071e+19 3.2169e+15 4.00692e+14 4.00692e+14 
18400 7.24071e+19 3.21454e+15 4.01447e+14 4.01447e+14 
18600 7.24071e+19 3.21214e+15 4.02028e+14 4.02028e+14 
18800 7.24071e+19 3.20973e+15 4.02794e+14 4.02794e+14 
19000 7.24071e+19 3.20736e+15 4.035e+14 4.035e+14 
19200 7.24071e+19 3.205e+15 4.04282e+14 4.04282e+14 
19400 7.24071e+19 3.20267e+15 4.05042e+14 4.05042e+14 
19600 7.24071e+19 3.20029e+15 4.059e+14 4.059e+14 
19800 7.24071e+19 3.19795e+15 4.0659e+14 4.0659e+14 
20000 7.24071e+19 3.19562e+15 4.0742e+14 4.0742e+14 
