Iteration / Neutral Density / Excited Density / Ion Density / Electron Density
0 7.24071e+19 3.62036e+15 5.43053e+14 5.43053e+14
200 7.24071e+19 3.60316e+15 4.86196e+14 4.86196e+14 
400 7.24071e+19 3.59008e+15 4.84404e+14 4.84404e+14 
600 7.24071e+19 3.57903e+15 4.83861e+14 4.83861e+14 
800 7.24071e+19 3.56928e+15 4.84892e+14 4.84892e+14 
1000 7.24071e+19 3.56055e+15 4.8196e+14 4.8196e+14 
1200 7.24071e+19 3.55275e+15 4.80982e+14 4.80982e+14 
1400 7.24071e+19 3.54512e+15 4.80114e+14 4.80114e+14 
1600 7.24071e+19 3.53743e+15 4.74412e+14 4.74412e+14 
1800 7.24072e+19 3.5303e+15 4.71642e+14 4.71642e+14 
2000 7.24072e+19 3.52335e+15 4.70393e+14 4.70393e+14 
2200 7.24072e+19 3.51692e+15 4.67026e+14 4.67026e+14 
2400 7.24072e+19 3.51027e+15 4.63225e+14 4.63225e+14 
2600 7.24072e+19 3.5044e+15 4.60129e+14 4.60129e+14 
2800 7.24072e+19 3.49857e+15 4.56871e+14 4.56871e+14 
3000 7.24072e+19 3.49278e+15 4.5459e+14 4.5459e+14 
3200 7.24072e+19 3.48717e+15 4.51603e+14 4.51603e+14 
3400 7.24072e+19 3.48188e+15 4.49485e+14 4.49485e+14 
3600 7.24072e+19 3.47652e+15 4.46824e+14 4.46824e+14 
3800 7.24072e+19 3.4712e+15 4.44707e+14 4.44707e+14 
4000 7.24072e+19 3.46595e+15 4.42371e+14 4.42371e+14 
4200 7.24072e+19 3.46104e+15 4.39982e+14 4.39982e+14 
4400 7.24072e+19 3.45608e+15 4.38136e+14 4.38136e+14 
4600 7.24072e+19 3.45128e+15 4.36561e+14 4.36561e+14 
4800 7.24072e+19 3.44631e+15 4.34823e+14 4.34823e+14 
5000 7.24072e+19 3.44159e+15 4.32868e+14 4.32868e+14 
5200 7.24072e+19 3.43718e+15 4.31184e+14 4.31184e+14 
5400 7.24072e+19 3.43275e+15 4.29501e+14 4.29501e+14 
5600 7.24072e+19 3.42834e+15 4.28469e+14 4.28469e+14 
5800 7.24072e+19 3.424e+15 4.27329e+14 4.27329e+14 
6000 7.24072e+19 3.41979e+15 4.26297e+14 4.26297e+14 
6200 7.24072e+19 3.4156e+15 4.24939e+14 4.24939e+14 
6400 7.24072e+19 3.41125e+15 4.24233e+14 4.24233e+14 
6600 7.24072e+19 3.40708e+15 4.23039e+14 4.23039e+14 
6800 7.24072e+19 3.40318e+15 4.22007e+14 4.22007e+14 
7000 7.24072e+19 3.39912e+15 4.2141e+14 4.2141e+14 
7200 7.24072e+19 3.39512e+15 4.20812e+14 4.20812e+14 
7400 7.24072e+19 3.39107e+15 4.20215e+14 4.20215e+14 
7600 7.24072e+19 3.38717e+15 4.19509e+14 4.19509e+14 
7800 7.24072e+19 3.38343e+15 4.18966e+14 4.18966e+14 
8000 7.24072e+19 3.3799e+15 4.18586e+14 4.18586e+14 
8200 7.24072e+19 3.37604e+15 4.18368e+14 4.18368e+14 
8400 7.24072e+19 3.37239e+15 4.18043e+14 4.18043e+14 
8600 7.24072e+19 3.36872e+15 4.17825e+14 4.17825e+14 
8800 7.24072e+19 3.3652e+15 4.17337e+14 4.17337e+14 
9000 7.24072e+19 3.36151e+15 4.17119e+14 4.17119e+14 
9200 7.24072e+19 3.35802e+15 4.17119e+14 4.17119e+14 
9400 7.24072e+19 3.35446e+15 4.17065e+14 4.17065e+14 
9600 7.24072e+19 3.35109e+15 4.17119e+14 4.17119e+14 
9800 7.24072e+19 3.34793e+15 4.16522e+14 4.16522e+14 
10000 7.24072e+19 3.3449e+15 4.15707e+14 4.15707e+14 
10200 7.24072e+19 3.34213e+15 4.13372e+14 4.13372e+14 
10400 7.24072e+19 3.33934e+15 4.112e+14 4.112e+14 
10600 7.24072e+19 3.33674e+15 4.09354e+14 4.09354e+14 
10800 7.24072e+19 3.33406e+15 4.07725e+14 4.07725e+14 
11000 7.24072e+19 3.33174e+15 4.06476e+14 4.06476e+14 
11200 7.24072e+19 3.32923e+15 4.05227e+14 4.05227e+14 
11400 7.24072e+19 3.32686e+15 4.04575e+14 4.04575e+14 
11600 7.24072e+19 3.32457e+15 4.03869e+14 4.03869e+14 
11800 7.24072e+19 3.32247e+15 4.02728e+14 4.02728e+14 
12000 7.24072e+19 3.32001e+15 4.01208e+14 4.01208e+14 
12200 7.24072e+19 3.31747e+15 4.00176e+14 4.00176e+14 
12400 7.24072e+19 3.3155e+15 3.99959e+14 3.99959e+14 
12600 7.24072e+19 3.31378e+15 3.9871e+14 3.9871e+14 
12800 7.24072e+19 3.31131e+15 3.97352e+14 3.97352e+14 
13000 7.24072e+19 3.3093e+15 3.96429e+14 3.96429e+14 
13200 7.24072e+19 3.30759e+15 3.96049e+14 3.96049e+14 
13400 7.24072e+19 3.30563e+15 3.94691e+14 3.94691e+14 
13600 7.24072e+19 3.30342e+15 3.94474e+14 3.94474e+14 
13800 7.24072e+19 3.30144e+15 3.94257e+14 3.94257e+14 
14000 7.24072e+19 3.2996e+15 3.93334e+14 3.93334e+14 
14200 7.24072e+19 3.29789e+15 3.92791e+14 3.92791e+14 
14400 7.24072e+19 3.29554e+15 3.91379e+14 3.91379e+14 
14600 7.24072e+19 3.29327e+15 3.91542e+14 3.91542e+14 
14800 7.24072e+19 3.29107e+15 3.90673e+14 3.90673e+14 
15000 7.24072e+19 3.28948e+15 3.89749e+14 3.89749e+14 
15200 7.24072e+19 3.28765e+15 3.89261e+14 3.89261e+14 
15400 7.24072e+19 3.2854e+15 3.88935e+14 3.88935e+14 
15600 7.24072e+19 3.28365e+15 3.88012e+14 3.88012e+14 
15800 7.24072e+19 3.2816e+15 3.88012e+14 3.88012e+14 
16000 7.24072e+19 3.27961e+15 3.8736e+14 3.8736e+14 
16200 7.24072e+19 3.2777e+15 3.87251e+14 3.87251e+14 
16400 7.24072e+19 3.27564e+15 3.8698e+14 3.8698e+14 
16600 7.24072e+19 3.27365e+15 3.8622e+14 3.8622e+14 
16800 7.24072e+19 3.27157e+15 3.86437e+14 3.86437e+14 
17000 7.24072e+19 3.26967e+15 3.86111e+14 3.86111e+14 
17200 7.24072e+19 3.26778e+15 3.86437e+14 3.86437e+14 
17400 7.24072e+19 3.26564e+15 3.86817e+14 3.86817e+14 
17600 7.24072e+19 3.26389e+15 3.86545e+14 3.86545e+14 
17800 7.24072e+19 3.26216e+15 3.86383e+14 3.86383e+14 
18000 7.24072e+19 3.26022e+15 3.86437e+14 3.86437e+14 
18200 7.24072e+19 3.25835e+15 3.86926e+14 3.86926e+14 
18400 7.24072e+19 3.25623e+15 3.86763e+14 3.86763e+14 
18600 7.24072e+19 3.25444e+15 3.87089e+14 3.87089e+14 
18800 7.24072e+19 3.25261e+15 3.87251e+14 3.87251e+14 
19000 7.24072e+19 3.25074e+15 3.87414e+14 3.87414e+14 
19200 7.24072e+19 3.24905e+15 3.87849e+14 3.87849e+14 
19400 7.24072e+19 3.24683e+15 3.88392e+14 3.88392e+14 
19600 7.24072e+19 3.24521e+15 3.88935e+14 3.88935e+14 
19800 7.24072e+19 3.24334e+15 3.89532e+14 3.89532e+14 
20000 7.24072e+19 3.24164e+15 3.90075e+14 3.90075e+14 
