Iteration / Time / Node x / Electric Field
0 0 0 0
0 0 0.0005 0
0 0 0.001 0
0 0 0.0015 0
0 0 0.002 0
0 0 0.0025 0
0 0 0.003 0
0 0 0.0035 0
0 0 0.004 0
0 0 0.0045 0
0 0 0.005 0
0 0 0.0055 0
0 0 0.006 0
0 0 0.0065 0
0 0 0.007 0
0 0 0.0075 0
0 0 0.008 0
0 0 0.0085 0
0 0 0.009 0
0 0 0.0095 0
0 0 0.01 1181.89
0 0 0.0105 943.608
0 0 0.011 493.884
0 0 0.0115 235.176
0 0 0.012 -369.408
0 0 0.0125 -1839.13
0 0 0.013 -2741.81
0 0 0.0135 -2912.08
0 0 0.014 -2299.33
0 0 0.0145 -1973.59
0 0 0.015 -2093.35
0 0 0.0155 -3155.21
0 0 0.016 -2747.67
0 0 0.0165 -2345.8
0 0 0.017 -3202.36
0 0 0.0175 -3339.71
0 0 0.018 -3150.8
0 0 0.0185 -3955.76
0 0 0.019 -3708.2
0 0 0.0195 -4293.31
0 0 0.02 -3570.58
0 0 0.0205 -3105.44
0 0 0.021 -2568.95
0 0 0.0215 -991.133
0 0 0.022 -894.199
0 0 0.0225 -670.46
0 0 0.023 -294.797
0 0 0.0235 -199.575
0 0 0.024 202.589
0 0 0.0245 1311.56
0 0 0.025 2549
0 0 0.0255 4495.42
0 0 0.026 6201.13
0 0 0.0265 6737.92
0 0 0.027 6618.03
0 0 0.0275 6857.29
0 0 0.028 6543.39
0 0 0.0285 5744.39
0 0 0.029 5550.88
0 0 0.0295 4338.04
0 0 0.03 4872.28
0 0 0.0305 5094.76
0 0 0.031 5936.13
0 0 0.0315 6871.1
0 0 0.032 7656.67
0 0 0.0325 7239.17
0 0 0.033 6832.28
0 0 0.0335 7794.07
0 0 0.034 7615.12
0 0 0.0345 7603.78
0 0 0.035 7558.67
0 0 0.0355 7063.97
0 0 0.036 7204.54
0 0 0.0365 6780.3
0 0 0.037 6116.82
0 0 0.0375 4215.8
0 0 0.038 5158.31
0 0 0.0385 5120.22
0 0 0.039 5117.35
0 0 0.0395 4479.74
0 0 0.04 4870.98
0 0 0.0405 4284.58
0 0 0.041 4790.34
0 0 0.0415 5759.93
0 0 0.042 6091.34
0 0 0.0425 5800.22
0 0 0.043 5048.42
0 0 0.0435 4703.58
0 0 0.044 5114.81
0 0 0.0445 4583.17
0 0 0.045 4442.63
0 0 0.0455 5582.47
0 0 0.046 6362.85
0 0 0.0465 6061.95
0 0 0.047 5055.4
0 0 0.0475 4198.83
0 0 0.048 3492.9
0 0 0.0485 2850.21
0 0 0.049 3460.11
0 0 0.0495 2330.47
0 0 0.05 1583.5
0 0 0.0505 204.582
0 0 0.051 673.197
0 0 0.0515 896.285
0 0 0.052 -128.859
0 0 0.0525 -1136.58
0 0 0.053 -2054.51
0 0 0.0535 -1710.51
0 0 0.054 -646.428
0 0 0.0545 -69.6736
0 0 0.055 -342.582
0 0 0.0555 -1479.85
0 0 0.056 -1441.03
0 0 0.0565 -1179.38
0 0 0.057 -2584.01
0 0 0.0575 -3555.26
0 0 0.058 -3748.62
0 0 0.0585 -3949.6
0 0 0.059 -3712.14
0 0 0.0595 -2943.38
0 0 0.06 -3886.61
0 0 0.0605 -5345.26
0 0 0.061 -5790.93
0 0 0.0615 -5615.54
0 0 0.062 -6660.2
0 0 0.0625 -5228.44
0 0 0.063 -4656.85
0 0 0.0635 -5205.57
0 0 0.064 -5562.66
0 0 0.0645 -6380.66
0 0 0.065 -6476.09
0 0 0.0655 -6344.71
0 0 0.066 -6236.28
0 0 0.0665 -6718.95
0 0 0.067 -6134.4
0 0 0.0675 -5659.09
0 0 0.068 -6168.85
0 0 0.0685 -5682.83
0 0 0.069 -4694.96
0 0 0.0695 -4833.03
0 0 0.07 -4831.97
0 0 0.0705 -5634.48
0 0 0.071 -5824.63
0 0 0.0715 -5565.33
0 0 0.072 -7391.22
0 0 0.0725 -7711.54
0 0 0.073 -7348.95
0 0 0.0735 -7315.51
0 0 0.074 -7232.94
0 0 0.0745 -6486.08
0 0 0.075 -7204.76
0 0 0.0755 -6938.7
0 0 0.076 -6141.99
0 0 0.0765 -5785.83
0 0 0.077 -4984.54
0 0 0.0775 -3898.4
0 0 0.078 -3230.83
0 0 0.0785 -1683.9
0 0 0.079 -460.774
0 0 0.0795 901.933
0 0 0.08 1473.29
0 0 0.0805 1830.71
0 0 0.081 1732.4
0 0 0.0815 2321.48
0 0 0.082 2212.29
0 0 0.0825 2150.68
0 0 0.083 2592.79
0 0 0.0835 2628.44
0 0 0.084 2295.97
0 0 0.0845 1341.29
0 0 0.085 1181.89
0 0 0.0855 0
0 0 0.086 0
0 0 0.0865 0
0 0 0.087 0
0 0 0.0875 0
0 0 0.088 0
0 0 0.0885 0
0 0 0.089 0
0 0 0.0895 0
0 0 0.09 0
0 0 0.0905 0
0 0 0.091 0
0 0 0.0915 0
0 0 0.092 0
0 0 0.0925 0
0 0 0.093 0
0 0 0.0935 0
0 0 0.094 0
0 0 0.0945 0
0 0 0.095 0
200 3.68732e-08 0 0
200 3.68732e-08 0.0005 0
200 3.68732e-08 0.001 0
200 3.68732e-08 0.0015 0
200 3.68732e-08 0.002 0
200 3.68732e-08 0.0025 0
200 3.68732e-08 0.003 0
200 3.68732e-08 0.0035 0
200 3.68732e-08 0.004 0
200 3.68732e-08 0.0045 0
200 3.68732e-08 0.005 0
200 3.68732e-08 0.0055 0
200 3.68732e-08 0.006 0
200 3.68732e-08 0.0065 0
200 3.68732e-08 0.007 0
200 3.68732e-08 0.0075 0
200 3.68732e-08 0.008 0
200 3.68732e-08 0.0085 0
200 3.68732e-08 0.009 0
200 3.68732e-08 0.0095 0
200 3.68732e-08 0.01 -50534.4
200 3.68732e-08 0.0105 -46071.6
200 3.68732e-08 0.011 -41595.3
200 3.68732e-08 0.0115 -36632
200 3.68732e-08 0.012 -32168.3
200 3.68732e-08 0.0125 -27690
200 3.68732e-08 0.013 -23108.4
200 3.68732e-08 0.0135 -18164.5
200 3.68732e-08 0.014 -13535.3
200 3.68732e-08 0.0145 -8691.07
200 3.68732e-08 0.015 -3966.82
200 3.68732e-08 0.0155 -413.506
200 3.68732e-08 0.016 1500.39
200 3.68732e-08 0.0165 646.683
200 3.68732e-08 0.017 102.067
200 3.68732e-08 0.0175 68.9494
200 3.68732e-08 0.018 -977.494
200 3.68732e-08 0.0185 -1391.99
200 3.68732e-08 0.019 -484.218
200 3.68732e-08 0.0195 -992.908
200 3.68732e-08 0.02 -1378.36
200 3.68732e-08 0.0205 -542.227
200 3.68732e-08 0.021 454.297
200 3.68732e-08 0.0215 2135.3
200 3.68732e-08 0.022 732.407
200 3.68732e-08 0.0225 -228.292
200 3.68732e-08 0.023 1247.62
200 3.68732e-08 0.0235 2439.69
200 3.68732e-08 0.024 2944.42
200 3.68732e-08 0.0245 4055.08
200 3.68732e-08 0.025 4672.89
200 3.68732e-08 0.0255 5658.29
200 3.68732e-08 0.026 7054.14
200 3.68732e-08 0.0265 6658.49
200 3.68732e-08 0.027 4720.04
200 3.68732e-08 0.0275 3742.7
200 3.68732e-08 0.028 3443.92
200 3.68732e-08 0.0285 2349.95
200 3.68732e-08 0.029 3191.48
200 3.68732e-08 0.0295 1398.23
200 3.68732e-08 0.03 1472.96
200 3.68732e-08 0.0305 1538.38
200 3.68732e-08 0.031 1613.41
200 3.68732e-08 0.0315 2854.45
200 3.68732e-08 0.032 3277.02
200 3.68732e-08 0.0325 2218.7
200 3.68732e-08 0.033 631.735
200 3.68732e-08 0.0335 825.406
200 3.68732e-08 0.034 144.872
200 3.68732e-08 0.0345 -675.122
200 3.68732e-08 0.035 -668.985
200 3.68732e-08 0.0355 -1738.22
200 3.68732e-08 0.036 -810.275
200 3.68732e-08 0.0365 -333.374
200 3.68732e-08 0.037 205.742
200 3.68732e-08 0.0375 -2914.35
200 3.68732e-08 0.038 -3213.84
200 3.68732e-08 0.0385 -2769.43
200 3.68732e-08 0.039 -2038.05
200 3.68732e-08 0.0395 -2169.31
200 3.68732e-08 0.04 -1716.53
200 3.68732e-08 0.0405 -1213.94
200 3.68732e-08 0.041 -791.743
200 3.68732e-08 0.0415 -140.109
200 3.68732e-08 0.042 -261.509
200 3.68732e-08 0.0425 201.893
200 3.68732e-08 0.043 448.292
200 3.68732e-08 0.0435 1179.91
200 3.68732e-08 0.044 1797.56
200 3.68732e-08 0.0445 1699.75
200 3.68732e-08 0.045 2060.69
200 3.68732e-08 0.0455 2134.97
200 3.68732e-08 0.046 2179.28
200 3.68732e-08 0.0465 1949.32
200 3.68732e-08 0.047 1343.84
200 3.68732e-08 0.0475 1345.06
200 3.68732e-08 0.048 589.463
200 3.68732e-08 0.0485 179.416
200 3.68732e-08 0.049 140.528
200 3.68732e-08 0.0495 761.646
200 3.68732e-08 0.05 1167.79
200 3.68732e-08 0.0505 -109.007
200 3.68732e-08 0.051 -43.2559
200 3.68732e-08 0.0515 1707.24
200 3.68732e-08 0.052 3906.97
200 3.68732e-08 0.0525 4377.9
200 3.68732e-08 0.053 2640.8
200 3.68732e-08 0.0535 694.743
200 3.68732e-08 0.054 1007.61
200 3.68732e-08 0.0545 2502.27
200 3.68732e-08 0.055 2196.88
200 3.68732e-08 0.0555 1918.25
200 3.68732e-08 0.056 3253.65
200 3.68732e-08 0.0565 3806.97
200 3.68732e-08 0.057 3176.72
200 3.68732e-08 0.0575 2288.79
200 3.68732e-08 0.058 1607.97
200 3.68732e-08 0.0585 2198.31
200 3.68732e-08 0.059 3609.47
200 3.68732e-08 0.0595 4624.71
200 3.68732e-08 0.06 3546.02
200 3.68732e-08 0.0605 2854.32
200 3.68732e-08 0.061 3177.3
200 3.68732e-08 0.0615 2512.59
200 3.68732e-08 0.062 1991.74
200 3.68732e-08 0.0625 3617.91
200 3.68732e-08 0.063 4740.7
200 3.68732e-08 0.0635 5196.79
200 3.68732e-08 0.064 4158.24
200 3.68732e-08 0.0645 2197.93
200 3.68732e-08 0.065 2501.23
200 3.68732e-08 0.0655 3231.79
200 3.68732e-08 0.066 1261.15
200 3.68732e-08 0.0665 809.197
200 3.68732e-08 0.067 933.031
200 3.68732e-08 0.0675 626.523
200 3.68732e-08 0.068 693.62
200 3.68732e-08 0.0685 1182.96
200 3.68732e-08 0.069 2393.34
200 3.68732e-08 0.0695 3845
200 3.68732e-08 0.07 5294.87
200 3.68732e-08 0.0705 4898.98
200 3.68732e-08 0.071 4517.56
200 3.68732e-08 0.0715 4219.46
200 3.68732e-08 0.072 2652.81
200 3.68732e-08 0.0725 3529.62
200 3.68732e-08 0.073 4961.26
200 3.68732e-08 0.0735 5407.18
200 3.68732e-08 0.074 3767.09
200 3.68732e-08 0.0745 2472.04
200 3.68732e-08 0.075 1216.48
200 3.68732e-08 0.0755 945.209
200 3.68732e-08 0.076 37.667
200 3.68732e-08 0.0765 -12.095
200 3.68732e-08 0.077 1241.92
200 3.68732e-08 0.0775 3145.18
200 3.68732e-08 0.078 3097.4
200 3.68732e-08 0.0785 3628.62
200 3.68732e-08 0.079 2448.38
200 3.68732e-08 0.0795 2644.29
200 3.68732e-08 0.08 2700.13
200 3.68732e-08 0.0805 2206.23
200 3.68732e-08 0.081 2064.64
200 3.68732e-08 0.0815 2068.84
200 3.68732e-08 0.082 1975.56
200 3.68732e-08 0.0825 4230.55
200 3.68732e-08 0.083 8748.81
200 3.68732e-08 0.0835 13131.6
200 3.68732e-08 0.084 17552.1
200 3.68732e-08 0.0845 22144.9
200 3.68732e-08 0.085 26401.2
200 3.68732e-08 0.0855 0
200 3.68732e-08 0.086 0
200 3.68732e-08 0.0865 0
200 3.68732e-08 0.087 0
200 3.68732e-08 0.0875 0
200 3.68732e-08 0.088 0
200 3.68732e-08 0.0885 0
200 3.68732e-08 0.089 0
200 3.68732e-08 0.0895 0
200 3.68732e-08 0.09 0
200 3.68732e-08 0.0905 0
200 3.68732e-08 0.091 0
200 3.68732e-08 0.0915 0
200 3.68732e-08 0.092 0
200 3.68732e-08 0.0925 0
200 3.68732e-08 0.093 0
200 3.68732e-08 0.0935 0
200 3.68732e-08 0.094 0
200 3.68732e-08 0.0945 0
200 3.68732e-08 0.095 0
400 7.37463e-08 0 0
400 7.37463e-08 0.0005 0
400 7.37463e-08 0.001 0
400 7.37463e-08 0.0015 0
400 7.37463e-08 0.002 0
400 7.37463e-08 0.0025 0
400 7.37463e-08 0.003 0
400 7.37463e-08 0.0035 0
400 7.37463e-08 0.004 0
400 7.37463e-08 0.0045 0
400 7.37463e-08 0.005 0
400 7.37463e-08 0.0055 0
400 7.37463e-08 0.006 0
400 7.37463e-08 0.0065 0
400 7.37463e-08 0.007 0
400 7.37463e-08 0.0075 0
400 7.37463e-08 0.008 0
400 7.37463e-08 0.0085 0
400 7.37463e-08 0.009 0
400 7.37463e-08 0.0095 0
400 7.37463e-08 0.01 -32083.2
400 7.37463e-08 0.0105 -28224.3
400 7.37463e-08 0.011 -23594.8
400 7.37463e-08 0.0115 -19110.4
400 7.37463e-08 0.012 -14811.3
400 7.37463e-08 0.0125 -11129
400 7.37463e-08 0.013 -7121.82
400 7.37463e-08 0.0135 -3277.16
400 7.37463e-08 0.014 -563.187
400 7.37463e-08 0.0145 -408.526
400 7.37463e-08 0.015 -802.252
400 7.37463e-08 0.0155 -241.814
400 7.37463e-08 0.016 831.987
400 7.37463e-08 0.0165 768.422
400 7.37463e-08 0.017 992.478
400 7.37463e-08 0.0175 1766.48
400 7.37463e-08 0.018 1394.77
400 7.37463e-08 0.0185 302.878
400 7.37463e-08 0.019 -1044.33
400 7.37463e-08 0.0195 -3429.46
400 7.37463e-08 0.02 -3044.54
400 7.37463e-08 0.0205 -2332.34
400 7.37463e-08 0.021 -1303.85
400 7.37463e-08 0.0215 16.865
400 7.37463e-08 0.022 -1802.25
400 7.37463e-08 0.0225 -1264.02
400 7.37463e-08 0.023 -1276.21
400 7.37463e-08 0.0235 -1436.61
400 7.37463e-08 0.024 -1280.22
400 7.37463e-08 0.0245 -1103.12
400 7.37463e-08 0.025 -1363.42
400 7.37463e-08 0.0255 -1688.75
400 7.37463e-08 0.026 -1146.84
400 7.37463e-08 0.0265 -887.321
400 7.37463e-08 0.027 -234.226
400 7.37463e-08 0.0275 -92.5274
400 7.37463e-08 0.028 -867.543
400 7.37463e-08 0.0285 -1013.96
400 7.37463e-08 0.029 -1168.33
400 7.37463e-08 0.0295 -2380.55
400 7.37463e-08 0.03 -1541.11
400 7.37463e-08 0.0305 -1868.31
400 7.37463e-08 0.031 -2197.89
400 7.37463e-08 0.0315 -2455.64
400 7.37463e-08 0.032 -2154.96
400 7.37463e-08 0.0325 -2546.32
400 7.37463e-08 0.033 -3730.22
400 7.37463e-08 0.0335 -4349.78
400 7.37463e-08 0.034 -3675.65
400 7.37463e-08 0.0345 -3716.2
400 7.37463e-08 0.035 -5020.86
400 7.37463e-08 0.0355 -5386.31
400 7.37463e-08 0.036 -4596.1
400 7.37463e-08 0.0365 -5237.82
400 7.37463e-08 0.037 -4168.54
400 7.37463e-08 0.0375 -4579.62
400 7.37463e-08 0.038 -5114.56
400 7.37463e-08 0.0385 -5342.73
400 7.37463e-08 0.039 -4321.23
400 7.37463e-08 0.0395 -4321.17
400 7.37463e-08 0.04 -3945.28
400 7.37463e-08 0.0405 -3932.38
400 7.37463e-08 0.041 -3838.15
400 7.37463e-08 0.0415 -4301.52
400 7.37463e-08 0.042 -4805.72
400 7.37463e-08 0.0425 -4062.28
400 7.37463e-08 0.043 -3550.52
400 7.37463e-08 0.0435 -3667.88
400 7.37463e-08 0.044 -3289.36
400 7.37463e-08 0.0445 -2846.2
400 7.37463e-08 0.045 -2860.54
400 7.37463e-08 0.0455 -1888.09
400 7.37463e-08 0.046 -1017.14
400 7.37463e-08 0.0465 -972.614
400 7.37463e-08 0.047 -1385.52
400 7.37463e-08 0.0475 -1218.19
400 7.37463e-08 0.048 -944.908
400 7.37463e-08 0.0485 -528.694
400 7.37463e-08 0.049 492.575
400 7.37463e-08 0.0495 630.247
400 7.37463e-08 0.05 845.44
400 7.37463e-08 0.0505 358.242
400 7.37463e-08 0.051 674.103
400 7.37463e-08 0.0515 1773.08
400 7.37463e-08 0.052 1938.54
400 7.37463e-08 0.0525 -1964.92
400 7.37463e-08 0.053 -1896.68
400 7.37463e-08 0.0535 -216.585
400 7.37463e-08 0.054 1350.61
400 7.37463e-08 0.0545 2155.12
400 7.37463e-08 0.055 931.462
400 7.37463e-08 0.0555 -523.415
400 7.37463e-08 0.056 355.929
400 7.37463e-08 0.0565 1824.13
400 7.37463e-08 0.057 2079.29
400 7.37463e-08 0.0575 1722.69
400 7.37463e-08 0.058 2786.34
400 7.37463e-08 0.0585 3405.62
400 7.37463e-08 0.059 4110.06
400 7.37463e-08 0.0595 3715.39
400 7.37463e-08 0.06 2341.78
400 7.37463e-08 0.0605 2098.84
400 7.37463e-08 0.061 2635.66
400 7.37463e-08 0.0615 3587.07
400 7.37463e-08 0.062 2576.54
400 7.37463e-08 0.0625 2287.76
400 7.37463e-08 0.063 2657.42
400 7.37463e-08 0.0635 1236.03
400 7.37463e-08 0.064 1070.87
400 7.37463e-08 0.0645 1717.68
400 7.37463e-08 0.065 1914.63
400 7.37463e-08 0.0655 2822.61
400 7.37463e-08 0.066 3391.55
400 7.37463e-08 0.0665 3378.43
400 7.37463e-08 0.067 2121.24
400 7.37463e-08 0.0675 2142.27
400 7.37463e-08 0.068 1408.22
400 7.37463e-08 0.0685 2310.85
400 7.37463e-08 0.069 4241.2
400 7.37463e-08 0.0695 4337.14
400 7.37463e-08 0.07 4298.97
400 7.37463e-08 0.0705 1793.46
400 7.37463e-08 0.071 650.447
400 7.37463e-08 0.0715 1568.65
400 7.37463e-08 0.072 1443.95
400 7.37463e-08 0.0725 1652.36
400 7.37463e-08 0.073 517.15
400 7.37463e-08 0.0735 -429.435
400 7.37463e-08 0.074 180.093
400 7.37463e-08 0.0745 1260.46
400 7.37463e-08 0.075 1549.87
400 7.37463e-08 0.0755 2297.76
400 7.37463e-08 0.076 970.866
400 7.37463e-08 0.0765 -385.172
400 7.37463e-08 0.077 128.436
400 7.37463e-08 0.0775 721.085
400 7.37463e-08 0.078 300.152
400 7.37463e-08 0.0785 1256.69
400 7.37463e-08 0.079 1478.6
400 7.37463e-08 0.0795 1555.47
400 7.37463e-08 0.08 3682.74
400 7.37463e-08 0.0805 6364.64
400 7.37463e-08 0.081 10472.6
400 7.37463e-08 0.0815 15026.5
400 7.37463e-08 0.082 19945.2
400 7.37463e-08 0.0825 24035.9
400 7.37463e-08 0.083 29233.7
400 7.37463e-08 0.0835 33650
400 7.37463e-08 0.084 37797.4
400 7.37463e-08 0.0845 42338.4
400 7.37463e-08 0.085 46547.3
400 7.37463e-08 0.0855 0
400 7.37463e-08 0.086 0
400 7.37463e-08 0.0865 0
400 7.37463e-08 0.087 0
400 7.37463e-08 0.0875 0
400 7.37463e-08 0.088 0
400 7.37463e-08 0.0885 0
400 7.37463e-08 0.089 0
400 7.37463e-08 0.0895 0
400 7.37463e-08 0.09 0
400 7.37463e-08 0.0905 0
400 7.37463e-08 0.091 0
400 7.37463e-08 0.0915 0
400 7.37463e-08 0.092 0
400 7.37463e-08 0.0925 0
400 7.37463e-08 0.093 0
400 7.37463e-08 0.0935 0
400 7.37463e-08 0.094 0
400 7.37463e-08 0.0945 0
400 7.37463e-08 0.095 0
600 1.10619e-07 0 0
600 1.10619e-07 0.0005 0
600 1.10619e-07 0.001 0
600 1.10619e-07 0.0015 0
600 1.10619e-07 0.002 0
600 1.10619e-07 0.0025 0
600 1.10619e-07 0.003 0
600 1.10619e-07 0.0035 0
600 1.10619e-07 0.004 0
600 1.10619e-07 0.0045 0
600 1.10619e-07 0.005 0
600 1.10619e-07 0.0055 0
600 1.10619e-07 0.006 0
600 1.10619e-07 0.0065 0
600 1.10619e-07 0.007 0
600 1.10619e-07 0.0075 0
600 1.10619e-07 0.008 0
600 1.10619e-07 0.0085 0
600 1.10619e-07 0.009 0
600 1.10619e-07 0.0095 0
600 1.10619e-07 0.01 -26840.7
600 1.10619e-07 0.0105 -23169.7
600 1.10619e-07 0.011 -18749.4
600 1.10619e-07 0.0115 -14576.2
600 1.10619e-07 0.012 -10512.6
600 1.10619e-07 0.0125 -6743.71
600 1.10619e-07 0.013 -3479.99
600 1.10619e-07 0.0135 -812.778
600 1.10619e-07 0.014 725.131
600 1.10619e-07 0.0145 585.762
600 1.10619e-07 0.015 855.447
600 1.10619e-07 0.0155 554.172
600 1.10619e-07 0.016 1078.12
600 1.10619e-07 0.0165 1027.69
600 1.10619e-07 0.017 1498.97
600 1.10619e-07 0.0175 1228.35
600 1.10619e-07 0.018 216.401
600 1.10619e-07 0.0185 -255.394
600 1.10619e-07 0.019 1285.85
600 1.10619e-07 0.0195 1138.75
600 1.10619e-07 0.02 1278.58
600 1.10619e-07 0.0205 30.7217
600 1.10619e-07 0.021 -511.855
600 1.10619e-07 0.0215 456.174
600 1.10619e-07 0.022 128.586
600 1.10619e-07 0.0225 -112.486
600 1.10619e-07 0.023 621.046
600 1.10619e-07 0.0235 1171.94
600 1.10619e-07 0.024 1906.54
600 1.10619e-07 0.0245 1048.89
600 1.10619e-07 0.025 -1838.25
600 1.10619e-07 0.0255 -1146.41
600 1.10619e-07 0.026 282.055
600 1.10619e-07 0.0265 81.33
600 1.10619e-07 0.027 -308.548
600 1.10619e-07 0.0275 284.959
600 1.10619e-07 0.028 417.172
600 1.10619e-07 0.0285 664.557
600 1.10619e-07 0.029 1346.17
600 1.10619e-07 0.0295 71.8153
600 1.10619e-07 0.03 -1635.82
600 1.10619e-07 0.0305 -1339.84
600 1.10619e-07 0.031 -806.093
600 1.10619e-07 0.0315 -219.65
600 1.10619e-07 0.032 335.818
600 1.10619e-07 0.0325 1084.71
600 1.10619e-07 0.033 1278.36
600 1.10619e-07 0.0335 1425.76
600 1.10619e-07 0.034 1002.73
600 1.10619e-07 0.0345 1189.11
600 1.10619e-07 0.035 1335.43
600 1.10619e-07 0.0355 441.456
600 1.10619e-07 0.036 1239.63
600 1.10619e-07 0.0365 1266.66
600 1.10619e-07 0.037 1036.55
600 1.10619e-07 0.0375 -928.066
600 1.10619e-07 0.038 -1179.96
600 1.10619e-07 0.0385 -532.525
600 1.10619e-07 0.039 832.231
600 1.10619e-07 0.0395 530.915
600 1.10619e-07 0.04 89.6839
600 1.10619e-07 0.0405 -1122.33
600 1.10619e-07 0.041 -1383.15
600 1.10619e-07 0.0415 -766.862
600 1.10619e-07 0.042 -810.925
600 1.10619e-07 0.0425 -1752.15
600 1.10619e-07 0.043 -1257.02
600 1.10619e-07 0.0435 -1604.25
600 1.10619e-07 0.044 -2496.04
600 1.10619e-07 0.0445 -1836.82
600 1.10619e-07 0.045 -1256.18
600 1.10619e-07 0.0455 -725.493
600 1.10619e-07 0.046 -407.12
600 1.10619e-07 0.0465 -219.21
600 1.10619e-07 0.047 -33.729
600 1.10619e-07 0.0475 -832.66
600 1.10619e-07 0.048 -1276.77
600 1.10619e-07 0.0485 -1297.7
600 1.10619e-07 0.049 -919.793
600 1.10619e-07 0.0495 -920.182
600 1.10619e-07 0.05 -1050.94
600 1.10619e-07 0.0505 -1309.35
600 1.10619e-07 0.051 -1205.21
600 1.10619e-07 0.0515 -1023.71
600 1.10619e-07 0.052 -509.309
600 1.10619e-07 0.0525 -703.842
600 1.10619e-07 0.053 -729.319
600 1.10619e-07 0.0535 -2208.13
600 1.10619e-07 0.054 -2257.94
600 1.10619e-07 0.0545 -1415.06
600 1.10619e-07 0.055 -1363.71
600 1.10619e-07 0.0555 -2056.53
600 1.10619e-07 0.056 -2333.87
600 1.10619e-07 0.0565 -2638.52
600 1.10619e-07 0.057 -2242.74
600 1.10619e-07 0.0575 -2738.82
600 1.10619e-07 0.058 -2632.54
600 1.10619e-07 0.0585 -2958.47
600 1.10619e-07 0.059 -1912.3
600 1.10619e-07 0.0595 -1108.39
600 1.10619e-07 0.06 -1572.28
600 1.10619e-07 0.0605 -2259.82
600 1.10619e-07 0.061 -2502.47
600 1.10619e-07 0.0615 -2965.04
600 1.10619e-07 0.062 -3273.42
600 1.10619e-07 0.0625 -2020.83
600 1.10619e-07 0.063 -739.549
600 1.10619e-07 0.0635 -898.001
600 1.10619e-07 0.064 -1902.34
600 1.10619e-07 0.0645 -2461.07
600 1.10619e-07 0.065 -2913.41
600 1.10619e-07 0.0655 -2692.72
600 1.10619e-07 0.066 -1817.85
600 1.10619e-07 0.0665 -2101.38
600 1.10619e-07 0.067 -2198.12
600 1.10619e-07 0.0675 -1123.29
600 1.10619e-07 0.068 -1484.68
600 1.10619e-07 0.0685 -2498.36
600 1.10619e-07 0.069 -2159.34
600 1.10619e-07 0.0695 -2010.53
600 1.10619e-07 0.07 -1918.18
600 1.10619e-07 0.0705 -2043.36
600 1.10619e-07 0.071 -2535.14
600 1.10619e-07 0.0715 -2263.65
600 1.10619e-07 0.072 -2641.17
600 1.10619e-07 0.0725 -1388.68
600 1.10619e-07 0.073 116.581
600 1.10619e-07 0.0735 418.636
600 1.10619e-07 0.074 -727.587
600 1.10619e-07 0.0745 -1324.23
600 1.10619e-07 0.075 -1594.63
600 1.10619e-07 0.0755 -709.219
600 1.10619e-07 0.076 -505.297
600 1.10619e-07 0.0765 -1231.63
600 1.10619e-07 0.077 -1039.7
600 1.10619e-07 0.0775 264.817
600 1.10619e-07 0.078 -330.528
600 1.10619e-07 0.0785 259.694
600 1.10619e-07 0.079 1803.09
600 1.10619e-07 0.0795 3941.93
600 1.10619e-07 0.08 6743.22
600 1.10619e-07 0.0805 10552.3
600 1.10619e-07 0.081 14679
600 1.10619e-07 0.0815 19211.4
600 1.10619e-07 0.082 24161
600 1.10619e-07 0.0825 28048
600 1.10619e-07 0.083 33002
600 1.10619e-07 0.0835 37298.5
600 1.10619e-07 0.084 41183.4
600 1.10619e-07 0.0845 45505.6
600 1.10619e-07 0.085 49652.8
600 1.10619e-07 0.0855 0
600 1.10619e-07 0.086 0
600 1.10619e-07 0.0865 0
600 1.10619e-07 0.087 0
600 1.10619e-07 0.0875 0
600 1.10619e-07 0.088 0
600 1.10619e-07 0.0885 0
600 1.10619e-07 0.089 0
600 1.10619e-07 0.0895 0
600 1.10619e-07 0.09 0
600 1.10619e-07 0.0905 0
600 1.10619e-07 0.091 0
600 1.10619e-07 0.0915 0
600 1.10619e-07 0.092 0
600 1.10619e-07 0.0925 0
600 1.10619e-07 0.093 0
600 1.10619e-07 0.0935 0
600 1.10619e-07 0.094 0
600 1.10619e-07 0.0945 0
600 1.10619e-07 0.095 0
800 1.47493e-07 0 0
800 1.47493e-07 0.0005 0
800 1.47493e-07 0.001 0
800 1.47493e-07 0.0015 0
800 1.47493e-07 0.002 0
800 1.47493e-07 0.0025 0
800 1.47493e-07 0.003 0
800 1.47493e-07 0.0035 0
800 1.47493e-07 0.004 0
800 1.47493e-07 0.0045 0
800 1.47493e-07 0.005 0
800 1.47493e-07 0.0055 0
800 1.47493e-07 0.006 0
800 1.47493e-07 0.0065 0
800 1.47493e-07 0.007 0
800 1.47493e-07 0.0075 0
800 1.47493e-07 0.008 0
800 1.47493e-07 0.0085 0
800 1.47493e-07 0.009 0
800 1.47493e-07 0.0095 0
800 1.47493e-07 0.01 -36407.1
800 1.47493e-07 0.0105 -31950.1
800 1.47493e-07 0.011 -27866.7
800 1.47493e-07 0.0115 -24126
800 1.47493e-07 0.012 -20122.8
800 1.47493e-07 0.0125 -16105.5
800 1.47493e-07 0.013 -12157.2
800 1.47493e-07 0.0135 -7986.97
800 1.47493e-07 0.014 -4725.92
800 1.47493e-07 0.0145 -2181.87
800 1.47493e-07 0.015 -1016.44
800 1.47493e-07 0.0155 -931.589
800 1.47493e-07 0.016 -632.005
800 1.47493e-07 0.0165 -25.7782
800 1.47493e-07 0.017 -418.082
800 1.47493e-07 0.0175 136.08
800 1.47493e-07 0.018 826.048
800 1.47493e-07 0.0185 704.061
800 1.47493e-07 0.019 1324.31
800 1.47493e-07 0.0195 865.785
800 1.47493e-07 0.02 460.213
800 1.47493e-07 0.0205 897.953
800 1.47493e-07 0.021 657.57
800 1.47493e-07 0.0215 852.014
800 1.47493e-07 0.022 322.596
800 1.47493e-07 0.0225 628.671
800 1.47493e-07 0.023 518.5
800 1.47493e-07 0.0235 826.013
800 1.47493e-07 0.024 565.665
800 1.47493e-07 0.0245 1416.8
800 1.47493e-07 0.025 1314.75
800 1.47493e-07 0.0255 1447.93
800 1.47493e-07 0.026 1879.59
800 1.47493e-07 0.0265 1521.24
800 1.47493e-07 0.027 1202.51
800 1.47493e-07 0.0275 1794.5
800 1.47493e-07 0.028 1302.46
800 1.47493e-07 0.0285 1564.17
800 1.47493e-07 0.029 2356.03
800 1.47493e-07 0.0295 1402.14
800 1.47493e-07 0.03 1815.92
800 1.47493e-07 0.0305 2570.87
800 1.47493e-07 0.031 3592.47
800 1.47493e-07 0.0315 3665.41
800 1.47493e-07 0.032 2861.4
800 1.47493e-07 0.0325 2845.31
800 1.47493e-07 0.033 3603.74
800 1.47493e-07 0.0335 3397.07
800 1.47493e-07 0.034 3338.47
800 1.47493e-07 0.0345 3452.47
800 1.47493e-07 0.035 3294.83
800 1.47493e-07 0.0355 3547.38
800 1.47493e-07 0.036 3822.77
800 1.47493e-07 0.0365 3151.5
800 1.47493e-07 0.037 3280.64
800 1.47493e-07 0.0375 2925.93
800 1.47493e-07 0.038 3366.12
800 1.47493e-07 0.0385 3345.72
800 1.47493e-07 0.039 3934.66
800 1.47493e-07 0.0395 2822.06
800 1.47493e-07 0.04 3119.61
800 1.47493e-07 0.0405 3002.22
800 1.47493e-07 0.041 3699.09
800 1.47493e-07 0.0415 3811.53
800 1.47493e-07 0.042 2188.32
800 1.47493e-07 0.0425 2301.16
800 1.47493e-07 0.043 2694.82
800 1.47493e-07 0.0435 3097.83
800 1.47493e-07 0.044 2921.56
800 1.47493e-07 0.0445 2551.2
800 1.47493e-07 0.045 2235.67
800 1.47493e-07 0.0455 1828.19
800 1.47493e-07 0.046 2052.72
800 1.47493e-07 0.0465 2371.73
800 1.47493e-07 0.047 2223.51
800 1.47493e-07 0.0475 1735.07
800 1.47493e-07 0.048 1312.35
800 1.47493e-07 0.0485 2128.42
800 1.47493e-07 0.049 2395.97
800 1.47493e-07 0.0495 1723.76
800 1.47493e-07 0.05 1655.05
800 1.47493e-07 0.0505 1713.19
800 1.47493e-07 0.051 1899.14
800 1.47493e-07 0.0515 1331.91
800 1.47493e-07 0.052 2504.01
800 1.47493e-07 0.0525 1970.13
800 1.47493e-07 0.053 1517.15
800 1.47493e-07 0.0535 830.39
800 1.47493e-07 0.054 100.992
800 1.47493e-07 0.0545 811.728
800 1.47493e-07 0.055 670.984
800 1.47493e-07 0.0555 -171.566
800 1.47493e-07 0.056 -760.141
800 1.47493e-07 0.0565 -748.617
800 1.47493e-07 0.057 -1268.44
800 1.47493e-07 0.0575 -1321.24
800 1.47493e-07 0.058 -640.027
800 1.47493e-07 0.0585 -453.538
800 1.47493e-07 0.059 -165.634
800 1.47493e-07 0.0595 -507.657
800 1.47493e-07 0.06 -246.416
800 1.47493e-07 0.0605 -612.504
800 1.47493e-07 0.061 -1356.89
800 1.47493e-07 0.0615 -763.517
800 1.47493e-07 0.062 -578.821
800 1.47493e-07 0.0625 -677.796
800 1.47493e-07 0.063 -626.258
800 1.47493e-07 0.0635 -519.617
800 1.47493e-07 0.064 -722.39
800 1.47493e-07 0.0645 -678.482
800 1.47493e-07 0.065 -429.752
800 1.47493e-07 0.0655 -72.6509
800 1.47493e-07 0.066 -650.052
800 1.47493e-07 0.0665 -1757.38
800 1.47493e-07 0.067 -744.227
800 1.47493e-07 0.0675 -376.032
800 1.47493e-07 0.068 -671.989
800 1.47493e-07 0.0685 -1799.57
800 1.47493e-07 0.069 -1387.08
800 1.47493e-07 0.0695 -909.375
800 1.47493e-07 0.07 7.43964
800 1.47493e-07 0.0705 -190.724
800 1.47493e-07 0.071 -618.581
800 1.47493e-07 0.0715 -1058.06
800 1.47493e-07 0.072 -1343.47
800 1.47493e-07 0.0725 -911.054
800 1.47493e-07 0.073 -257.803
800 1.47493e-07 0.0735 343.279
800 1.47493e-07 0.074 290.117
800 1.47493e-07 0.0745 456.031
800 1.47493e-07 0.075 -764.892
800 1.47493e-07 0.0755 -179.259
800 1.47493e-07 0.076 506.478
800 1.47493e-07 0.0765 364.292
800 1.47493e-07 0.077 695.526
800 1.47493e-07 0.0775 1107.49
800 1.47493e-07 0.078 184.816
800 1.47493e-07 0.0785 941.486
800 1.47493e-07 0.079 1628
800 1.47493e-07 0.0795 2186.78
800 1.47493e-07 0.08 2722.68
800 1.47493e-07 0.0805 3398.78
800 1.47493e-07 0.081 5355.44
800 1.47493e-07 0.0815 8485.21
800 1.47493e-07 0.082 12313.3
800 1.47493e-07 0.0825 16068.4
800 1.47493e-07 0.083 20073.7
800 1.47493e-07 0.0835 24533.9
800 1.47493e-07 0.084 28274.8
800 1.47493e-07 0.0845 31863.9
800 1.47493e-07 0.085 35959.5
800 1.47493e-07 0.0855 0
800 1.47493e-07 0.086 0
800 1.47493e-07 0.0865 0
800 1.47493e-07 0.087 0
800 1.47493e-07 0.0875 0
800 1.47493e-07 0.088 0
800 1.47493e-07 0.0885 0
800 1.47493e-07 0.089 0
800 1.47493e-07 0.0895 0
800 1.47493e-07 0.09 0
800 1.47493e-07 0.0905 0
800 1.47493e-07 0.091 0
800 1.47493e-07 0.0915 0
800 1.47493e-07 0.092 0
800 1.47493e-07 0.0925 0
800 1.47493e-07 0.093 0
800 1.47493e-07 0.0935 0
800 1.47493e-07 0.094 0
800 1.47493e-07 0.0945 0
800 1.47493e-07 0.095 0
1000 1.84366e-07 0 0
1000 1.84366e-07 0.0005 0
1000 1.84366e-07 0.001 0
1000 1.84366e-07 0.0015 0
1000 1.84366e-07 0.002 0
1000 1.84366e-07 0.0025 0
1000 1.84366e-07 0.003 0
1000 1.84366e-07 0.0035 0
1000 1.84366e-07 0.004 0
1000 1.84366e-07 0.0045 0
1000 1.84366e-07 0.005 0
1000 1.84366e-07 0.0055 0
1000 1.84366e-07 0.006 0
1000 1.84366e-07 0.0065 0
1000 1.84366e-07 0.007 0
1000 1.84366e-07 0.0075 0
1000 1.84366e-07 0.008 0
1000 1.84366e-07 0.0085 0
1000 1.84366e-07 0.009 0
1000 1.84366e-07 0.0095 0
1000 1.84366e-07 0.01 -18508.8
1000 1.84366e-07 0.0105 -15237.6
1000 1.84366e-07 0.011 -11707.3
1000 1.84366e-07 0.0115 -8238.25
1000 1.84366e-07 0.012 -5540.91
1000 1.84366e-07 0.0125 -3648.88
1000 1.84366e-07 0.013 -2600.19
1000 1.84366e-07 0.0135 -2144.75
1000 1.84366e-07 0.014 -1822.55
1000 1.84366e-07 0.0145 -1500.81
1000 1.84366e-07 0.015 -1211.08
1000 1.84366e-07 0.0155 -1264.04
1000 1.84366e-07 0.016 -1084.21
1000 1.84366e-07 0.0165 -1072.59
1000 1.84366e-07 0.017 -1374.52
1000 1.84366e-07 0.0175 -1237.62
1000 1.84366e-07 0.018 -976.546
1000 1.84366e-07 0.0185 -1241.33
1000 1.84366e-07 0.019 -364.233
1000 1.84366e-07 0.0195 -1068.61
1000 1.84366e-07 0.02 -1307.8
1000 1.84366e-07 0.0205 -1779.17
1000 1.84366e-07 0.021 -643.736
1000 1.84366e-07 0.0215 -16.5636
1000 1.84366e-07 0.022 -149.773
1000 1.84366e-07 0.0225 -876.44
1000 1.84366e-07 0.023 -699.828
1000 1.84366e-07 0.0235 -864.759
1000 1.84366e-07 0.024 -802.352
1000 1.84366e-07 0.0245 71.9134
1000 1.84366e-07 0.025 65.8366
1000 1.84366e-07 0.0255 350.17
1000 1.84366e-07 0.026 129.192
1000 1.84366e-07 0.0265 -424.444
1000 1.84366e-07 0.027 -1082
1000 1.84366e-07 0.0275 -1049.91
1000 1.84366e-07 0.028 -1573.09
1000 1.84366e-07 0.0285 -1933.91
1000 1.84366e-07 0.029 -1076.93
1000 1.84366e-07 0.0295 -1510.33
1000 1.84366e-07 0.03 -1165.12
1000 1.84366e-07 0.0305 -846.736
1000 1.84366e-07 0.031 -1099.98
1000 1.84366e-07 0.0315 -1192.46
1000 1.84366e-07 0.032 -1256.14
1000 1.84366e-07 0.0325 -1088.09
1000 1.84366e-07 0.033 -687.119
1000 1.84366e-07 0.0335 -1300.1
1000 1.84366e-07 0.034 -1493.39
1000 1.84366e-07 0.0345 -1915.55
1000 1.84366e-07 0.035 -1334.07
1000 1.84366e-07 0.0355 -1064.71
1000 1.84366e-07 0.036 -229.746
1000 1.84366e-07 0.0365 -236.037
1000 1.84366e-07 0.037 -429.605
1000 1.84366e-07 0.0375 -1058.15
1000 1.84366e-07 0.038 -468.379
1000 1.84366e-07 0.0385 -333.872
1000 1.84366e-07 0.039 158.399
1000 1.84366e-07 0.0395 -307.259
1000 1.84366e-07 0.04 -799.395
1000 1.84366e-07 0.0405 -1540.27
1000 1.84366e-07 0.041 -1056.76
1000 1.84366e-07 0.0415 -141.458
1000 1.84366e-07 0.042 -308.799
1000 1.84366e-07 0.0425 -395.77
1000 1.84366e-07 0.043 -252.381
1000 1.84366e-07 0.0435 -505.064
1000 1.84366e-07 0.044 -659.649
1000 1.84366e-07 0.0445 -351.065
1000 1.84366e-07 0.045 -1198.89
1000 1.84366e-07 0.0455 -439.8
1000 1.84366e-07 0.046 602.365
1000 1.84366e-07 0.0465 388.751
1000 1.84366e-07 0.047 -219.359
1000 1.84366e-07 0.0475 -843.484
1000 1.84366e-07 0.048 -1218.35
1000 1.84366e-07 0.0485 -833.123
1000 1.84366e-07 0.049 -761.639
1000 1.84366e-07 0.0495 -260.197
1000 1.84366e-07 0.05 195.257
1000 1.84366e-07 0.0505 140.887
1000 1.84366e-07 0.051 329.866
1000 1.84366e-07 0.0515 284.943
1000 1.84366e-07 0.052 214.611
1000 1.84366e-07 0.0525 37.9018
1000 1.84366e-07 0.053 -0.959933
1000 1.84366e-07 0.0535 -263.296
1000 1.84366e-07 0.054 -68.4612
1000 1.84366e-07 0.0545 296.04
1000 1.84366e-07 0.055 -318.901
1000 1.84366e-07 0.0555 -892.783
1000 1.84366e-07 0.056 -233.346
1000 1.84366e-07 0.0565 118.046
1000 1.84366e-07 0.057 -113.966
1000 1.84366e-07 0.0575 -855.636
1000 1.84366e-07 0.058 -944.735
1000 1.84366e-07 0.0585 -8.10669
1000 1.84366e-07 0.059 249.612
1000 1.84366e-07 0.0595 301.602
1000 1.84366e-07 0.06 -750.217
1000 1.84366e-07 0.0605 -1185.74
1000 1.84366e-07 0.061 -1502.94
1000 1.84366e-07 0.0615 -1246.32
1000 1.84366e-07 0.062 -1182.67
1000 1.84366e-07 0.0625 -855.751
1000 1.84366e-07 0.063 -347.039
1000 1.84366e-07 0.0635 -786.544
1000 1.84366e-07 0.064 -483.203
1000 1.84366e-07 0.0645 -515.792
1000 1.84366e-07 0.065 -410.05
1000 1.84366e-07 0.0655 -170.898
1000 1.84366e-07 0.066 -211.151
1000 1.84366e-07 0.0665 308.941
1000 1.84366e-07 0.067 -616.883
1000 1.84366e-07 0.0675 -467.346
1000 1.84366e-07 0.068 -797.766
1000 1.84366e-07 0.0685 -1010.04
1000 1.84366e-07 0.069 -1183.28
1000 1.84366e-07 0.0695 -1060.59
1000 1.84366e-07 0.07 -354.813
1000 1.84366e-07 0.0705 -744.986
1000 1.84366e-07 0.071 -584.843
1000 1.84366e-07 0.0715 -933.307
1000 1.84366e-07 0.072 -1368.83
1000 1.84366e-07 0.0725 -1061.88
1000 1.84366e-07 0.073 -456.427
1000 1.84366e-07 0.0735 -310.802
1000 1.84366e-07 0.074 -820.52
1000 1.84366e-07 0.0745 -998.898
1000 1.84366e-07 0.075 -640.998
1000 1.84366e-07 0.0755 -311.937
1000 1.84366e-07 0.076 -787.669
1000 1.84366e-07 0.0765 -912.928
1000 1.84366e-07 0.077 -517.601
1000 1.84366e-07 0.0775 80.2471
1000 1.84366e-07 0.078 434.249
1000 1.84366e-07 0.0785 1102.86
1000 1.84366e-07 0.079 3019.4
1000 1.84366e-07 0.0795 6244.17
1000 1.84366e-07 0.08 10303.1
1000 1.84366e-07 0.0805 14402.8
1000 1.84366e-07 0.081 18635.7
1000 1.84366e-07 0.0815 22584.6
1000 1.84366e-07 0.082 26249.8
1000 1.84366e-07 0.0825 30707.7
1000 1.84366e-07 0.083 33938.6
1000 1.84366e-07 0.0835 38001.2
1000 1.84366e-07 0.084 41802.5
1000 1.84366e-07 0.0845 45123.9
1000 1.84366e-07 0.085 48625.6
1000 1.84366e-07 0.0855 0
1000 1.84366e-07 0.086 0
1000 1.84366e-07 0.0865 0
1000 1.84366e-07 0.087 0
1000 1.84366e-07 0.0875 0
1000 1.84366e-07 0.088 0
1000 1.84366e-07 0.0885 0
1000 1.84366e-07 0.089 0
1000 1.84366e-07 0.0895 0
1000 1.84366e-07 0.09 0
1000 1.84366e-07 0.0905 0
1000 1.84366e-07 0.091 0
1000 1.84366e-07 0.0915 0
1000 1.84366e-07 0.092 0
1000 1.84366e-07 0.0925 0
1000 1.84366e-07 0.093 0
1000 1.84366e-07 0.0935 0
1000 1.84366e-07 0.094 0
1000 1.84366e-07 0.0945 0
1000 1.84366e-07 0.095 0
