Iteration / Time / Cell x / Charge Density / Electric Potential / Neutral Density / Excited Density / Ion Density / Electron Density
0 0 0.00025 0 0 0 0 0 0
0 0 0.00075 0 0 0 0 0 0
0 0 0.00125 0 0 0 0 0 0
0 0 0.00175 0 0 0 0 0 0
0 0 0.00225 0 0 0 0 0 0
0 0 0.00275 0 0 0 0 0 0
0 0 0.00325 0 0 0 0 0 0
0 0 0.00375 0 0 0 0 0 0
0 0 0.00425 0 0 0 0 0 0
0 0 0.00475 0 0 0 0 0 0
0 0 0.00525 0 0 0 0 0 0
0 0 0.00575 0 0 0 0 0 0
0 0 0.00625 0 0 0 0 0 0
0 0 0.00675 0 0 0 0 0 0
0 0 0.00725 0 0 0 0 0 0
0 0 0.00775 0 0 0 0 0 0
0 0 0.00825 0 0 0 0 0 0
0 0 0.00875 0 0 0 0 0 0
0 0 0.00925 0 0 0 0 0 0
0 0 0.00975 0 0 0 0 0 0
0 0 0.01025 -1.24162e-06 -0.0650201 7.24071e+19 3.62036e+15 5.4088e+14 5.48631e+14
0 0 0.01075 5.03286e-07 -0.160002 7.24071e+19 3.62036e+15 5.45718e+14 5.42576e+14
0 0 0.01125 -4.7614e-07 -0.269195 7.24071e+19 3.62036e+15 5.46036e+14 5.49008e+14
0 0 0.01175 -2.47994e-06 -0.364944 7.24071e+19 3.62036e+15 5.42717e+14 5.58197e+14
0 0 0.01225 -9.30442e-07 -0.390669 7.24071e+19 3.62036e+15 5.40699e+14 5.46507e+14
0 0 0.01275 4.04564e-07 -0.390123 7.24071e+19 3.62036e+15 5.44658e+14 5.42133e+14
0 0 0.01325 -1.55182e-06 -0.401 7.24071e+19 3.62036e+15 5.35785e+14 5.45471e+14
0 0 0.01375 -5.39885e-07 -0.368059 7.24071e+19 3.62036e+15 5.5434e+14 5.5771e+14
0 0 0.01425 -5.16216e-07 -0.319875 7.24071e+19 3.62036e+15 5.48629e+14 5.51851e+14
0 0 0.01475 -1.43944e-06 -0.257115 7.24071e+19 3.62036e+15 5.39185e+14 5.4817e+14
0 0 0.01525 -1.02161e-06 -0.153711 7.24071e+19 3.62036e+15 5.43163e+14 5.4954e+14
0 0 0.01575 -1.46912e-06 -0.0214616 7.24071e+19 3.62036e+15 5.39974e+14 5.49145e+14
0 0 0.01625 -1.69216e-06 0.15227 7.24071e+19 3.62036e+15 5.41905e+14 5.52468e+14
0 0 0.01675 -8.83187e-07 0.373781 7.24071e+19 3.62036e+15 5.36769e+14 5.42283e+14
0 0 0.01725 -1.45963e-06 0.62023 7.24071e+19 3.62036e+15 5.44935e+14 5.54046e+14
0 0 0.01775 2.7444e-08 0.907892 7.24071e+19 3.62036e+15 5.475e+14 5.47329e+14
0 0 0.01825 2.19696e-06 1.19478 7.24071e+19 3.62036e+15 5.44559e+14 5.30845e+14
0 0 0.01875 2.03169e-06 1.41963 7.24071e+19 3.62036e+15 5.41902e+14 5.2922e+14
0 0 0.01925 1.41627e-06 1.58712 7.24071e+19 3.62036e+15 5.43341e+14 5.34501e+14
0 0 0.01975 -2.36129e-06 1.71462 7.24071e+19 3.62036e+15 5.32361e+14 5.47101e+14
0 0 0.02025 4.20784e-07 1.90879 7.24071e+19 3.62036e+15 5.42212e+14 5.39585e+14
0 0 0.02075 1.63761e-07 2.09108 7.24071e+19 3.62036e+15 5.45105e+14 5.44083e+14
0 0 0.02125 -5.66027e-07 2.26875 7.24071e+19 3.62036e+15 5.40005e+14 5.43538e+14
0 0 0.02175 -7.21403e-09 2.4624 7.24071e+19 3.62036e+15 5.34904e+14 5.34949e+14
0 0 0.02225 -8.41675e-07 2.65625 7.24071e+19 3.62036e+15 5.35675e+14 5.40929e+14
0 0 0.02275 -1.05358e-06 2.87387 7.24071e+19 3.62036e+15 5.37724e+14 5.443e+14
0 0 0.02325 -1.26081e-06 3.12123 7.24071e+19 3.62036e+15 5.38354e+14 5.46224e+14
0 0 0.02375 7.16745e-07 3.4042 7.24071e+19 3.62036e+15 5.54822e+14 5.50347e+14
0 0 0.02425 2.06722e-08 3.66693 7.24071e+19 3.62036e+15 5.38452e+14 5.38323e+14
0 0 0.02475 4.55457e-07 3.92907 7.24071e+19 3.62036e+15 5.48026e+14 5.45183e+14
0 0 0.02525 -4.79761e-07 4.17836 7.24071e+19 3.62036e+15 5.44821e+14 5.47815e+14
0 0 0.02575 -4.39347e-07 4.44119 7.24071e+19 3.62036e+15 5.49571e+14 5.52313e+14
0 0 0.02625 1.09715e-06 4.71643 7.24071e+19 3.62036e+15 5.50588e+14 5.43739e+14
0 0 0.02675 -1.57409e-07 4.96068 7.24071e+19 3.62036e+15 5.38999e+14 5.39982e+14
0 0 0.02725 1.65143e-07 5.20938 7.24071e+19 3.62036e+15 5.40979e+14 5.39948e+14
0 0 0.02775 1.33349e-06 5.45342 7.24071e+19 3.62036e+15 5.44942e+14 5.36619e+14
0 0 0.02825 3.16065e-06 5.65981 7.24071e+19 3.62036e+15 5.51851e+14 5.32122e+14
0 0 0.02875 2.49402e-06 5.77695 7.24071e+19 3.62036e+15 5.52365e+14 5.36797e+14
0 0 0.02925 1.98641e-06 5.82368 7.24071e+19 3.62036e+15 5.47715e+14 5.35315e+14
0 0 0.02975 -1.20509e-07 5.81431 7.24071e+19 3.62036e+15 5.42825e+14 5.43577e+14
0 0 0.03025 7.74829e-07 5.80835 7.24071e+19 3.62036e+15 5.41149e+14 5.36313e+14
0 0 0.03075 1.9568e-06 5.78051 7.24071e+19 3.62036e+15 5.47422e+14 5.35207e+14
0 0 0.03125 -2.68624e-07 5.69742 7.24071e+19 3.62036e+15 5.42031e+14 5.43707e+14
0 0 0.03175 3.01824e-07 5.62191 7.24071e+19 3.62036e+15 5.47533e+14 5.45649e+14
0 0 0.03225 8.31419e-07 5.53788 7.24071e+19 3.62036e+15 5.51689e+14 5.465e+14
0 0 0.03275 -1.5518e-06 5.43037 7.24071e+19 3.62036e+15 5.42176e+14 5.51863e+14
0 0 0.03325 -1.60448e-07 5.36668 7.24071e+19 3.62036e+15 5.44176e+14 5.45178e+14
0 0 0.03375 2.29828e-06 5.30752 7.24071e+19 3.62036e+15 5.48279e+14 5.33932e+14
0 0 0.03425 1.87029e-07 5.18347 7.24071e+19 3.62036e+15 5.41119e+14 5.39951e+14
0 0 0.03475 -7.87188e-07 5.05414 7.24071e+19 3.62036e+15 5.43362e+14 5.48275e+14
0 0 0.03525 8.50164e-07 4.94703 7.24071e+19 3.62036e+15 5.48164e+14 5.42857e+14
0 0 0.03575 -7.39164e-08 4.81592 7.24071e+19 3.62036e+15 5.45684e+14 5.46145e+14
0 0 0.03625 1.45179e-06 4.68689 7.24071e+19 3.62036e+15 5.46359e+14 5.37296e+14
0 0 0.03675 1.9485e-07 4.51688 7.24071e+19 3.62036e+15 5.41452e+14 5.40236e+14
0 0 0.03725 -3.27617e-07 4.34136 7.24071e+19 3.62036e+15 5.40991e+14 5.43036e+14
0 0 0.03775 1.20952e-06 4.17509 7.24071e+19 3.62036e+15 5.41817e+14 5.34267e+14
0 0 0.03825 -9.94622e-07 3.97467 7.24071e+19 3.62036e+15 5.39349e+14 5.45558e+14
0 0 0.03875 -1.61635e-06 3.80233 7.24071e+19 3.62036e+15 5.34224e+14 5.44314e+14
0 0 0.03925 1.20493e-06 3.67563 7.24071e+19 3.62036e+15 5.46884e+14 5.39363e+14
0 0 0.03975 2.21101e-07 3.51491 7.24071e+19 3.62036e+15 5.38531e+14 5.37151e+14
0 0 0.04025 5.16903e-07 3.34795 7.24071e+19 3.62036e+15 5.41779e+14 5.38552e+14
0 0 0.04075 -4.14771e-07 3.16639 7.24071e+19 3.62036e+15 5.47266e+14 5.49855e+14
0 0 0.04125 -2.68087e-06 2.99655 7.24071e+19 3.62036e+15 5.37806e+14 5.54541e+14
0 0 0.04175 -9.23799e-07 2.9024 7.24071e+19 3.62036e+15 5.39125e+14 5.44892e+14
0 0 0.04225 -1.43391e-07 2.83433 7.24071e+19 3.62036e+15 5.40094e+14 5.40989e+14
0 0 0.04275 -5.94244e-07 2.77031 7.24071e+19 3.62036e+15 5.41068e+14 5.44777e+14
0 0 0.04325 1.68522e-06 2.72308 7.24071e+19 3.62036e+15 5.51187e+14 5.40667e+14
0 0 0.04375 1.10775e-06 2.62826 7.24071e+19 3.62036e+15 5.49193e+14 5.42278e+14
0 0 0.04425 -1.20847e-06 2.50216 7.24071e+19 3.62036e+15 5.42439e+14 5.49982e+14
0 0 0.04475 -6.1229e-07 2.41018 7.24071e+19 3.62036e+15 5.39769e+14 5.43591e+14
0 0 0.04525 2.50233e-07 2.33549 7.24071e+19 3.62036e+15 5.44241e+14 5.42679e+14
0 0 0.04575 4.45246e-07 2.25373 7.24071e+19 3.62036e+15 5.40277e+14 5.37498e+14
0 0 0.04625 4.73364e-07 2.15941 7.24071e+19 3.62036e+15 5.48961e+14 5.46006e+14
0 0 0.04675 -2.69914e-06 2.05171 7.24071e+19 3.62036e+15 5.36827e+14 5.53676e+14
0 0 0.04725 -3.2415e-07 2.02023 7.24071e+19 3.62036e+15 5.42107e+14 5.44131e+14
0 0 0.04775 6.07307e-07 1.99791 7.24071e+19 3.62036e+15 5.43182e+14 5.39391e+14
0 0 0.04825 -4.5482e-07 1.95843 7.24071e+19 3.62036e+15 5.45275e+14 5.48114e+14
0 0 0.04875 8.67276e-07 1.9318 7.24071e+19 3.62036e+15 5.40641e+14 5.35227e+14
0 0 0.04925 7.94126e-07 1.88068 7.24071e+19 3.62036e+15 5.47957e+14 5.43e+14
0 0 0.04975 -9.23945e-08 1.80713 7.24071e+19 3.62036e+15 5.37699e+14 5.38276e+14
0 0 0.05025 2.5158e-06 1.7362 7.24071e+19 3.62036e+15 5.50123e+14 5.34419e+14
0 0 0.05075 -1.42995e-06 1.59423 7.24071e+19 3.62036e+15 5.46056e+14 5.54982e+14
0 0 0.05125 -1.7857e-08 1.49263 7.24071e+19 3.62036e+15 5.53505e+14 5.53616e+14
0 0 0.05175 -1.35963e-06 1.39154 7.24071e+19 3.62036e+15 5.4881e+14 5.57297e+14
0 0 0.05225 6.38952e-07 1.32884 7.24071e+19 3.62036e+15 5.45732e+14 5.41743e+14
0 0 0.05275 -6.01872e-07 1.2481 7.24071e+19 3.62036e+15 5.393e+14 5.43057e+14
0 0 0.05325 -5.91775e-07 1.18435 7.24071e+19 3.62036e+15 5.43345e+14 5.47039e+14
0 0 0.05375 -1.39421e-06 1.13731 7.24071e+19 3.62036e+15 5.36693e+14 5.45396e+14
0 0 0.05425 -1.82058e-07 1.12964 7.24071e+19 3.62036e+15 5.35544e+14 5.3668e+14
0 0 0.05475 3.56818e-07 1.12711 7.24071e+19 3.62036e+15 5.42623e+14 5.40396e+14
0 0 0.05525 1.16577e-06 1.1145 7.24071e+19 3.62036e+15 5.39098e+14 5.31821e+14
0 0 0.05575 -1.35997e-07 1.06898 7.24071e+19 3.62036e+15 5.40928e+14 5.41777e+14
0 0 0.05625 -2.61631e-07 1.0273 7.24071e+19 3.62036e+15 5.41365e+14 5.42998e+14
0 0 0.05675 7.8265e-07 0.993 7.24071e+19 3.62036e+15 5.4941e+14 5.44525e+14
0 0 0.05725 -4.06184e-07 0.936605 7.24071e+19 3.62036e+15 5.39427e+14 5.41962e+14
0 0 0.05775 -1.84347e-06 0.89168 7.24071e+19 3.62036e+15 5.35103e+14 5.4661e+14
0 0 0.05825 -2.51034e-06 0.898806 7.24071e+19 3.62036e+15 5.30754e+14 5.46424e+14
0 0 0.05875 -7.01113e-07 0.976814 7.24071e+19 3.62036e+15 5.44771e+14 5.49147e+14
0 0 0.05925 1.70297e-06 1.07462 7.24071e+19 3.62036e+15 5.47521e+14 5.36891e+14
0 0 0.05975 5.08138e-07 1.12434 7.24071e+19 3.62036e+15 5.41865e+14 5.38693e+14
0 0 0.06025 -1.20745e-06 1.15971 7.24071e+19 3.62036e+15 5.38804e+14 5.46341e+14
0 0 0.06075 -1.15256e-06 1.22918 7.24071e+19 3.62036e+15 5.38559e+14 5.45753e+14
0 0 0.06125 -1.25307e-06 1.33118 7.24071e+19 3.62036e+15 5.37434e+14 5.45256e+14
0 0 0.06175 -3.06806e-07 1.46857 7.24071e+19 3.62036e+15 5.40866e+14 5.42781e+14
0 0 0.06225 1.8604e-06 1.61463 7.24071e+19 3.62036e+15 5.45231e+14 5.33618e+14
0 0 0.06275 5.77411e-07 1.70815 7.24071e+19 3.62036e+15 5.43767e+14 5.40163e+14
0 0 0.06325 2.99816e-06 1.78537 7.24071e+19 3.62036e+15 5.45755e+14 5.2704e+14
0 0 0.06375 9.24643e-07 1.77793 7.24071e+19 3.62036e+15 5.40063e+14 5.34291e+14
0 0 0.06425 6.9513e-07 1.74439 7.24071e+19 3.62036e+15 5.4596e+14 5.4162e+14
0 0 0.06475 1.13136e-06 1.69122 7.24071e+19 3.62036e+15 5.4152e+14 5.34458e+14
0 0 0.06525 1.3961e-06 1.6061 7.24071e+19 3.62036e+15 5.46635e+14 5.3792e+14
0 0 0.06575 1.76528e-06 1.48156 7.24071e+19 3.62036e+15 5.42222e+14 5.31203e+14
0 0 0.06625 -1.49445e-06 1.30718 7.24071e+19 3.62036e+15 5.3762e+14 5.46949e+14
0 0 0.06675 -1.12065e-06 1.175 7.24071e+19 3.62036e+15 5.37501e+14 5.44497e+14
0 0 0.06725 -1.83272e-06 1.07446 7.24071e+19 3.62036e+15 5.36635e+14 5.48075e+14
0 0 0.06775 1.14585e-06 1.02567 7.24071e+19 3.62036e+15 5.50972e+14 5.4382e+14
0 0 0.06825 9.78965e-07 0.944519 7.24071e+19 3.62036e+15 5.51074e+14 5.44964e+14
0 0 0.06875 -1.50925e-06 0.83573 7.24071e+19 3.62036e+15 5.35579e+14 5.45e+14
0 0 0.06925 -1.83359e-06 0.769556 7.24071e+19 3.62036e+15 5.31729e+14 5.43175e+14
0 0 0.06975 -1.47559e-06 0.755155 7.24071e+19 3.62036e+15 5.3758e+14 5.4679e+14
0 0 0.07025 -1.00123e-06 0.782419 7.24071e+19 3.62036e+15 5.40505e+14 5.46755e+14
0 0 0.07075 3.37742e-08 0.837953 7.24071e+19 3.62036e+15 5.47143e+14 5.46932e+14
0 0 0.07125 1.25575e-06 0.892533 7.24071e+19 3.62036e+15 5.44195e+14 5.36357e+14
0 0 0.07175 -9.80621e-08 0.911657 7.24071e+19 3.62036e+15 5.41627e+14 5.42239e+14
0 0 0.07225 4.29394e-07 0.933549 7.24071e+19 3.62036e+15 5.4765e+14 5.44969e+14
0 0 0.07275 -1.31851e-07 0.943316 7.24071e+19 3.62036e+15 5.47497e+14 5.4832e+14
0 0 0.07325 8.31812e-07 0.956807 7.24071e+19 3.62036e+15 5.45043e+14 5.39851e+14
0 0 0.07375 -8.19615e-07 0.946811 7.24071e+19 3.62036e+15 5.44474e+14 5.4959e+14
0 0 0.07425 6.66659e-07 0.959957 7.24071e+19 3.62036e+15 5.43041e+14 5.38879e+14
0 0 0.07475 3.76528e-07 0.95428 7.24071e+19 3.62036e+15 5.45576e+14 5.43226e+14
0 0 0.07525 5.92896e-07 0.937971 7.24071e+19 3.62036e+15 5.43622e+14 5.39921e+14
0 0 0.07575 -1.48857e-07 0.904921 7.24071e+19 3.62036e+15 5.41378e+14 5.42308e+14
0 0 0.07625 -1.46328e-06 0.876074 7.24071e+19 3.62036e+15 5.42305e+14 5.51439e+14
0 0 0.07675 1.20633e-06 0.888544 7.24071e+19 3.62036e+15 5.47007e+14 5.39477e+14
0 0 0.07725 9.26451e-07 0.866953 7.24071e+19 3.62036e+15 5.40933e+14 5.3515e+14
0 0 0.07775 8.1933e-07 0.819202 7.24071e+19 3.62036e+15 5.51064e+14 5.45949e+14
0 0 0.07825 -1.93869e-07 0.748317 7.24071e+19 3.62036e+15 5.44223e+14 5.45434e+14
0 0 0.07875 5.85557e-07 0.682906 7.24071e+19 3.62036e+15 5.42468e+14 5.38813e+14
0 0 0.07925 -1.21488e-06 0.600961 7.24071e+19 3.62036e+15 5.35299e+14 5.42882e+14
0 0 0.07975 -1.25941e-06 0.553319 7.24071e+19 3.62036e+15 5.31367e+14 5.39228e+14
0 0 0.08025 -5.03449e-07 0.541238 7.24071e+19 3.62036e+15 5.39097e+14 5.4224e+14
0 0 0.08075 -5.34784e-07 0.543372 7.24071e+19 3.62036e+15 5.41372e+14 5.4471e+14
0 0 0.08125 1.4423e-07 0.560606 7.24071e+19 3.62036e+15 5.40396e+14 5.39496e+14
0 0 0.08175 5.50219e-07 0.573767 7.24071e+19 3.62036e+15 5.4644e+14 5.43005e+14
0 0 0.08225 3.22437e-06 0.571393 7.24071e+19 3.62036e+15 5.5482e+14 5.34693e+14
0 0 0.08275 -6.1039e-07 0.477976 7.24071e+19 3.62036e+15 5.42769e+14 5.46579e+14
0 0 0.08325 5.15763e-07 0.401793 7.24071e+19 3.62036e+15 5.45069e+14 5.4185e+14
0 0 0.08375 1.408e-06 0.311048 7.24071e+19 3.62036e+15 5.4683e+14 5.38041e+14
0 0 0.08425 -5.30361e-07 0.180546 7.24071e+19 3.62036e+15 5.47247e+14 5.50558e+14
0 0 0.08475 5.14024e-07 0.0650201 7.24071e+19 3.62036e+15 5.45811e+14 5.42602e+14
0 0 0.08525 0 0 0 0 0 0
0 0 0.08575 0 0 0 0 0 0
0 0 0.08625 0 0 0 0 0 0
0 0 0.08675 0 0 0 0 0 0
0 0 0.08725 0 0 0 0 0 0
0 0 0.08775 0 0 0 0 0 0
0 0 0.08825 0 0 0 0 0 0
0 0 0.08875 0 0 0 0 0 0
0 0 0.08925 0 0 0 0 0 0
0 0 0.08975 0 0 0 0 0 0
0 0 0.09025 0 0 0 0 0 0
0 0 0.09075 0 0 0 0 0 0
0 0 0.09125 0 0 0 0 0 0
0 0 0.09175 0 0 0 0 0 0
0 0 0.09225 0 0 0 0 0 0
0 0 0.09275 0 0 0 0 0 0
0 0 0.09325 0 0 0 0 0 0
0 0 0.09375 0 0 0 0 0 0
0 0 0.09425 0 0 0 0 0 0
0 0 0.09475 0 0 0 0 0 0
