Iteration / Time / Cell x / Charge Density / Electric Potential / Neutral Density / Excited Density / Ion Density / Electron Density
0 0 0.00025 0 0 0 0 0 0
0 0 0.00075 0 0 0 0 0 0
0 0 0.00125 0 0 0 0 0 0
0 0 0.00175 0 0 0 0 0 0
0 0 0.00225 0 0 0 0 0 0
0 0 0.00275 0 0 0 0 0 0
0 0 0.00325 0 0 0 0 0 0
0 0 0.00375 0 0 0 0 0 0
0 0 0.00425 0 0 0 0 0 0
0 0 0.00475 0 0 0 0 0 0
0 0 0.00525 0 0 0 0 0 0
0 0 0.00575 0 0 0 0 0 0
0 0 0.00625 0 0 0 0 0 0
0 0 0.00675 0 0 0 0 0 0
0 0 0.00725 0 0 0 0 0 0
0 0 0.00775 0 0 0 0 0 0
0 0 0.00825 0 0 0 0 0 0
0 0 0.00875 0 0 0 0 0 0
0 0 0.00925 0 0 0 0 0 0
0 0 0.00975 0 0 0 0 0 0
0 0 0.01025 -4.21953e-06 -0.295473 7.24071e+19 3.62036e+15 5.16102e+14 5.42441e+14
0 0 0.01075 -7.96372e-06 -0.767277 7.24071e+19 3.62036e+15 4.88588e+14 5.38299e+14
0 0 0.01125 -4.58119e-06 -1.01422 7.24071e+19 3.62036e+15 5.54891e+14 5.83487e+14
0 0 0.01175 -1.0706e-05 -1.13181 7.24071e+19 3.62036e+15 4.95508e+14 5.62337e+14
0 0 0.01225 -2.60258e-05 -0.947103 7.24071e+19 3.62036e+15 4.97739e+14 6.60197e+14
0 0 0.01275 -1.59846e-05 -0.0275398 7.24071e+19 3.62036e+15 5.07095e+14 6.06874e+14
0 0 0.01325 -3.01527e-06 1.34336 7.24071e+19 3.62036e+15 5.48444e+14 5.67266e+14
0 0 0.01375 1.08507e-05 2.7994 7.24071e+19 3.62036e+15 5.3933e+14 4.71598e+14
0 0 0.01425 5.76816e-06 3.94907 7.24071e+19 3.62036e+15 5.58997e+14 5.22991e+14
0 0 0.01475 -2.12071e-06 4.93586 7.24071e+19 3.62036e+15 5.52693e+14 5.65931e+14
0 0 0.01525 -1.88034e-05 5.98254 7.24071e+19 3.62036e+15 4.61171e+14 5.78545e+14
0 0 0.01575 7.2166e-06 7.56014 7.24071e+19 3.62036e+15 5.4825e+14 5.03203e+14
0 0 0.01625 7.1164e-06 8.93398 7.24071e+19 3.62036e+15 5.05284e+14 4.60862e+14
0 0 0.01675 -1.51679e-05 10.1069 7.24071e+19 3.62036e+15 4.62953e+14 5.57634e+14
0 0 0.01725 -2.43221e-06 11.7081 7.24071e+19 3.62036e+15 5.83743e+14 5.98925e+14
0 0 0.01775 3.34519e-06 13.3779 7.24071e+19 3.62036e+15 5.76336e+14 5.55454e+14
0 0 0.01825 -1.42542e-05 14.9533 7.24071e+19 3.62036e+15 5.24912e+14 6.13889e+14
0 0 0.01875 4.38376e-06 16.9312 7.24071e+19 3.62036e+15 6.47909e+14 6.20545e+14
0 0 0.01925 -1.03611e-05 18.7853 7.24071e+19 3.62036e+15 4.9915e+14 5.63825e+14
0 0 0.01975 1.2798e-05 20.9319 7.24071e+19 3.62036e+15 5.74796e+14 4.94909e+14
0 0 0.02025 8.23666e-06 22.7172 7.24071e+19 3.62036e+15 5.81476e+14 5.30061e+14
0 0 0.02075 9.50019e-06 24.27 7.24071e+19 3.62036e+15 6.68922e+14 6.0962e+14
0 0 0.02125 2.794e-05 25.5544 7.24071e+19 3.62036e+15 6.9559e+14 5.21183e+14
0 0 0.02175 1.71651e-06 26.05 7.24071e+19 3.62036e+15 5.76902e+14 5.66187e+14
0 0 0.02225 3.96196e-06 26.4971 7.24071e+19 3.62036e+15 5.38366e+14 5.13634e+14
0 0 0.02275 6.65223e-06 26.8323 7.24071e+19 3.62036e+15 6.0394e+14 5.62415e+14
0 0 0.02325 1.6862e-06 26.9797 7.24071e+19 3.62036e+15 5.98688e+14 5.88162e+14
0 0 0.02375 7.12153e-06 27.0795 7.24071e+19 3.62036e+15 5.93503e+14 5.49049e+14
0 0 0.02425 1.96377e-05 26.9782 7.24071e+19 3.62036e+15 6.47836e+14 5.25253e+14
0 0 0.02475 2.19126e-05 26.3224 7.24071e+19 3.62036e+15 6.15869e+14 4.79086e+14
0 0 0.02525 3.44671e-05 25.0479 7.24071e+19 3.62036e+15 6.69561e+14 4.5441e+14
0 0 0.02575 3.02048e-05 22.8002 7.24071e+19 3.62036e+15 6.68341e+14 4.79796e+14
0 0 0.02625 9.50538e-06 19.6997 7.24071e+19 3.62036e+15 5.58111e+14 4.98777e+14
0 0 0.02675 -2.12294e-06 16.3307 7.24071e+19 3.62036e+15 5.03089e+14 5.16341e+14
0 0 0.02725 4.23673e-06 13.0217 7.24071e+19 3.62036e+15 4.98068e+14 4.71622e+14
0 0 0.02775 -5.55842e-06 9.59304 7.24071e+19 3.62036e+15 4.49322e+14 4.84019e+14
0 0 0.02825 -1.41487e-05 6.32134 7.24071e+19 3.62036e+15 4.69594e+14 5.57913e+14
0 0 0.02875 -3.42681e-06 3.44914 7.24071e+19 3.62036e+15 5.2574e+14 5.47131e+14
0 0 0.02925 -2.14768e-05 0.673706 7.24071e+19 3.62036e+15 4.04649e+14 5.38712e+14
0 0 0.02975 9.46032e-06 -1.49532 7.24071e+19 3.62036e+15 5.63796e+14 5.04743e+14
0 0 0.03025 3.93963e-06 -3.93146 7.24071e+19 3.62036e+15 5.91471e+14 5.66879e+14
0 0 0.03075 1.48989e-05 -6.47884 7.24071e+19 3.62036e+15 5.90778e+14 4.97776e+14
0 0 0.03125 1.65566e-05 -9.4469 7.24071e+19 3.62036e+15 6.20352e+14 5.17003e+14
0 0 0.03175 1.39108e-05 -12.8825 7.24071e+19 3.62036e+15 5.82655e+14 4.95821e+14
0 0 0.03225 -7.39302e-06 -16.7108 7.24071e+19 3.62036e+15 5.72361e+14 6.18509e+14
0 0 0.03275 -7.20522e-06 -20.3304 7.24071e+19 3.62036e+15 5.51726e+14 5.96702e+14
0 0 0.03325 1.70313e-05 -23.7465 7.24071e+19 3.62036e+15 5.45947e+14 4.39635e+14
0 0 0.03375 -3.16883e-06 -27.6435 7.24071e+19 3.62036e+15 4.53537e+14 4.73317e+14
0 0 0.03425 -2.00706e-07 -31.4511 7.24071e+19 3.62036e+15 4.75478e+14 4.76731e+14
0 0 0.03475 -7.98827e-07 -35.253 7.24071e+19 3.62036e+15 5.4576e+14 5.50746e+14
0 0 0.03525 -8.7602e-06 -39.0323 7.24071e+19 3.62036e+15 5.42536e+14 5.97219e+14
0 0 0.03575 2.48927e-06 -42.5643 7.24071e+19 3.62036e+15 6.67373e+14 6.51835e+14
0 0 0.03625 -7.5125e-06 -46.1666 7.24071e+19 3.62036e+15 5.1075e+14 5.57645e+14
0 0 0.03675 -1.17489e-05 -49.5567 7.24071e+19 3.62036e+15 5.03573e+14 5.76912e+14
0 0 0.03725 -3.36633e-05 -52.6152 7.24071e+19 3.62036e+15 3.98097e+14 6.0823e+14
0 0 0.03775 1.669e-05 -54.723 7.24071e+19 3.62036e+15 5.11601e+14 4.07418e+14
0 0 0.03825 -6.74452e-07 -57.3022 7.24071e+19 3.62036e+15 5.30334e+14 5.34544e+14
0 0 0.03875 -5.08587e-08 -59.8623 7.24071e+19 3.62036e+15 6.19764e+14 6.20081e+14
0 0 0.03925 -1.12909e-05 -62.421 7.24071e+19 3.62036e+15 4.78564e+14 5.49044e+14
0 0 0.03975 6.92811e-06 -64.6609 7.24071e+19 3.62036e+15 5.4379e+14 5.00543e+14
0 0 0.04025 -1.0384e-05 -67.0963 7.24071e+19 3.62036e+15 4.88575e+14 5.53393e+14
0 0 0.04075 8.95599e-06 -69.2386 7.24071e+19 3.62036e+15 5.33462e+14 4.77557e+14
0 0 0.04125 1.71696e-05 -71.6338 7.24071e+19 3.62036e+15 5.86481e+14 4.79304e+14
0 0 0.04175 5.8686e-06 -74.5138 7.24071e+19 3.62036e+15 5.50379e+14 5.13746e+14
0 0 0.04225 -5.1552e-06 -77.5594 7.24071e+19 3.62036e+15 5.28175e+14 5.60355e+14
0 0 0.04275 -1.33128e-05 -80.4596 7.24071e+19 3.62036e+15 5.78234e+14 6.61335e+14
0 0 0.04325 -6.10649e-06 -82.9838 7.24071e+19 3.62036e+15 6.00655e+14 6.38773e+14
0 0 0.04375 7.28205e-06 -85.3356 7.24071e+19 3.62036e+15 5.7303e+14 5.27574e+14
0 0 0.04425 -9.41434e-06 -87.893 7.24071e+19 3.62036e+15 5.25103e+14 5.8387e+14
0 0 0.04475 -2.48859e-06 -90.1845 7.24071e+19 3.62036e+15 5.71832e+14 5.87366e+14
0 0 0.04525 2.01843e-05 -92.4059 7.24071e+19 3.62036e+15 5.89735e+14 4.6374e+14
0 0 0.04575 1.3819e-05 -95.1971 7.24071e+19 3.62036e+15 6.00072e+14 5.13812e+14
0 0 0.04625 -5.32838e-06 -98.3785 7.24071e+19 3.62036e+15 5.27598e+14 5.60859e+14
0 0 0.04675 -1.7824e-05 -101.41 7.24071e+19 3.62036e+15 4.84064e+14 5.95324e+14
0 0 0.04725 -1.51681e-05 -103.937 7.24071e+19 3.62036e+15 5.2838e+14 6.23062e+14
0 0 0.04775 -1.25007e-05 -106.037 7.24071e+19 3.62036e+15 5.0139e+14 5.79422e+14
0 0 0.04825 -1.13806e-05 -107.783 7.24071e+19 3.62036e+15 5.51487e+14 6.22527e+14
0 0 0.04875 1.07999e-05 -109.208 7.24071e+19 3.62036e+15 6.0945e+14 5.42035e+14
0 0 0.04925 -2.00035e-05 -110.938 7.24071e+19 3.62036e+15 5.66516e+14 6.91382e+14
0 0 0.04975 -1.32275e-05 -112.103 7.24071e+19 3.62036e+15 5.86022e+14 6.68591e+14
0 0 0.05025 -2.44178e-05 -112.895 7.24071e+19 3.62036e+15 4.99898e+14 6.52319e+14
0 0 0.05075 8.29824e-06 -112.998 7.24071e+19 3.62036e+15 5.36194e+14 4.84395e+14
0 0 0.05125 3.95045e-06 -113.334 7.24071e+19 3.62036e+15 5.97269e+14 5.72609e+14
0 0 0.05175 -1.81533e-05 -113.782 7.24071e+19 3.62036e+15 6.03442e+14 7.16758e+14
0 0 0.05225 -1.78447e-05 -113.718 7.24071e+19 3.62036e+15 4.43473e+14 5.54864e+14
0 0 0.05275 -1.62547e-05 -113.15 7.24071e+19 3.62036e+15 4.13876e+14 5.15341e+14
0 0 0.05325 6.0915e-06 -112.122 7.24071e+19 3.62036e+15 4.70972e+14 4.32948e+14
0 0 0.05375 1.88428e-05 -111.267 7.24071e+19 3.62036e+15 5.5804e+14 4.4042e+14
0 0 0.05425 1.02132e-05 -110.944 7.24071e+19 3.62036e+15 5.94181e+14 5.30429e+14
0 0 0.05475 -4.83266e-06 -110.909 7.24071e+19 3.62036e+15 5.16748e+14 5.46915e+14
0 0 0.05525 -2.01387e-05 -110.738 7.24071e+19 3.62036e+15 4.41822e+14 5.67532e+14
0 0 0.05575 6.8735e-07 -109.998 7.24071e+19 3.62036e+15 5.51739e+14 5.47449e+14
0 0 0.05625 4.63331e-06 -109.277 7.24071e+19 3.62036e+15 5.25791e+14 4.96869e+14
0 0 0.05675 -2.48732e-05 -108.688 7.24071e+19 3.62036e+15 4.91892e+14 6.47155e+14
0 0 0.05725 -1.7199e-05 -107.396 7.24071e+19 3.62036e+15 4.79961e+14 5.8732e+14
0 0 0.05775 -3.42391e-06 -105.618 7.24071e+19 3.62036e+15 5.36871e+14 5.58244e+14
0 0 0.05825 -3.55895e-06 -103.744 7.24071e+19 3.62036e+15 5.05047e+14 5.27263e+14
0 0 0.05875 4.20495e-06 -101.769 7.24071e+19 3.62036e+15 5.83249e+14 5.57001e+14
0 0 0.05925 1.36131e-05 -99.9127 7.24071e+19 3.62036e+15 5.62482e+14 4.77507e+14
0 0 0.05975 -1.67026e-05 -98.441 7.24071e+19 3.62036e+15 4.53475e+14 5.57736e+14
0 0 0.06025 -2.58297e-05 -96.4977 7.24071e+19 3.62036e+15 4.67322e+14 6.28556e+14
0 0 0.06075 -7.89201e-06 -93.8251 7.24071e+19 3.62036e+15 5.80308e+14 6.29572e+14
0 0 0.06125 3.10577e-06 -90.9296 7.24071e+19 3.62036e+15 5.85973e+14 5.66586e+14
0 0 0.06175 -1.84988e-05 -88.1219 7.24071e+19 3.62036e+15 4.86147e+14 6.0162e+14
0 0 0.06225 2.53536e-05 -84.7918 7.24071e+19 3.62036e+15 5.87248e+14 4.28986e+14
0 0 0.06275 1.01218e-05 -82.1775 7.24071e+19 3.62036e+15 6.06192e+14 5.4301e+14
0 0 0.06325 -9.71681e-06 -79.8491 7.24071e+19 3.62036e+15 5.02005e+14 5.62659e+14
0 0 0.06375 -6.32334e-06 -77.2463 7.24071e+19 3.62036e+15 4.96162e+14 5.35633e+14
0 0 0.06425 -1.44852e-05 -74.465 7.24071e+19 3.62036e+15 5.13279e+14 6.03699e+14
0 0 0.06475 -1.68978e-06 -71.2747 7.24071e+19 3.62036e+15 5.45285e+14 5.55833e+14
0 0 0.06525 2.32634e-06 -68.0366 7.24071e+19 3.62036e+15 5.82593e+14 5.68072e+14
0 0 0.06575 1.92019e-06 -64.8643 7.24071e+19 3.62036e+15 5.77457e+14 5.65471e+14
0 0 0.06625 -8.54724e-06 -61.7461 7.24071e+19 3.62036e+15 4.84856e+14 5.3821e+14
0 0 0.06675 1.03513e-05 -58.3867 7.24071e+19 3.62036e+15 5.22092e+14 4.57477e+14
0 0 0.06725 8.41673e-06 -55.3195 7.24071e+19 3.62036e+15 5.62993e+14 5.10454e+14
0 0 0.06775 -9.02673e-06 -52.4899 7.24071e+19 3.62036e+15 4.90359e+14 5.46706e+14
0 0 0.06825 8.60642e-06 -49.4055 7.24071e+19 3.62036e+15 5.3094e+14 4.77217e+14
0 0 0.06875 1.74932e-05 -46.5641 7.24071e+19 3.62036e+15 5.92462e+14 4.83266e+14
0 0 0.06925 -2.445e-06 -44.2166 7.24071e+19 3.62036e+15 5.60615e+14 5.75877e+14
0 0 0.06975 1.87215e-08 -41.8001 7.24071e+19 3.62036e+15 5.26607e+14 5.2649e+14
0 0 0.07025 -1.42107e-05 -39.3841 7.24071e+19 3.62036e+15 4.70355e+14 5.59061e+14
0 0 0.07075 -3.36721e-06 -36.5669 7.24071e+19 3.62036e+15 4.61649e+14 4.82668e+14
0 0 0.07125 4.59157e-06 -33.6546 7.24071e+19 3.62036e+15 5.35765e+14 5.07103e+14
0 0 0.07175 -3.23328e-05 -30.8719 7.24071e+19 3.62036e+15 4.46718e+14 6.48546e+14
0 0 0.07225 -5.67221e-06 -27.1763 7.24071e+19 3.62036e+15 5.6618e+14 6.01587e+14
0 0 0.07275 6.42066e-06 -23.3205 7.24071e+19 3.62036e+15 5.4305e+14 5.02971e+14
0 0 0.07325 5.92208e-07 -19.646 7.24071e+19 3.62036e+15 4.87563e+14 4.83867e+14
0 0 0.07375 1.46206e-06 -15.9883 7.24071e+19 3.62036e+15 4.26289e+14 4.17163e+14
0 0 0.07425 1.32254e-05 -12.3718 7.24071e+19 3.62036e+15 5.41425e+14 4.5887e+14
0 0 0.07475 -1.27263e-05 -9.12876 7.24071e+19 3.62036e+15 5.26663e+14 6.06103e+14
0 0 0.07525 4.71125e-06 -5.52638 7.24071e+19 3.62036e+15 6.69412e+14 6.40003e+14
0 0 0.07575 1.41083e-05 -2.05703 7.24071e+19 3.62036e+15 5.79456e+14 4.91389e+14
0 0 0.07625 6.3068e-06 1.01396 7.24071e+19 3.62036e+15 5.37737e+14 4.98369e+14
0 0 0.07675 1.41892e-05 3.90688 7.24071e+19 3.62036e+15 5.86941e+14 4.9837e+14
0 0 0.07725 1.92334e-05 6.39915 7.24071e+19 3.62036e+15 6.84745e+14 5.64686e+14
0 0 0.07775 1.18215e-05 8.34835 7.24071e+19 3.62036e+15 5.66578e+14 4.92786e+14
0 0 0.07825 2.73929e-05 9.96376 7.24071e+19 3.62036e+15 6.56188e+14 4.85197e+14
0 0 0.07875 2.16592e-05 10.8057 7.24071e+19 3.62036e+15 5.70527e+14 4.35326e+14
0 0 0.07925 2.41308e-05 11.0361 7.24071e+19 3.62036e+15 5.94162e+14 4.43532e+14
0 0 0.07975 1.01176e-05 10.5851 7.24071e+19 3.62036e+15 5.64817e+14 5.01661e+14
0 0 0.08025 6.3292e-06 9.84849 7.24071e+19 3.62036e+15 5.49124e+14 5.09616e+14
0 0 0.08075 -1.74085e-06 8.93313 7.24071e+19 3.62036e+15 5.40095e+14 5.50962e+14
0 0 0.08125 1.04313e-05 8.06693 7.24071e+19 3.62036e+15 5.57788e+14 4.92674e+14
0 0 0.08175 -1.9335e-06 6.9062 7.24071e+19 3.62036e+15 5.50677e+14 5.62747e+14
0 0 0.08225 -1.09096e-06 5.80005 7.24071e+19 3.62036e+15 5.1896e+14 5.25769e+14
0 0 0.08275 7.82883e-06 4.72471 7.24071e+19 3.62036e+15 5.63563e+14 5.14693e+14
0 0 0.08325 6.31295e-07 3.42832 7.24071e+19 3.62036e+15 5.08778e+14 5.04838e+14
0 0 0.08375 -5.88734e-06 2.1141 7.24071e+19 3.62036e+15 4.99421e+14 5.36171e+14
0 0 0.08425 -1.69054e-05 0.966118 7.24071e+19 3.62036e+15 5.11926e+14 6.17453e+14
0 0 0.08475 -2.82262e-06 0.295473 7.24071e+19 3.62036e+15 4.81814e+14 4.99433e+14
0 0 0.08525 0 0 0 0 0 0
0 0 0.08575 0 0 0 0 0 0
0 0 0.08625 0 0 0 0 0 0
0 0 0.08675 0 0 0 0 0 0
0 0 0.08725 0 0 0 0 0 0
0 0 0.08775 0 0 0 0 0 0
0 0 0.08825 0 0 0 0 0 0
0 0 0.08875 0 0 0 0 0 0
0 0 0.08925 0 0 0 0 0 0
0 0 0.08975 0 0 0 0 0 0
0 0 0.09025 0 0 0 0 0 0
0 0 0.09075 0 0 0 0 0 0
0 0 0.09125 0 0 0 0 0 0
0 0 0.09175 0 0 0 0 0 0
0 0 0.09225 0 0 0 0 0 0
0 0 0.09275 0 0 0 0 0 0
0 0 0.09325 0 0 0 0 0 0
0 0 0.09375 0 0 0 0 0 0
0 0 0.09425 0 0 0 0 0 0
0 0 0.09475 0 0 0 0 0 0
200 3.68732e-08 0.00025 0 17.7006 0 0 0 0
200 3.68732e-08 0.00075 0 17.7006 0 0 0 0
200 3.68732e-08 0.00125 0 17.7006 0 0 0 0
200 3.68732e-08 0.00175 0 17.7006 0 0 0 0
200 3.68732e-08 0.00225 0 17.7006 0 0 0 0
200 3.68732e-08 0.00275 0 17.7006 0 0 0 0
200 3.68732e-08 0.00325 0 17.7006 0 0 0 0
200 3.68732e-08 0.00375 0 17.7006 0 0 0 0
200 3.68732e-08 0.00425 0 17.7006 0 0 0 0
200 3.68732e-08 0.00475 0 17.7006 0 0 0 0
200 3.68732e-08 0.00525 0 17.7006 0 0 0 0
200 3.68732e-08 0.00575 0 17.7006 0 0 0 0
200 3.68732e-08 0.00625 0 17.7006 0 0 0 0
200 3.68732e-08 0.00675 0 17.7006 0 0 0 0
200 3.68732e-08 0.00725 0 17.7006 0 0 0 0
200 3.68732e-08 0.00775 0 17.7006 0 0 0 0
200 3.68732e-08 0.00825 0 17.7006 0 0 0 0
200 3.68732e-08 0.00875 0 17.7006 0 0 0 0
200 3.68732e-08 0.00925 0 17.7006 0 0 0 0
200 3.68732e-08 0.00975 0 17.7006 0 0 0 0
200 3.68732e-08 0.01025 7.90259e-05 30.3342 7.24072e+19 2.67304e+15 4.93295e+14 0
200 3.68732e-08 0.01075 7.92673e-05 53.3701 7.24071e+19 3.33186e+15 4.94802e+14 0
200 3.68732e-08 0.01125 8.78905e-05 74.1677 7.24071e+19 3.55283e+15 5.4863e+14 0
200 3.68732e-08 0.01175 7.90429e-05 92.4837 7.24071e+19 3.60769e+15 4.93401e+14 0
200 3.68732e-08 0.01225 7.93021e-05 108.568 7.24071e+19 3.61839e+15 4.95019e+14 0
200 3.68732e-08 0.01275 8.11311e-05 122.413 7.24071e+19 3.6201e+15 5.06436e+14 0
200 3.68732e-08 0.01325 8.7546e-05 133.967 7.24071e+19 3.62033e+15 5.48625e+14 2.14526e+12
200 3.68732e-08 0.01375 8.19735e-05 143.049 7.24071e+19 3.62035e+15 5.34358e+14 2.2663e+13
200 3.68732e-08 0.01425 8.57819e-05 149.817 7.24071e+19 3.62036e+15 5.59521e+14 2.40535e+13
200 3.68732e-08 0.01475 8.3657e-05 154.162 7.24071e+19 3.62036e+15 5.48857e+14 2.66534e+13
200 3.68732e-08 0.01525 6.29221e-05 156.146 7.24071e+19 3.62036e+15 4.58906e+14 6.61341e+13
200 3.68732e-08 0.01575 3.38913e-05 156.353 7.24071e+19 3.62036e+15 5.46704e+14 3.35147e+14
200 3.68732e-08 0.01625 -1.51175e-05 155.602 7.24071e+19 3.62036e+15 5.04136e+14 5.98503e+14
200 3.68732e-08 0.01675 -9.64406e-06 155.279 7.24071e+19 3.62036e+15 4.66303e+14 5.26503e+14
200 3.68732e-08 0.01725 -5.86444e-07 155.228 7.24071e+19 3.62036e+15 5.83076e+14 5.86737e+14
200 3.68732e-08 0.01775 -1.85304e-05 155.194 7.24071e+19 3.62036e+15 5.72598e+14 6.88269e+14
200 3.68732e-08 0.01825 -7.33991e-06 155.682 7.24071e+19 3.62036e+15 5.26401e+14 5.72218e+14
200 3.68732e-08 0.01875 1.60748e-05 156.378 7.24071e+19 3.62036e+15 6.46399e+14 5.46057e+14
200 3.68732e-08 0.01925 -9.00788e-06 156.62 7.24071e+19 3.62036e+15 5.02397e+14 5.58626e+14
200 3.68732e-08 0.01975 -6.8255e-06 157.117 7.24071e+19 3.62036e+15 5.74381e+14 6.16987e+14
200 3.68732e-08 0.02025 1.48062e-05 157.806 7.24071e+19 3.62036e+15 5.81168e+14 4.88745e+14
200 3.68732e-08 0.02075 1.76465e-05 158.077 7.24071e+19 3.62036e+15 6.68008e+14 5.57855e+14
200 3.68732e-08 0.02125 2.97672e-05 157.85 7.24071e+19 3.62036e+15 6.9687e+14 5.11057e+14
200 3.68732e-08 0.02175 -2.48425e-05 156.782 7.24071e+19 3.62036e+15 5.75105e+14 7.30177e+14
200 3.68732e-08 0.02225 -1.70121e-05 156.416 7.24071e+19 3.62036e+15 5.39008e+14 6.452e+14
200 3.68732e-08 0.02275 2.61355e-05 156.53 7.24071e+19 3.62036e+15 6.03029e+14 4.39886e+14
200 3.68732e-08 0.02325 2.11092e-05 155.906 7.24071e+19 3.62036e+15 5.94862e+14 4.63094e+14
200 3.68732e-08 0.02375 8.93773e-06 154.687 7.24071e+19 3.62036e+15 5.96927e+14 5.41136e+14
200 3.68732e-08 0.02425 1.96675e-05 153.214 7.24071e+19 3.62036e+15 6.5145e+14 5.28682e+14
200 3.68732e-08 0.02475 1.09402e-05 151.187 7.24071e+19 3.62045e+15 6.17833e+14 5.49542e+14
200 3.68732e-08 0.02525 1.74495e-05 148.85 7.24071e+19 3.62169e+15 6.68609e+14 5.59686e+14
200 3.68732e-08 0.02575 2.47177e-05 146.021 7.24071e+19 3.62654e+15 6.72287e+14 5.17994e+14
200 3.68732e-08 0.02625 -7.00607e-06 142.494 7.24071e+19 3.62131e+15 5.58541e+14 6.02275e+14
200 3.68732e-08 0.02675 -3.43261e-05 139.165 7.24071e+19 3.62187e+15 5.02725e+14 7.16995e+14
200 3.68732e-08 0.02725 -1.73067e-05 136.805 7.24071e+19 3.62363e+15 4.98307e+14 6.06339e+14
200 3.68732e-08 0.02775 -5.29073e-06 134.934 7.24071e+19 3.62243e+15 4.52099e+14 4.85125e+14
200 3.68732e-08 0.02825 -1.9372e-05 133.212 7.24071e+19 3.62104e+15 4.74773e+14 5.95697e+14
200 3.68732e-08 0.02875 1.49018e-05 132.037 7.24071e+19 3.6205e+15 5.24556e+14 4.31536e+14
200 3.68732e-08 0.02925 -3.17549e-05 130.441 7.24071e+19 3.62038e+15 4.07303e+14 6.05523e+14
200 3.68732e-08 0.02975 1.32323e-06 129.742 7.24071e+19 3.62036e+15 5.61625e+14 5.53365e+14
200 3.68732e-08 0.03025 1.15859e-06 129.005 7.24071e+19 3.62036e+15 5.92685e+14 5.85453e+14
200 3.68732e-08 0.03075 1.32864e-06 128.236 7.24071e+19 3.62037e+15 5.89889e+14 5.81595e+14
200 3.68732e-08 0.03125 2.19762e-05 127.429 7.24071e+19 3.62052e+15 6.21399e+14 4.84219e+14
200 3.68732e-08 0.03175 7.4829e-06 126.002 7.24071e+19 3.62155e+15 5.81179e+14 5.3447e+14
200 3.68732e-08 0.03225 -1.87408e-05 124.364 7.24071e+19 3.62475e+15 5.72324e+14 6.89308e+14
200 3.68732e-08 0.03275 -2.81019e-05 123.254 7.24071e+19 3.6223e+15 5.54756e+14 7.30173e+14
200 3.68732e-08 0.03325 3.42951e-06 122.938 7.24071e+19 3.62074e+15 5.42971e+14 5.21563e+14
200 3.68732e-08 0.03375 -1.20509e-05 122.526 7.24071e+19 3.6204e+15 4.56108e+14 5.31332e+14
200 3.68732e-08 0.03425 -1.45205e-05 122.453 7.24071e+19 3.62036e+15 4.76124e+14 5.66764e+14
200 3.68732e-08 0.03475 1.08668e-07 122.791 7.24071e+19 3.62036e+15 5.44539e+14 5.43861e+14
200 3.68732e-08 0.03525 -1.8934e-05 123.125 7.24071e+19 3.62036e+15 5.43505e+14 6.61695e+14
200 3.68732e-08 0.03575 1.64321e-05 123.995 7.24071e+19 3.62036e+15 6.71793e+14 5.69221e+14
200 3.68732e-08 0.03625 8.44496e-06 124.4 7.24071e+19 3.62036e+15 5.11609e+14 4.58894e+14
200 3.68732e-08 0.03675 9.54666e-06 124.566 7.24071e+19 3.6204e+15 5.12091e+14 4.52499e+14
200 3.68732e-08 0.03725 -5.52506e-05 124.463 7.24071e+19 3.62067e+15 3.98267e+14 7.43152e+14
200 3.68732e-08 0.03775 -5.30338e-06 125.921 7.24071e+19 3.62186e+15 5.14919e+14 5.48023e+14
200 3.68732e-08 0.03825 7.86972e-06 127.528 7.24071e+19 3.62419e+15 5.26892e+14 4.77768e+14
200 3.68732e-08 0.03875 1.29512e-05 128.912 7.24071e+19 3.62225e+15 6.21254e+14 5.4041e+14
200 3.68732e-08 0.03925 -2.32436e-06 129.931 7.24071e+19 3.62083e+15 4.7958e+14 4.94089e+14
200 3.68732e-08 0.03975 8.01784e-06 131.016 7.24071e+19 3.62044e+15 5.40279e+14 4.9023e+14
200 3.68732e-08 0.04025 8.89982e-06 131.874 7.24071e+19 3.62037e+15 4.90333e+14 4.34779e+14
200 3.68732e-08 0.04075 7.47634e-06 132.481 7.24071e+19 3.62036e+15 5.38437e+14 4.91769e+14
200 3.68732e-08 0.04125 1.15391e-05 132.877 7.24071e+19 3.62036e+15 5.93256e+14 5.21226e+14
200 3.68732e-08 0.04175 -2.14974e-06 132.947 7.24071e+19 3.62036e+15 5.52501e+14 5.6592e+14
200 3.68732e-08 0.04225 8.20591e-06 133.078 7.24071e+19 3.62036e+15 5.31109e+14 4.79886e+14
200 3.68732e-08 0.04275 4.36325e-06 132.977 7.24071e+19 3.62036e+15 5.79099e+14 5.51863e+14
200 3.68732e-08 0.04325 1.29555e-05 132.753 7.24071e+19 3.62036e+15 5.98969e+14 5.18098e+14
200 3.68732e-08 0.04375 1.09373e-05 132.163 7.24071e+19 3.62036e+15 5.75531e+14 5.07258e+14
200 3.68732e-08 0.04425 -1.73195e-06 131.264 7.24071e+19 3.62036e+15 5.22658e+14 5.33469e+14
200 3.68732e-08 0.04475 6.39147e-06 130.414 7.24071e+19 3.62036e+15 5.70835e+14 5.30938e+14
200 3.68732e-08 0.04525 1.31539e-06 129.384 7.24071e+19 3.62036e+15 5.9211e+14 5.83899e+14
200 3.68732e-08 0.04575 7.84529e-07 128.316 7.24071e+19 3.62036e+15 6.00765e+14 5.95867e+14
200 3.68732e-08 0.04625 -4.07215e-06 127.227 7.24071e+19 3.62036e+15 5.26817e+14 5.52236e+14
200 3.68732e-08 0.04675 -1.07218e-05 126.252 7.24071e+19 3.62036e+15 4.85526e+14 5.52453e+14
200 3.68732e-08 0.04725 2.15381e-08 125.58 7.24071e+19 3.62036e+15 5.27002e+14 5.26868e+14
200 3.68732e-08 0.04775 -1.338e-05 124.908 7.24071e+19 3.62036e+15 5.01561e+14 5.85081e+14
200 3.68732e-08 0.04825 -7.26112e-06 124.613 7.24071e+19 3.62036e+15 5.52688e+14 5.98014e+14
200 3.68732e-08 0.04875 -6.88633e-07 124.523 7.24071e+19 3.62036e+15 6.11894e+14 6.16192e+14
200 3.68732e-08 0.04925 1.09988e-05 124.453 7.24071e+19 3.62036e+15 5.70722e+14 5.02066e+14
200 3.68732e-08 0.04975 7.19208e-06 124.072 7.24071e+19 3.62036e+15 5.83634e+14 5.3874e+14
200 3.68732e-08 0.05025 -2.26096e-05 123.488 7.24071e+19 3.62036e+15 5.03169e+14 6.44302e+14
200 3.68732e-08 0.05075 1.16432e-06 123.543 7.24071e+19 3.62036e+15 5.35847e+14 5.28579e+14
200 3.68732e-08 0.05125 3.09979e-05 123.564 7.24071e+19 3.62036e+15 5.97218e+14 4.03724e+14
200 3.68732e-08 0.05175 3.89527e-05 122.711 7.24071e+19 3.62036e+15 6.00514e+14 3.57364e+14
200 3.68732e-08 0.05225 8.33929e-06 120.757 7.24071e+19 3.62036e+15 4.50203e+14 3.98147e+14
200 3.68732e-08 0.05275 -3.07606e-05 118.568 7.24071e+19 3.62036e+15 4.16697e+14 6.08711e+14
200 3.68732e-08 0.05325 -3.44607e-05 117.248 7.24071e+19 3.62036e+15 4.70271e+14 6.85382e+14
200 3.68732e-08 0.05375 5.54031e-06 116.9 7.24071e+19 3.62036e+15 5.57911e+14 5.23328e+14
200 3.68732e-08 0.05425 2.64675e-05 116.397 7.24071e+19 3.6204e+15 5.95378e+14 4.30163e+14
200 3.68732e-08 0.05475 -5.40794e-06 115.146 7.24071e+19 3.62063e+15 5.15563e+14 5.4932e+14
200 3.68732e-08 0.05525 -4.9339e-06 114.047 7.24071e+19 3.62166e+15 4.43374e+14 4.74172e+14
200 3.68732e-08 0.05575 2.36472e-05 113.088 7.24071e+19 3.62374e+15 5.52874e+14 4.05264e+14
200 3.68732e-08 0.05625 9.79812e-06 111.461 7.24071e+19 3.62264e+15 5.2444e+14 4.63278e+14
200 3.68732e-08 0.05675 -1.11605e-05 109.558 7.24071e+19 3.62106e+15 4.91192e+14 5.60858e+14
200 3.68732e-08 0.05725 -1.57234e-05 107.969 7.24071e+19 3.62049e+15 4.81197e+14 5.79346e+14
200 3.68732e-08 0.05775 -1.20559e-05 106.825 7.24071e+19 3.62037e+15 5.34751e+14 6.10007e+14
200 3.68732e-08 0.05825 1.04538e-05 106.021 7.24071e+19 3.62036e+15 5.07072e+14 4.41817e+14
200 3.68732e-08 0.05875 2.49888e-05 104.922 7.24071e+19 3.62036e+15 5.83646e+14 4.27661e+14
200 3.68732e-08 0.05925 1.79778e-05 103.117 7.24071e+19 3.62036e+15 5.6016e+14 4.47939e+14
200 3.68732e-08 0.05975 -1.91014e-05 100.805 7.24071e+19 3.62036e+15 4.55106e+14 5.7434e+14
200 3.68732e-08 0.06025 -1.22487e-05 99.0317 7.24071e+19 3.62036e+15 4.66911e+14 5.4337e+14
200 3.68732e-08 0.06075 5.71938e-06 97.6045 7.24071e+19 3.62036e+15 5.80353e+14 5.44651e+14
200 3.68732e-08 0.06125 -1.17707e-05 96.0158 7.24071e+19 3.62036e+15 5.82516e+14 6.55991e+14
200 3.68732e-08 0.06175 -9.22325e-06 94.7596 7.24071e+19 3.62036e+15 4.89686e+14 5.47259e+14
200 3.68732e-08 0.06225 2.87962e-05 93.7637 7.24071e+19 3.62036e+15 5.85953e+14 4.06201e+14
200 3.68732e-08 0.06275 1.98824e-05 91.9547 7.24071e+19 3.62036e+15 6.04641e+14 4.80532e+14
200 3.68732e-08 0.06325 8.07655e-06 89.5844 7.24071e+19 3.62036e+15 5.05993e+14 4.55577e+14
200 3.68732e-08 0.06375 -1.83907e-05 86.986 7.24071e+19 3.62036e+15 4.94463e+14 6.09261e+14
200 3.68732e-08 0.06425 -3.47132e-05 84.9069 7.24071e+19 3.62036e+15 5.1618e+14 7.32867e+14
200 3.68732e-08 0.06475 5.37091e-06 83.8079 7.24071e+19 3.62036e+15 5.42558e+14 5.09032e+14
200 3.68732e-08 0.06525 1.29367e-05 82.5573 7.24071e+19 3.62036e+15 5.81779e+14 5.01025e+14
200 3.68732e-08 0.06575 -3.48962e-05 80.9414 7.24071e+19 3.62036e+15 5.7931e+14 7.97138e+14
200 3.68732e-08 0.06625 -8.00317e-06 80.3108 7.24071e+19 3.62036e+15 4.8469e+14 5.34647e+14
200 3.68732e-08 0.06675 2.19284e-06 79.9062 7.24071e+19 3.62036e+15 5.20332e+14 5.06643e+14
200 3.68732e-08 0.06725 -5.42765e-06 79.4397 7.24071e+19 3.62036e+15 5.63517e+14 5.97397e+14
200 3.68732e-08 0.06775 1.18816e-06 79.1264 7.24071e+19 3.62036e+15 4.89449e+14 4.82033e+14
200 3.68732e-08 0.06825 8.66521e-06 78.7796 7.24071e+19 3.62036e+15 5.31743e+14 4.77653e+14
200 3.68732e-08 0.06875 2.14335e-05 78.1881 7.24071e+19 3.62036e+15 5.92581e+14 4.58789e+14
200 3.68732e-08 0.06925 2.5706e-05 76.9915 7.24071e+19 3.62036e+15 5.61358e+14 4.00896e+14
200 3.68732e-08 0.06975 2.56743e-05 75.069 7.24071e+19 3.62036e+15 5.2564e+14 3.65376e+14
200 3.68732e-08 0.07025 -7.01045e-06 72.4215 7.24071e+19 3.62036e+15 4.70579e+14 5.14339e+14
200 3.68732e-08 0.07075 -6.75433e-06 69.972 7.24071e+19 3.62036e+15 4.64892e+14 5.07053e+14
200 3.68732e-08 0.07125 -5.27874e-06 67.7133 7.24071e+19 3.62036e+15 5.32766e+14 5.65717e+14
200 3.68732e-08 0.07175 -2.77421e-05 65.6035 7.24071e+19 3.62036e+15 4.56095e+14 6.29267e+14
200 3.68732e-08 0.07225 1.55265e-05 64.2771 7.24071e+19 3.62036e+15 5.64676e+14 4.67757e+14
200 3.68732e-08 0.07275 2.53514e-05 62.5123 7.24071e+19 3.62036e+15 5.43821e+14 3.85573e+14
200 3.68732e-08 0.07325 7.89633e-06 60.0317 7.24071e+19 3.62036e+15 4.85781e+14 4.3649e+14
200 3.68732e-08 0.07375 -2.90426e-05 57.3281 7.24071e+19 3.62036e+15 4.29141e+14 6.10431e+14
200 3.68732e-08 0.07425 -2.29327e-05 55.4446 7.24071e+19 3.62036e+15 5.38488e+14 6.81639e+14
200 3.68732e-08 0.07475 -2.22335e-05 54.2085 7.24071e+19 3.62036e+15 5.30019e+14 6.68805e+14
200 3.68732e-08 0.07525 -4.80365e-06 53.6003 7.24071e+19 3.62036e+15 6.66426e+14 6.96411e+14
200 3.68732e-08 0.07575 -1.60707e-05 53.1277 7.24071e+19 3.62036e+15 5.78557e+14 6.78873e+14
200 3.68732e-08 0.07625 -8.81186e-07 53.1089 7.24071e+19 3.62036e+15 5.39214e+14 5.44714e+14
200 3.68732e-08 0.07675 2.22062e-05 53.1149 7.24071e+19 3.62036e+15 5.88152e+14 4.49537e+14
200 3.68732e-08 0.07725 3.37029e-05 52.4939 7.24071e+19 3.62036e+15 6.82504e+14 4.72124e+14
200 3.68732e-08 0.07775 -8.45997e-07 50.9214 7.24071e+19 3.62036e+15 5.69833e+14 5.75113e+14
200 3.68732e-08 0.07825 9.40677e-06 49.3727 7.24071e+19 3.62036e+15 6.52481e+14 5.93762e+14
200 3.68732e-08 0.07875 -2.08998e-05 47.5583 7.24071e+19 3.62036e+15 5.68539e+14 6.98999e+14
200 3.68732e-08 0.07925 3.46923e-06 46.3342 7.24071e+19 3.62036e+15 5.93351e+14 5.71695e+14
200 3.68732e-08 0.07975 9.88878e-07 45.012 7.24071e+19 3.62036e+15 5.6216e+14 5.55988e+14
200 3.68732e-08 0.08025 -8.74603e-06 43.6619 7.24071e+19 3.62036e+15 5.45515e+14 6.00109e+14
200 3.68732e-08 0.08075 -2.50726e-06 42.5588 7.24071e+19 3.62036e+15 5.37752e+14 5.53403e+14
200 3.68732e-08 0.08125 7.4434e-08 41.5265 7.24071e+19 3.62035e+15 5.50968e+14 5.50503e+14
200 3.68732e-08 0.08175 -1.6518e-06 40.4921 7.24071e+19 3.62033e+15 5.53814e+14 5.64124e+14
200 3.68732e-08 0.08225 3.99314e-05 39.5043 7.24071e+19 3.6201e+15 5.07312e+14 2.58053e+14
200 3.68732e-08 0.08275 8.00093e-05 37.389 7.24071e+19 3.61839e+15 5.64817e+14 6.53829e+13
200 3.68732e-08 0.08325 7.76098e-05 33.0146 7.24071e+19 3.60769e+15 5.0597e+14 2.15139e+13
200 3.68732e-08 0.08375 7.82794e-05 26.4488 7.24071e+19 3.55283e+15 4.88636e+14 0
200 3.68732e-08 0.08425 8.1329e-05 17.6728 7.24071e+19 3.33186e+15 5.07672e+14 0
200 3.68732e-08 0.08475 7.53708e-05 6.60031 7.24072e+19 2.67304e+15 4.7048e+14 0
200 3.68732e-08 0.08525 0 0 0 0 0 0
200 3.68732e-08 0.08575 0 0 0 0 0 0
200 3.68732e-08 0.08625 0 0 0 0 0 0
200 3.68732e-08 0.08675 0 0 0 0 0 0
200 3.68732e-08 0.08725 0 0 0 0 0 0
200 3.68732e-08 0.08775 0 0 0 0 0 0
200 3.68732e-08 0.08825 0 0 0 0 0 0
200 3.68732e-08 0.08875 0 0 0 0 0 0
200 3.68732e-08 0.08925 0 0 0 0 0 0
200 3.68732e-08 0.08975 0 0 0 0 0 0
200 3.68732e-08 0.09025 0 0 0 0 0 0
200 3.68732e-08 0.09075 0 0 0 0 0 0
200 3.68732e-08 0.09125 0 0 0 0 0 0
200 3.68732e-08 0.09175 0 0 0 0 0 0
200 3.68732e-08 0.09225 0 0 0 0 0 0
200 3.68732e-08 0.09275 0 0 0 0 0 0
200 3.68732e-08 0.09325 0 0 0 0 0 0
200 3.68732e-08 0.09375 0 0 0 0 0 0
200 3.68732e-08 0.09425 0 0 0 0 0 0
200 3.68732e-08 0.09475 0 0 0 0 0 0
400 7.37463e-08 0.00025 0 35.3314 0 0 0 0
400 7.37463e-08 0.00075 0 35.3314 0 0 0 0
400 7.37463e-08 0.00125 0 35.3314 0 0 0 0
400 7.37463e-08 0.00175 0 35.3314 0 0 0 0
400 7.37463e-08 0.00225 0 35.3314 0 0 0 0
400 7.37463e-08 0.00275 0 35.3314 0 0 0 0
400 7.37463e-08 0.00325 0 35.3314 0 0 0 0
400 7.37463e-08 0.00375 0 35.3314 0 0 0 0
400 7.37463e-08 0.00425 0 35.3314 0 0 0 0
400 7.37463e-08 0.00475 0 35.3314 0 0 0 0
400 7.37463e-08 0.00525 0 35.3314 0 0 0 0
400 7.37463e-08 0.00575 0 35.3314 0 0 0 0
400 7.37463e-08 0.00625 0 35.3314 0 0 0 0
400 7.37463e-08 0.00675 0 35.3314 0 0 0 0
400 7.37463e-08 0.00725 0 35.3314 0 0 0 0
400 7.37463e-08 0.00775 0 35.3314 0 0 0 0
400 7.37463e-08 0.00825 0 35.3314 0 0 0 0
400 7.37463e-08 0.00875 0 35.3314 0 0 0 0
400 7.37463e-08 0.00925 0 35.3314 0 0 0 0
400 7.37463e-08 0.00975 0 35.3314 0 0 0 0
400 7.37463e-08 0.01025 6.83338e-05 43.3522 7.24073e+19 2.24504e+15 4.32214e+14 5.66119e+12
400 7.37463e-08 0.01075 8.19796e-05 57.4644 7.24072e+19 2.98962e+15 5.20778e+14 9.04481e+12
400 7.37463e-08 0.01125 7.94091e-05 69.2618 7.24071e+19 3.37763e+15 5.08701e+14 1.30142e+13
400 7.37463e-08 0.01175 7.61278e-05 78.817 7.24071e+19 3.54099e+15 4.8858e+14 1.33747e+13
400 7.37463e-08 0.01225 6.52061e-05 86.2226 7.24071e+19 3.598e+15 4.76443e+14 6.94136e+13
400 7.37463e-08 0.01275 7.09599e-05 91.7872 7.24071e+19 3.61486e+15 5.03918e+14 6.09729e+13
400 7.37463e-08 0.01325 6.80812e-05 95.3481 7.24071e+19 3.61916e+15 5.47601e+14 1.22625e+14
400 7.37463e-08 0.01375 4.80591e-05 96.9866 7.24071e+19 3.62013e+15 5.17182e+14 2.17187e+14
400 7.37463e-08 0.01425 2.73874e-06 97.2682 7.24071e+19 3.62032e+15 5.59402e+14 5.42306e+14
400 7.37463e-08 0.01475 -6.97211e-06 97.4725 7.24071e+19 3.62035e+15 5.35422e+14 5.78943e+14
400 7.37463e-08 0.01525 9.92425e-06 97.8736 7.24071e+19 3.62036e+15 4.5475e+14 3.92801e+14
400 7.37463e-08 0.01575 1.90149e-05 97.9945 7.24071e+19 3.62036e+15 5.41611e+14 4.22916e+14
400 7.37463e-08 0.01625 -1.1256e-06 97.5785 7.24071e+19 3.62036e+15 5.01794e+14 5.08821e+14
400 7.37463e-08 0.01675 3.96758e-06 97.1943 7.24071e+19 3.62036e+15 4.84209e+14 4.59442e+14
400 7.37463e-08 0.01725 1.3706e-05 96.6981 7.24071e+19 3.62036e+15 5.80921e+14 4.95365e+14
400 7.37463e-08 0.01775 -6.58227e-06 95.8148 7.24071e+19 3.62036e+15 5.6863e+14 6.09717e+14
400 7.37463e-08 0.01825 -1.93352e-05 95.1175 7.24071e+19 3.62036e+15 5.28341e+14 6.49034e+14
400 7.37463e-08 0.01875 -2.38564e-05 94.966 7.24071e+19 3.62036e+15 6.43518e+14 7.92434e+14
400 7.37463e-08 0.01925 -4.22359e-05 95.4882 7.24071e+19 3.62036e+15 5.06925e+14 7.7057e+14
400 7.37463e-08 0.01975 6.81613e-06 97.2029 7.24071e+19 3.62036e+15 5.74079e+14 5.31531e+14
400 7.37463e-08 0.02025 1.26117e-05 98.7252 7.24071e+19 3.62036e+15 5.81475e+14 5.02751e+14
400 7.37463e-08 0.02075 1.82125e-05 99.8914 7.24071e+19 3.62036e+15 6.66995e+14 5.53309e+14
400 7.37463e-08 0.02125 2.33873e-05 100.543 7.24071e+19 3.62036e+15 6.97234e+14 5.51246e+14
400 7.37463e-08 0.02175 -3.22129e-05 100.535 7.24071e+19 3.62036e+15 5.73782e+14 7.74861e+14
400 7.37463e-08 0.02225 9.5309e-06 101.436 7.24071e+19 3.62036e+15 5.40773e+14 4.81279e+14
400 7.37463e-08 0.02275 -2.15752e-07 102.068 7.24071e+19 3.62036e+15 6.01235e+14 6.02581e+14
400 7.37463e-08 0.02325 -2.84047e-06 102.706 7.24071e+19 3.62037e+15 5.90526e+14 6.08257e+14
400 7.37463e-08 0.02375 2.76946e-06 103.424 7.24071e+19 3.62043e+15 6.01394e+14 5.84106e+14
400 7.37463e-08 0.02425 3.13607e-06 104.065 7.24071e+19 3.62064e+15 6.55648e+14 6.36072e+14
400 7.37463e-08 0.02475 -4.60936e-06 104.616 7.24071e+19 3.62123e+15 6.20112e+14 6.48885e+14
400 7.37463e-08 0.02525 -5.76099e-06 105.298 7.24071e+19 3.62231e+15 6.67649e+14 7.0361e+14
400 7.37463e-08 0.02575 9.59605e-06 106.142 7.24071e+19 3.62317e+15 6.66797e+14 6.06897e+14
400 7.37463e-08 0.02625 4.5956e-06 106.716 7.24071e+19 3.6228e+15 5.58639e+14 5.29953e+14
400 7.37463e-08 0.02675 1.1565e-05 107.159 7.24071e+19 3.62254e+15 5.02081e+14 4.2989e+14
400 7.37463e-08 0.02725 2.50919e-06 107.276 7.24071e+19 3.62254e+15 4.99999e+14 4.84336e+14
400 7.37463e-08 0.02775 -1.3724e-05 107.323 7.24071e+19 3.62211e+15 4.5885e+14 5.44518e+14
400 7.37463e-08 0.02825 -2.5928e-06 107.756 7.24071e+19 3.62139e+15 4.7648e+14 4.92665e+14
400 7.37463e-08 0.02875 -2.73358e-06 108.263 7.24071e+19 3.62082e+15 5.29244e+14 5.46308e+14
400 7.37463e-08 0.02925 -2.14659e-05 108.848 7.24071e+19 3.62052e+15 4.11232e+14 5.45227e+14
400 7.37463e-08 0.02975 1.48648e-05 110.038 7.24071e+19 3.62042e+15 5.5952e+14 4.66731e+14
400 7.37463e-08 0.03025 -5.79413e-06 110.808 7.24071e+19 3.62043e+15 5.99964e+14 6.36133e+14
400 7.37463e-08 0.03075 -5.83613e-06 111.743 7.24071e+19 3.62061e+15 5.98786e+14 6.35217e+14
400 7.37463e-08 0.03125 -4.56424e-06 112.841 7.24071e+19 3.62109e+15 6.26557e+14 6.55048e+14
400 7.37463e-08 0.03175 5.32429e-06 114.069 7.24071e+19 3.62193e+15 5.86882e+14 5.53647e+14
400 7.37463e-08 0.03225 -6.93009e-06 115.147 7.24071e+19 3.62257e+15 5.79705e+14 6.22964e+14
400 7.37463e-08 0.03275 -2.09645e-05 116.42 7.24071e+19 3.62217e+15 5.62047e+14 6.92911e+14
400 7.37463e-08 0.03325 -1.09712e-05 118.285 7.24071e+19 3.62132e+15 5.4011e+14 6.08594e+14
400 7.37463e-08 0.03375 1.19374e-05 120.46 7.24071e+19 3.62074e+15 4.67081e+14 3.92566e+14
400 7.37463e-08 0.03425 -7.18027e-07 122.298 7.24071e+19 3.62057e+15 4.81281e+14 4.85763e+14
400 7.37463e-08 0.03475 -2.31029e-05 124.156 7.24071e+19 3.62109e+15 5.51758e+14 6.95971e+14
400 7.37463e-08 0.03525 -6.47152e-06 126.666 7.24071e+19 3.62309e+15 5.50691e+14 5.91087e+14
400 7.37463e-08 0.03575 1.39931e-05 129.359 7.24071e+19 3.62384e+15 6.7388e+14 5.86532e+14
400 7.37463e-08 0.03625 -1.13635e-05 131.657 7.24071e+19 3.62143e+15 5.13292e+14 5.84225e+14
400 7.37463e-08 0.03675 1.89347e-05 134.276 7.24071e+19 3.62081e+15 5.23851e+14 4.05657e+14
400 7.37463e-08 0.03725 -7.27929e-06 136.361 7.24071e+19 3.62118e+15 4.03482e+14 4.48921e+14
400 7.37463e-08 0.03775 -9.47271e-06 138.65 7.24071e+19 3.62195e+15 5.18286e+14 5.77416e+14
400 7.37463e-08 0.03825 -4.04056e-06 141.208 7.24071e+19 3.62249e+15 5.30588e+14 5.5581e+14
400 7.37463e-08 0.03875 1.80888e-05 143.879 7.24071e+19 3.62225e+15 6.21143e+14 5.08229e+14
400 7.37463e-08 0.03925 9.67092e-10 146.04 7.24071e+19 3.62223e+15 4.81955e+14 4.81949e+14
400 7.37463e-08 0.03975 6.65627e-06 148.2 7.24071e+19 3.62414e+15 5.36682e+14 4.95132e+14
400 7.37463e-08 0.04025 2.28579e-07 150.173 7.24071e+19 3.62753e+15 4.92155e+14 4.90728e+14
400 7.37463e-08 0.04075 1.6685e-06 152.139 7.24071e+19 3.62388e+15 5.39115e+14 5.287e+14
400 7.37463e-08 0.04125 -8.20534e-06 154.058 7.24071e+19 3.62135e+15 5.92069e+14 6.43288e+14
400 7.37463e-08 0.04175 -8.92831e-06 156.209 7.24071e+19 3.62056e+15 5.50061e+14 6.05793e+14
400 7.37463e-08 0.04225 1.31649e-05 158.612 7.24071e+19 3.62039e+15 5.39399e+14 4.57221e+14
400 7.37463e-08 0.04275 9.06217e-06 160.643 7.24071e+19 3.62036e+15 5.83403e+14 5.26835e+14
400 7.37463e-08 0.04325 -2.07815e-06 162.418 7.24071e+19 3.62036e+15 5.96513e+14 6.09485e+14
400 7.37463e-08 0.04375 6.70284e-06 164.252 7.24071e+19 3.62036e+15 5.78269e+14 5.36428e+14
400 7.37463e-08 0.04425 7.84741e-06 165.897 7.24071e+19 3.62036e+15 5.23794e+14 4.74809e+14
400 7.37463e-08 0.04475 -2.53974e-07 167.32 7.24071e+19 3.62037e+15 5.75927e+14 5.77512e+14
400 7.37463e-08 0.04525 1.72202e-05 168.75 7.24071e+19 3.62047e+15 5.97532e+14 4.9004e+14
400 7.37463e-08 0.04575 1.54229e-05 169.694 7.24071e+19 3.62095e+15 6.05318e+14 5.09045e+14
400 7.37463e-08 0.04625 7.88417e-07 170.203 7.24071e+19 3.62233e+15 5.26627e+14 5.21706e+14
400 7.37463e-08 0.04675 -7.31167e-06 170.689 7.24071e+19 3.6238e+15 4.95053e+14 5.40694e+14
400 7.37463e-08 0.04725 2.96304e-06 171.382 7.24071e+19 3.6219e+15 5.25495e+14 5.07e+14
400 7.37463e-08 0.04775 4.83926e-06 171.991 7.24071e+19 3.62074e+15 5.0188e+14 4.71673e+14
400 7.37463e-08 0.04825 7.3703e-06 172.463 7.24071e+19 3.62042e+15 5.50327e+14 5.0432e+14
400 7.37463e-08 0.04875 1.80846e-05 172.728 7.24071e+19 3.62037e+15 6.09169e+14 4.96281e+14
400 7.37463e-08 0.04925 2.43788e-06 172.481 7.24071e+19 3.62037e+15 5.75813e+14 5.60596e+14
400 7.37463e-08 0.04975 3.81065e-06 172.166 7.24071e+19 3.62041e+15 5.80582e+14 5.56795e+14
400 7.37463e-08 0.05025 -8.62731e-06 171.744 7.24071e+19 3.62065e+15 5.08261e+14 5.62114e+14
400 7.37463e-08 0.05075 5.59327e-06 171.565 7.24071e+19 3.6214e+15 5.35982e+14 5.01067e+14
400 7.37463e-08 0.05125 1.94607e-05 171.227 7.24071e+19 3.6228e+15 5.94606e+14 4.73129e+14
400 7.37463e-08 0.05175 2.92996e-06 170.341 7.24071e+19 3.62361e+15 5.95515e+14 5.77226e+14
400 7.37463e-08 0.05225 -6.91224e-05 169.372 7.24071e+19 3.62347e+15 4.59176e+14 8.90651e+14
400 7.37463e-08 0.05275 1.20827e-06 170.354 7.24071e+19 3.62383e+15 4.233e+14 4.15758e+14
400 7.37463e-08 0.05325 2.97512e-05 171.302 7.24071e+19 3.62223e+15 4.78712e+14 2.92999e+14
400 7.37463e-08 0.05375 2.77519e-05 171.411 7.24071e+19 3.62103e+15 5.62283e+14 3.8905e+14
400 7.37463e-08 0.05425 1.42463e-05 170.735 7.24071e+19 3.62076e+15 5.93871e+14 5.04943e+14
400 7.37463e-08 0.05475 -2.16685e-05 169.658 7.24071e+19 3.62111e+15 5.15862e+14 6.51121e+14
400 7.37463e-08 0.05525 -2.5763e-05 169.192 7.24071e+19 3.62181e+15 4.46461e+14 6.07279e+14
400 7.37463e-08 0.05575 1.55714e-05 169.454 7.24071e+19 3.62237e+15 5.53303e+14 4.56104e+14
400 7.37463e-08 0.05625 2.59989e-05 169.276 7.24071e+19 3.62215e+15 5.22429e+14 3.60138e+14
400 7.37463e-08 0.05675 4.51844e-06 168.364 7.24071e+19 3.62144e+15 4.9091e+14 4.62705e+14
400 7.37463e-08 0.05725 -6.31481e-06 167.324 7.24071e+19 3.62083e+15 4.83828e+14 5.23247e+14
400 7.37463e-08 0.05775 1.88352e-05 166.463 7.24071e+19 3.62052e+15 5.32133e+14 4.1456e+14
400 7.37463e-08 0.05825 1.09661e-05 165.07 7.24071e+19 3.6204e+15 5.09388e+14 4.40936e+14
400 7.37463e-08 0.05875 1.24743e-05 163.367 7.24071e+19 3.62037e+15 5.88949e+14 5.11083e+14
400 7.37463e-08 0.05925 -6.98883e-06 161.312 7.24071e+19 3.62036e+15 5.65917e+14 6.09542e+14
400 7.37463e-08 0.05975 -2.43239e-05 159.454 7.24071e+19 3.62036e+15 4.58837e+14 6.10671e+14
400 7.37463e-08 0.06025 -4.30188e-06 158.283 7.24071e+19 3.62036e+15 4.67514e+14 4.94367e+14
400 7.37463e-08 0.06075 9.50594e-06 157.234 7.24071e+19 3.62036e+15 5.84317e+14 5.24979e+14
400 7.37463e-08 0.06125 1.68475e-05 155.916 7.24071e+19 3.6204e+15 5.82325e+14 4.77159e+14
400 7.37463e-08 0.06175 -1.78944e-05 154.122 7.24071e+19 3.62056e+15 4.94546e+14 6.06247e+14
400 7.37463e-08 0.06225 -5.1137e-06 152.834 7.24071e+19 3.62111e+15 5.84014e+14 6.15935e+14
400 7.37463e-08 0.06275 6.54605e-06 151.69 7.24071e+19 3.62226e+15 6.0074e+14 5.59879e+14
400 7.37463e-08 0.06325 -2.517e-05 150.362 7.24071e+19 3.62315e+15 5.10815e+14 6.67931e+14
400 7.37463e-08 0.06375 -2.92461e-06 149.744 7.24071e+19 3.62203e+15 4.92809e+14 5.11065e+14
400 7.37463e-08 0.06425 1.14537e-05 149.208 7.24071e+19 3.62098e+15 5.2282e+14 4.51324e+14
400 7.37463e-08 0.06475 3.48755e-06 148.349 7.24071e+19 3.62073e+15 5.45535e+14 5.23766e+14
400 7.37463e-08 0.06525 1.60785e-05 147.392 7.24071e+19 3.62136e+15 5.8442e+14 4.84054e+14
400 7.37463e-08 0.06575 1.00749e-05 145.981 7.24071e+19 3.62284e+15 5.84819e+14 5.2193e+14
400 7.37463e-08 0.06625 -2.32431e-07 144.285 7.24071e+19 3.62318e+15 4.85162e+14 4.86613e+14
400 7.37463e-08 0.06675 -2.22623e-05 142.596 7.24071e+19 3.62157e+15 5.18983e+14 6.57949e+14
400 7.37463e-08 0.06725 3.72347e-07 141.535 7.24071e+19 3.62066e+15 5.62927e+14 5.60603e+14
400 7.37463e-08 0.06775 -1.29985e-05 140.464 7.24071e+19 3.62041e+15 4.89366e+14 5.70505e+14
400 7.37463e-08 0.06825 1.59837e-05 139.76 7.24071e+19 3.62036e+15 5.33714e+14 4.33941e+14
400 7.37463e-08 0.06875 3.41826e-05 138.604 7.24071e+19 3.62036e+15 5.91619e+14 3.78245e+14
400 7.37463e-08 0.06925 1.69907e-06 136.484 7.24071e+19 3.62042e+15 5.61185e+14 5.50579e+14
400 7.37463e-08 0.06975 -6.75969e-07 134.315 7.24071e+19 3.62073e+15 5.30594e+14 5.34814e+14
400 7.37463e-08 0.07025 -4.43676e-05 132.166 7.24071e+19 3.6219e+15 4.81653e+14 7.58604e+14
400 7.37463e-08 0.07075 -2.02405e-05 131.269 7.24071e+19 3.62384e+15 4.68336e+14 5.94681e+14
400 7.37463e-08 0.07125 1.62595e-05 130.944 7.24071e+19 3.62232e+15 5.28916e+14 4.27421e+14
400 7.37463e-08 0.07175 -2.20823e-06 130.159 7.24071e+19 3.62093e+15 4.63844e+14 4.77629e+14
400 7.37463e-08 0.07225 3.69061e-06 129.438 7.24071e+19 3.62047e+15 5.64274e+14 5.41237e+14
400 7.37463e-08 0.07275 -2.01023e-05 128.611 7.24071e+19 3.62037e+15 5.51878e+14 6.77361e+14
400 7.37463e-08 0.07325 -1.67621e-05 128.353 7.24071e+19 3.62036e+15 4.91928e+14 5.96561e+14
400 7.37463e-08 0.07375 1.07935e-05 128.567 7.24071e+19 3.62036e+15 4.34894e+14 3.67519e+14
400 7.37463e-08 0.07425 1.91312e-05 128.477 7.24071e+19 3.62036e+15 5.34893e+14 4.15472e+14
400 7.37463e-08 0.07475 5.12483e-06 127.847 7.24071e+19 3.62036e+15 5.33212e+14 5.01222e+14
400 7.37463e-08 0.07525 1.32437e-05 127.072 7.24071e+19 3.62036e+15 6.68114e+14 5.85445e+14
400 7.37463e-08 0.07575 -2.34967e-05 125.923 7.24071e+19 3.62036e+15 5.79887e+14 7.26558e+14
400 7.37463e-08 0.07625 -2.40127e-05 125.438 7.24071e+19 3.62036e+15 5.42653e+14 6.92545e+14
400 7.37463e-08 0.07675 9.09497e-06 125.631 7.24071e+19 3.62036e+15 5.89863e+14 5.33091e+14
400 7.37463e-08 0.07725 1.04946e-05 125.566 7.24071e+19 3.62036e+15 6.77356e+14 6.11846e+14
400 7.37463e-08 0.07775 -7.45388e-06 125.206 7.24071e+19 3.62036e+15 5.72969e+14 6.19497e+14
400 7.37463e-08 0.07825 1.69383e-05 125.056 7.24071e+19 3.62036e+15 6.45893e+14 5.40161e+14
400 7.37463e-08 0.07875 3.92967e-06 124.427 7.24071e+19 3.62036e+15 5.63694e+14 5.39164e+14
400 7.37463e-08 0.07925 1.36117e-06 123.688 7.24071e+19 3.62037e+15 5.91155e+14 5.82659e+14
400 7.37463e-08 0.07975 3.76697e-05 122.91 7.24071e+19 3.62055e+15 5.60159e+14 3.25018e+14
400 7.37463e-08 0.08025 4.74911e-05 121.069 7.24071e+19 3.62203e+15 5.32999e+14 2.3655e+14
400 7.37463e-08 0.08075 7.27433e-05 117.887 7.24071e+19 3.62567e+15 5.25488e+14 7.14096e+13
400 7.37463e-08 0.08125 8.06415e-05 112.65 7.24071e+19 3.62096e+15 5.30332e+14 2.69522e+13
400 7.37463e-08 0.08175 8.71002e-05 105.137 7.24071e+19 3.61923e+15 5.64072e+14 2.03756e+13
400 7.37463e-08 0.08225 7.24373e-05 95.1645 7.24071e+19 3.61486e+15 4.57469e+14 5.301e+12
400 7.37463e-08 0.08275 9.20423e-05 83.1465 7.24071e+19 3.59795e+15 5.78406e+14 3.86026e+12
400 7.37463e-08 0.08325 7.82037e-05 68.5297 7.24071e+19 3.54069e+15 4.88163e+14 0
400 7.37463e-08 0.08375 7.34429e-05 51.7047 7.24071e+19 3.37655e+15 4.58445e+14 0
400 7.37463e-08 0.08425 8.04114e-05 32.806 7.24072e+19 2.98713e+15 5.02776e+14 8.32363e+11
400 7.37463e-08 0.08475 7.45325e-05 11.6368 7.24073e+19 2.24208e+15 4.7256e+14 7.31344e+12
400 7.37463e-08 0.08525 0 0 0 0 0 0
400 7.37463e-08 0.08575 0 0 0 0 0 0
400 7.37463e-08 0.08625 0 0 0 0 0 0
400 7.37463e-08 0.08675 0 0 0 0 0 0
400 7.37463e-08 0.08725 0 0 0 0 0 0
400 7.37463e-08 0.08775 0 0 0 0 0 0
400 7.37463e-08 0.08825 0 0 0 0 0 0
400 7.37463e-08 0.08875 0 0 0 0 0 0
400 7.37463e-08 0.08925 0 0 0 0 0 0
400 7.37463e-08 0.08975 0 0 0 0 0 0
400 7.37463e-08 0.09025 0 0 0 0 0 0
400 7.37463e-08 0.09075 0 0 0 0 0 0
400 7.37463e-08 0.09125 0 0 0 0 0 0
400 7.37463e-08 0.09175 0 0 0 0 0 0
400 7.37463e-08 0.09225 0 0 0 0 0 0
400 7.37463e-08 0.09275 0 0 0 0 0 0
400 7.37463e-08 0.09325 0 0 0 0 0 0
400 7.37463e-08 0.09375 0 0 0 0 0 0
400 7.37463e-08 0.09425 0 0 0 0 0 0
400 7.37463e-08 0.09475 0 0 0 0 0 0
600 1.10619e-07 0.00025 0 52.8228 0 0 0 0
600 1.10619e-07 0.00075 0 52.8228 0 0 0 0
600 1.10619e-07 0.00125 0 52.8228 0 0 0 0
600 1.10619e-07 0.00175 0 52.8228 0 0 0 0
600 1.10619e-07 0.00225 0 52.8228 0 0 0 0
600 1.10619e-07 0.00275 0 52.8228 0 0 0 0
600 1.10619e-07 0.00325 0 52.8228 0 0 0 0
600 1.10619e-07 0.00375 0 52.8228 0 0 0 0
600 1.10619e-07 0.00425 0 52.8228 0 0 0 0
600 1.10619e-07 0.00475 0 52.8228 0 0 0 0
600 1.10619e-07 0.00525 0 52.8228 0 0 0 0
600 1.10619e-07 0.00575 0 52.8228 0 0 0 0
600 1.10619e-07 0.00625 0 52.8228 0 0 0 0
600 1.10619e-07 0.00675 0 52.8228 0 0 0 0
600 1.10619e-07 0.00725 0 52.8228 0 0 0 0
600 1.10619e-07 0.00775 0 52.8228 0 0 0 0
600 1.10619e-07 0.00825 0 52.8228 0 0 0 0
600 1.10619e-07 0.00875 0 52.8228 0 0 0 0
600 1.10619e-07 0.00925 0 52.8228 0 0 0 0
600 1.10619e-07 0.00975 0 52.8228 0 0 0 0
600 1.10619e-07 0.01025 6.50045e-05 59.533 7.24074e+19 1.98125e+15 4.14127e+14 8.35546e+12
600 1.10619e-07 0.01075 7.8275e-05 71.1178 7.24072e+19 2.72072e+15 5.04616e+14 1.60083e+13
600 1.10619e-07 0.01125 7.38999e-05 80.4925 7.24072e+19 3.1862e+15 4.63563e+14 2.26561e+12
600 1.10619e-07 0.01175 7.19571e-05 87.7806 7.24071e+19 3.43555e+15 4.70034e+14 2.08638e+13
600 1.10619e-07 0.01225 6.67402e-05 93.037 7.24071e+19 3.55056e+15 4.63732e+14 4.7127e+13
600 1.10619e-07 0.01275 5.77941e-05 96.4088 7.24071e+19 3.59681e+15 4.74335e+14 1.13573e+14
600 1.10619e-07 0.01325 4.7231e-05 98.1488 7.24071e+19 3.61323e+15 5.34183e+14 2.39358e+14
600 1.10619e-07 0.01375 2.72333e-05 98.5552 7.24071e+19 3.61851e+15 4.97594e+14 3.27599e+14
600 1.10619e-07 0.01425 -2.46795e-06 98.1926 7.24071e+19 3.62035e+15 5.4589e+14 5.61295e+14
600 1.10619e-07 0.01475 4.77558e-06 97.8997 7.24071e+19 3.62172e+15 5.15761e+14 4.85951e+14
600 1.10619e-07 0.01525 -5.33498e-06 97.472 7.24071e+19 3.623e+15 4.4769e+14 4.80992e+14
600 1.10619e-07 0.01575 9.278e-06 97.1949 7.24071e+19 3.62246e+15 5.38709e+14 4.80794e+14
600 1.10619e-07 0.01625 -8.92903e-07 96.6559 7.24071e+19 3.62128e+15 5.04131e+14 5.09705e+14
600 1.10619e-07 0.01675 8.34535e-06 96.142 7.24071e+19 3.62063e+15 4.92157e+14 4.40064e+14
600 1.10619e-07 0.01725 -4.79219e-06 95.3925 7.24071e+19 3.62041e+15 5.77253e+14 6.07167e+14
600 1.10619e-07 0.01775 -1.79195e-05 94.7784 7.24071e+19 3.62037e+15 5.64753e+14 6.7661e+14
600 1.10619e-07 0.01825 -8.35455e-06 94.6702 7.24071e+19 3.62036e+15 5.37994e+14 5.90144e+14
600 1.10619e-07 0.01875 2.72923e-05 94.7979 7.24071e+19 3.62036e+15 6.39367e+14 4.69004e+14
600 1.10619e-07 0.01925 -2.60483e-06 94.1549 7.24071e+19 3.62036e+15 5.13543e+14 5.29803e+14
600 1.10619e-07 0.01975 2.47618e-06 93.5856 7.24071e+19 3.62036e+15 5.81265e+14 5.65808e+14
600 1.10619e-07 0.02025 -2.20971e-05 92.9463 7.24071e+19 3.62036e+15 5.82287e+14 7.20221e+14
600 1.10619e-07 0.02075 -9.60796e-06 92.9309 7.24071e+19 3.62036e+15 6.65132e+14 7.25107e+14
600 1.10619e-07 0.02125 1.71419e-05 93.1869 7.24071e+19 3.62036e+15 6.96631e+14 5.89628e+14
600 1.10619e-07 0.02175 -5.80094e-06 92.9588 7.24071e+19 3.62036e+15 5.74289e+14 6.105e+14
600 1.10619e-07 0.02225 -4.26889e-06 92.8945 7.24071e+19 3.62036e+15 5.45674e+14 5.72322e+14
600 1.10619e-07 0.02275 1.29894e-05 92.9507 7.24071e+19 3.62038e+15 6.04175e+14 5.23093e+14
600 1.10619e-07 0.02325 9.75531e-06 92.6402 7.24071e+19 3.62043e+15 5.85561e+14 5.24666e+14
600 1.10619e-07 0.02375 1.30083e-05 92.0542 7.24071e+19 3.62058e+15 6.05974e+14 5.24773e+14
600 1.10619e-07 0.02425 -1.51874e-05 91.1009 7.24071e+19 3.6209e+15 6.58794e+14 7.53596e+14
600 1.10619e-07 0.02475 -5.11254e-05 90.5765 7.24071e+19 3.62145e+15 6.24519e+14 9.43654e+14
600 1.10619e-07 0.02525 1.2251e-05 91.4956 7.24071e+19 3.62212e+15 6.66403e+14 5.8993e+14
600 1.10619e-07 0.02575 2.52953e-05 92.0688 7.24071e+19 3.62259e+15 6.61298e+14 5.03399e+14
600 1.10619e-07 0.02625 -3.55443e-06 91.9278 7.24071e+19 3.62269e+15 5.58998e+14 5.81186e+14
600 1.10619e-07 0.02675 -6.90397e-06 91.8871 7.24071e+19 3.62256e+15 5.01088e+14 5.44184e+14
600 1.10619e-07 0.02725 1.05098e-05 92.0414 7.24071e+19 3.62233e+15 5.01292e+14 4.35687e+14
600 1.10619e-07 0.02775 2.34123e-06 91.8989 7.24071e+19 3.62195e+15 4.65571e+14 4.50957e+14
600 1.10619e-07 0.02825 4.3807e-06 91.6903 7.24071e+19 3.62145e+15 4.7659e+14 4.49244e+14
600 1.10619e-07 0.02875 1.207e-05 91.3581 7.24071e+19 3.62099e+15 5.26339e+14 4.50996e+14
600 1.10619e-07 0.02925 -2.25663e-05 90.685 7.24071e+19 3.62069e+15 4.16734e+14 5.57598e+14
600 1.10619e-07 0.02975 -3.02388e-05 90.6491 7.24071e+19 3.62065e+15 5.57057e+14 7.45814e+14
600 1.10619e-07 0.03025 5.2412e-06 91.467 7.24071e+19 3.62137e+15 6.0464e+14 5.71923e+14
600 1.10619e-07 0.03075 9.45161e-06 92.1369 7.24071e+19 3.62418e+15 6.01866e+14 5.42867e+14
600 1.10619e-07 0.03125 1.03847e-05 92.54 7.24071e+19 3.62436e+15 6.26491e+14 5.61667e+14
600 1.10619e-07 0.03175 9.83623e-06 92.6498 7.24071e+19 3.62244e+15 5.87132e+14 5.25733e+14
600 1.10619e-07 0.03225 1.32614e-05 92.4819 7.24071e+19 3.62209e+15 5.86016e+14 5.03236e+14
600 1.10619e-07 0.03275 3.42909e-06 91.9395 7.24071e+19 3.62186e+15 5.6518e+14 5.43775e+14
600 1.10619e-07 0.03325 2.61013e-06 91.3003 7.24071e+19 3.62144e+15 5.365e+14 5.20207e+14
600 1.10619e-07 0.03375 -7.49084e-06 90.5875 7.24071e+19 3.62109e+15 4.71503e+14 5.18263e+14
600 1.10619e-07 0.03425 3.30032e-06 90.0861 7.24071e+19 3.62112e+15 4.90302e+14 4.69701e+14
600 1.10619e-07 0.03475 2.591e-06 89.4915 7.24071e+19 3.62163e+15 5.51412e+14 5.35238e+14
600 1.10619e-07 0.03525 -1.58304e-05 88.8238 7.24071e+19 3.62234e+15 5.56095e+14 6.54912e+14
600 1.10619e-07 0.03575 1.41341e-05 88.6031 7.24071e+19 3.6225e+15 6.71487e+14 5.83259e+14
600 1.10619e-07 0.03625 4.78672e-07 87.9833 7.24071e+19 3.62194e+15 5.12812e+14 5.09824e+14
600 1.10619e-07 0.03675 -4.07479e-06 87.3499 7.24071e+19 3.62148e+15 5.26483e+14 5.51919e+14
600 1.10619e-07 0.03725 -3.47895e-05 86.8317 7.24071e+19 3.6215e+15 4.05656e+14 6.22819e+14
600 1.10619e-07 0.03775 -4.4606e-06 87.2957 7.24071e+19 3.62185e+15 5.21407e+14 5.49251e+14
600 1.10619e-07 0.03825 1.14648e-05 87.8857 7.24071e+19 3.62221e+15 5.27097e+14 4.55531e+14
600 1.10619e-07 0.03875 2.41671e-05 88.152 7.24071e+19 3.62253e+15 6.17947e+14 4.67091e+14
600 1.10619e-07 0.03925 -5.3357e-06 87.7358 7.24071e+19 3.62314e+15 4.85022e+14 5.18328e+14
600 1.10619e-07 0.03975 -7.81332e-06 87.4704 7.24071e+19 3.62415e+15 5.32644e+14 5.81417e+14
600 1.10619e-07 0.04025 -2.14624e-05 87.4255 7.24071e+19 3.62468e+15 4.94778e+14 6.2875e+14
600 1.10619e-07 0.04075 -4.61855e-06 87.9867 7.24071e+19 3.62372e+15 5.39389e+14 5.68219e+14
600 1.10619e-07 0.04125 1.09132e-05 88.6783 7.24071e+19 3.62221e+15 5.89774e+14 5.21652e+14
600 1.10619e-07 0.04175 -7.80262e-07 89.0617 7.24071e+19 3.62113e+15 5.48503e+14 5.53374e+14
600 1.10619e-07 0.04225 -1.66673e-05 89.4672 7.24071e+19 3.62061e+15 5.44157e+14 6.48198e+14
600 1.10619e-07 0.04275 8.76783e-06 90.3432 7.24071e+19 3.62043e+15 5.8409e+14 5.2936e+14
600 1.10619e-07 0.04325 -6.14866e-06 90.9718 7.24071e+19 3.62037e+15 5.92469e+14 6.3085e+14
600 1.10619e-07 0.04375 -1.5792e-05 91.7739 7.24071e+19 3.62037e+15 5.81657e+14 6.80234e+14
600 1.10619e-07 0.04425 1.16735e-05 93.0219 7.24071e+19 3.6204e+15 5.24008e+14 4.5114e+14
600 1.10619e-07 0.04475 1.02821e-05 93.9403 7.24071e+19 3.6205e+15 5.7492e+14 5.10738e+14
600 1.10619e-07 0.04525 9.39741e-06 94.5684 7.24071e+19 3.62078e+15 5.9919e+14 5.4053e+14
600 1.10619e-07 0.04575 5.63775e-06 94.9312 7.24071e+19 3.62134e+15 6.03783e+14 5.68592e+14
600 1.10619e-07 0.04625 3.3275e-06 95.1347 7.24071e+19 3.62206e+15 5.26978e+14 5.06207e+14
600 1.10619e-07 0.04675 3.2845e-06 95.2443 7.24071e+19 3.62238e+15 4.97533e+14 4.7703e+14
600 1.10619e-07 0.04725 -1.41475e-05 95.2612 7.24071e+19 3.6219e+15 5.23321e+14 6.11632e+14
600 1.10619e-07 0.04775 -7.86429e-06 95.6775 7.24071e+19 3.62118e+15 5.04693e+14 5.53784e+14
600 1.10619e-07 0.04825 -3.70563e-07 96.3159 7.24071e+19 3.62069e+15 5.54169e+14 5.56482e+14
600 1.10619e-07 0.04875 6.6919e-06 96.9647 7.24071e+19 3.62048e+15 6.10958e+14 5.69186e+14
600 1.10619e-07 0.04925 -6.8962e-09 97.4246 7.24071e+19 3.62047e+15 5.84959e+14 5.85002e+14
600 1.10619e-07 0.04975 -2.31547e-06 97.8847 7.24071e+19 3.62073e+15 5.84215e+14 5.98668e+14
600 1.10619e-07 0.05025 -4.57596e-06 98.4102 7.24071e+19 3.62298e+15 5.1413e+14 5.42694e+14
600 1.10619e-07 0.05075 1.84423e-06 99.0649 7.24071e+19 3.63071e+15 5.45405e+14 5.33893e+14
600 1.10619e-07 0.05125 3.2139e-06 99.6675 7.24071e+19 3.62676e+15 5.91276e+14 5.71214e+14
600 1.10619e-07 0.05175 9.10904e-06 100.179 7.24071e+19 3.62579e+15 5.88382e+14 5.31521e+14
600 1.10619e-07 0.05225 -3.44478e-06 100.434 7.24071e+19 3.62676e+15 4.61835e+14 4.83338e+14
600 1.10619e-07 0.05275 -4.51155e-07 100.786 7.24071e+19 3.62507e+15 4.28474e+14 4.31291e+14
600 1.10619e-07 0.05325 -2.61867e-05 101.151 7.24071e+19 3.62296e+15 4.78106e+14 6.41569e+14
600 1.10619e-07 0.05375 -8.82067e-07 102.255 7.24071e+19 3.62171e+15 5.60869e+14 5.66375e+14
600 1.10619e-07 0.05425 1.49257e-05 103.384 7.24071e+19 3.62126e+15 5.91151e+14 4.97981e+14
600 1.10619e-07 0.05475 9.09254e-07 104.091 7.24071e+19 3.62137e+15 5.16964e+14 5.11288e+14
600 1.10619e-07 0.05525 -1.22685e-05 104.773 7.24071e+19 3.62186e+15 4.50929e+14 5.27512e+14
600 1.10619e-07 0.05575 -4.91111e-06 105.801 7.24071e+19 3.62289e+15 5.53114e+14 5.83771e+14
600 1.10619e-07 0.05625 -5.39472e-06 106.968 7.24071e+19 3.62487e+15 5.22725e+14 5.56399e+14
600 1.10619e-07 0.05675 7.00839e-06 108.287 7.24071e+19 3.62431e+15 4.95219e+14 4.51472e+14
600 1.10619e-07 0.05725 -8.78453e-06 109.409 7.24071e+19 3.62189e+15 4.87419e+14 5.42254e+14
600 1.10619e-07 0.05775 1.88205e-06 110.778 7.24071e+19 3.62082e+15 5.29515e+14 5.17767e+14
600 1.10619e-07 0.05825 -5.77163e-06 112.094 7.24071e+19 3.6205e+15 5.14165e+14 5.50193e+14
600 1.10619e-07 0.05875 1.85256e-05 113.574 7.24071e+19 3.6204e+15 5.91912e+14 4.76272e+14
600 1.10619e-07 0.05925 1.42357e-05 114.53 7.24071e+19 3.62037e+15 5.62191e+14 4.73329e+14
600 1.10619e-07 0.05975 -8.21452e-06 115.084 7.24071e+19 3.62036e+15 4.62824e+14 5.14101e+14
600 1.10619e-07 0.06025 -1.2175e-05 115.87 7.24071e+19 3.62037e+15 4.70155e+14 5.46154e+14
600 1.10619e-07 0.06075 -4.29691e-06 117 7.24071e+19 3.62041e+15 5.82419e+14 6.09241e+14
600 1.10619e-07 0.06125 -8.19107e-06 118.251 7.24071e+19 3.62054e+15 5.86495e+14 6.37625e+14
600 1.10619e-07 0.06175 -5.46086e-06 119.734 7.24071e+19 3.62083e+15 5.02164e+14 5.36251e+14
600 1.10619e-07 0.06225 2.21808e-05 121.371 7.24071e+19 3.62135e+15 5.9021e+14 4.51753e+14
600 1.10619e-07 0.06275 2.2689e-05 122.381 7.24071e+19 3.62195e+15 6.01034e+14 4.59405e+14
600 1.10619e-07 0.06325 -2.80587e-06 122.751 7.24071e+19 3.62222e+15 5.15635e+14 5.3315e+14
600 1.10619e-07 0.06375 -1.77848e-05 123.2 7.24071e+19 3.62192e+15 4.9207e+14 6.03086e+14
600 1.10619e-07 0.06425 -9.89406e-06 124.151 7.24071e+19 3.62145e+15 5.33004e+14 5.94765e+14
600 1.10619e-07 0.06475 -8.00999e-06 125.381 7.24071e+19 3.62133e+15 5.46544e+14 5.96544e+14
600 1.10619e-07 0.06525 3.908e-06 126.838 7.24071e+19 3.62169e+15 5.80815e+14 5.5642e+14
600 1.10619e-07 0.06575 1.54921e-05 128.185 7.24071e+19 3.6222e+15 5.86572e+14 4.89867e+14
600 1.10619e-07 0.06625 -5.02073e-06 129.093 7.24071e+19 3.62225e+15 4.91018e+14 5.22359e+14
600 1.10619e-07 0.06675 -1.71308e-06 130.144 7.24071e+19 3.62169e+15 5.21523e+14 5.32217e+14
600 1.10619e-07 0.06725 1.90331e-05 131.243 7.24071e+19 3.62106e+15 5.67117e+14 4.48309e+14
600 1.10619e-07 0.06775 -6.39956e-06 131.805 7.24071e+19 3.62076e+15 4.98662e+14 5.38609e+14
600 1.10619e-07 0.06825 -1.79502e-05 132.547 7.24071e+19 3.62105e+15 5.38699e+14 6.50748e+14
600 1.10619e-07 0.06875 6.00346e-06 133.796 7.24071e+19 3.62231e+15 5.89587e+14 5.52113e+14
600 1.10619e-07 0.06925 2.63507e-06 134.876 7.24071e+19 3.62388e+15 5.68086e+14 5.51638e+14
600 1.10619e-07 0.06975 1.63527e-06 135.881 7.24071e+19 3.62291e+15 5.384e+14 5.28193e+14
600 1.10619e-07 0.07025 -2.21671e-06 136.84 7.24071e+19 3.62245e+15 4.82816e+14 4.96653e+14
600 1.10619e-07 0.07075 -8.70831e-06 137.862 7.24071e+19 3.6227e+15 4.71316e+14 5.25675e+14
600 1.10619e-07 0.07125 4.80751e-06 139.13 7.24071e+19 3.62342e+15 5.25037e+14 4.95028e+14
600 1.10619e-07 0.07175 -6.68513e-06 140.261 7.24071e+19 3.62591e+15 4.66011e+14 5.07741e+14
600 1.10619e-07 0.07225 2.2179e-05 141.582 7.24071e+19 3.62245e+15 5.60457e+14 4.22011e+14
600 1.10619e-07 0.07275 2.66552e-05 142.276 7.24071e+19 3.62085e+15 5.51624e+14 3.85237e+14
600 1.10619e-07 0.07325 5.34879e-06 142.218 7.24071e+19 3.62071e+15 4.9193e+14 4.58542e+14
600 1.10619e-07 0.07375 -2.02973e-05 142.009 7.24071e+19 3.62156e+15 4.40584e+14 5.67284e+14
600 1.10619e-07 0.07425 -1.05654e-05 142.373 7.24071e+19 3.62328e+15 5.31379e+14 5.9733e+14
600 1.10619e-07 0.07475 -4.78825e-06 143.035 7.24071e+19 3.62287e+15 5.35811e+14 5.65701e+14
600 1.10619e-07 0.07525 1.56789e-05 143.832 7.24071e+19 3.62129e+15 6.60189e+14 5.62318e+14
600 1.10619e-07 0.07575 3.61105e-06 144.187 7.24071e+19 3.62057e+15 5.80929e+14 5.58388e+14
600 1.10619e-07 0.07625 -1.28619e-05 144.439 7.24071e+19 3.62039e+15 5.47811e+14 6.28097e+14
600 1.10619e-07 0.07675 3.39858e-06 145.055 7.24071e+19 3.62036e+15 5.923e+14 5.71086e+14
600 1.10619e-07 0.07725 2.31005e-05 145.575 7.24071e+19 3.62036e+15 6.70719e+14 5.26522e+14
600 1.10619e-07 0.07775 -1.05424e-05 145.443 7.24071e+19 3.62036e+15 5.83052e+14 6.4886e+14
600 1.10619e-07 0.07825 1.04517e-05 145.608 7.24071e+19 3.62037e+15 6.3684e+14 5.71599e+14
600 1.10619e-07 0.07875 2.73305e-05 145.478 7.24071e+19 3.62044e+15 5.56082e+14 3.85479e+14
600 1.10619e-07 0.07925 3.78746e-05 144.576 7.24071e+19 3.62067e+15 5.81487e+14 3.45067e+14
600 1.10619e-07 0.07975 4.96052e-05 142.605 7.24071e+19 3.62124e+15 5.63071e+14 2.53426e+14
600 1.10619e-07 0.08025 6.74517e-05 139.234 7.24071e+19 3.6221e+15 5.1031e+14 8.92633e+13
600 1.10619e-07 0.08075 7.30743e-05 133.958 7.24071e+19 3.62224e+15 5.08623e+14 5.24793e+13
600 1.10619e-07 0.08125 8.02612e-05 126.618 7.24071e+19 3.62e+15 5.08345e+14 7.33909e+12
600 1.10619e-07 0.08175 8.76467e-05 117.013 7.24071e+19 3.61388e+15 5.47108e+14 0
600 1.10619e-07 0.08225 6.88317e-05 104.932 7.24071e+19 3.59695e+15 4.29661e+14 0
600 1.10619e-07 0.08275 8.7725e-05 90.908 7.24071e+19 3.55037e+15 5.47597e+14 0
600 1.10619e-07 0.08325 7.60832e-05 74.407 7.24071e+19 3.43493e+15 4.74926e+14 0
600 1.10619e-07 0.08375 6.87938e-05 55.7577 7.24072e+19 3.18495e+15 4.29424e+14 0
600 1.10619e-07 0.08425 7.6537e-05 35.166 7.24073e+19 2.71888e+15 4.77759e+14 0
600 1.10619e-07 0.08475 7.34382e-05 12.4132 7.24074e+19 1.97943e+15 4.58415e+14 0
600 1.10619e-07 0.08525 0 0 0 0 0 0
600 1.10619e-07 0.08575 0 0 0 0 0 0
600 1.10619e-07 0.08625 0 0 0 0 0 0
600 1.10619e-07 0.08675 0 0 0 0 0 0
600 1.10619e-07 0.08725 0 0 0 0 0 0
600 1.10619e-07 0.08775 0 0 0 0 0 0
600 1.10619e-07 0.08825 0 0 0 0 0 0
600 1.10619e-07 0.08875 0 0 0 0 0 0
600 1.10619e-07 0.08925 0 0 0 0 0 0
600 1.10619e-07 0.08975 0 0 0 0 0 0
600 1.10619e-07 0.09025 0 0 0 0 0 0
600 1.10619e-07 0.09075 0 0 0 0 0 0
600 1.10619e-07 0.09125 0 0 0 0 0 0
600 1.10619e-07 0.09175 0 0 0 0 0 0
600 1.10619e-07 0.09225 0 0 0 0 0 0
600 1.10619e-07 0.09275 0 0 0 0 0 0
600 1.10619e-07 0.09325 0 0 0 0 0 0
600 1.10619e-07 0.09375 0 0 0 0 0 0
600 1.10619e-07 0.09425 0 0 0 0 0 0
600 1.10619e-07 0.09475 0 0 0 0 0 0
800 1.47493e-07 0.00025 0 70.1057 0 0 0 0
800 1.47493e-07 0.00075 0 70.1057 0 0 0 0
800 1.47493e-07 0.00125 0 70.1057 0 0 0 0
800 1.47493e-07 0.00175 0 70.1057 0 0 0 0
800 1.47493e-07 0.00225 0 70.1057 0 0 0 0
800 1.47493e-07 0.00275 0 70.1057 0 0 0 0
800 1.47493e-07 0.00325 0 70.1057 0 0 0 0
800 1.47493e-07 0.00375 0 70.1057 0 0 0 0
800 1.47493e-07 0.00425 0 70.1057 0 0 0 0
800 1.47493e-07 0.00475 0 70.1057 0 0 0 0
800 1.47493e-07 0.00525 0 70.1057 0 0 0 0
800 1.47493e-07 0.00575 0 70.1057 0 0 0 0
800 1.47493e-07 0.00625 0 70.1057 0 0 0 0
800 1.47493e-07 0.00675 0 70.1057 0 0 0 0
800 1.47493e-07 0.00725 0 70.1057 0 0 0 0
800 1.47493e-07 0.00775 0 70.1057 0 0 0 0
800 1.47493e-07 0.00825 0 70.1057 0 0 0 0
800 1.47493e-07 0.00875 0 70.1057 0 0 0 0
800 1.47493e-07 0.00925 0 70.1057 0 0 0 0
800 1.47493e-07 0.00975 0 70.1057 0 0 0 0
800 1.47493e-07 0.01025 7.89248e-05 79.2075 7.24075e+19 1.79706e+15 4.92664e+14 0
800 1.47493e-07 0.01075 7.23103e-05 95.1825 7.24073e+19 2.51181e+15 4.51375e+14 0
800 1.47493e-07 0.01125 6.62401e-05 109.116 7.24072e+19 3.01054e+15 4.13484e+14 0
800 1.47493e-07 0.01175 7.08888e-05 121.179 7.24072e+19 3.31687e+15 4.42502e+14 0
800 1.47493e-07 0.01225 7.11383e-05 131.24 7.24071e+19 3.48346e+15 4.50011e+14 5.95192e+12
800 1.47493e-07 0.01275 6.99151e-05 139.293 7.24071e+19 3.56422e+15 4.44069e+14 7.6455e+12
800 1.47493e-07 0.01325 7.3847e-05 145.372 7.24071e+19 3.59944e+15 5.06696e+14 4.57278e+13
800 1.47493e-07 0.01375 5.77467e-05 149.365 7.24071e+19 3.61349e+15 4.88126e+14 1.2766e+14
800 1.47493e-07 0.01425 4.505e-05 151.728 7.24071e+19 3.619e+15 5.34248e+14 2.53037e+14
800 1.47493e-07 0.01475 2.06375e-05 152.819 7.24071e+19 3.62179e+15 4.91918e+14 3.63095e+14
800 1.47493e-07 0.01525 1.50252e-06 153.327 7.24071e+19 3.62423e+15 4.38714e+14 4.29335e+14
800 1.47493e-07 0.01575 5.30502e-06 153.793 7.24071e+19 3.62531e+15 5.29505e+14 4.9639e+14
800 1.47493e-07 0.01625 1.07351e-05 154.109 7.24071e+19 3.62279e+15 5.06084e+14 4.39074e+14
800 1.47493e-07 0.01675 -6.94692e-06 154.122 7.24071e+19 3.62121e+15 4.96521e+14 5.39885e+14
800 1.47493e-07 0.01725 9.8131e-06 154.331 7.24071e+19 3.62062e+15 5.72312e+14 5.11056e+14
800 1.47493e-07 0.01775 1.2218e-05 154.263 7.24071e+19 3.62043e+15 5.59906e+14 4.8364e+14
800 1.47493e-07 0.01825 -2.16016e-06 153.85 7.24071e+19 3.62038e+15 5.41404e+14 5.54888e+14
800 1.47493e-07 0.01875 1.09833e-05 153.498 7.24071e+19 3.62036e+15 6.32147e+14 5.63587e+14
800 1.47493e-07 0.01925 -8.11948e-06 152.836 7.24071e+19 3.62036e+15 5.21435e+14 5.72118e+14
800 1.47493e-07 0.01975 -7.18188e-06 152.403 7.24071e+19 3.62036e+15 5.81504e+14 6.26335e+14
800 1.47493e-07 0.02025 7.7515e-06 152.173 7.24071e+19 3.62036e+15 5.83198e+14 5.34811e+14
800 1.47493e-07 0.02075 -4.2567e-06 151.724 7.24071e+19 3.62036e+15 6.68076e+14 6.94647e+14
800 1.47493e-07 0.02125 3.44322e-06 151.395 7.24071e+19 3.62036e+15 6.98391e+14 6.76897e+14
800 1.47493e-07 0.02175 -9.37494e-06 150.969 7.24071e+19 3.62036e+15 5.78455e+14 6.36975e+14
800 1.47493e-07 0.02225 5.41997e-06 150.808 7.24071e+19 3.62038e+15 5.54077e+14 5.20245e+14
800 1.47493e-07 0.02275 -1.95091e-06 150.493 7.24071e+19 3.62042e+15 6.00578e+14 6.12756e+14
800 1.47493e-07 0.02325 5.44544e-06 150.234 7.24071e+19 3.62052e+15 5.88085e+14 5.54093e+14
800 1.47493e-07 0.02375 -4.61024e-06 149.821 7.24071e+19 3.62071e+15 6.19013e+14 6.47791e+14
800 1.47493e-07 0.02425 1.5072e-05 149.538 7.24071e+19 3.62105e+15 6.6255e+14 5.68467e+14
800 1.47493e-07 0.02475 -1.80727e-06 148.83 7.24071e+19 3.6215e+15 6.3034e+14 6.41622e+14
800 1.47493e-07 0.02525 2.3584e-06 148.172 7.24071e+19 3.62199e+15 6.68595e+14 6.53873e+14
800 1.47493e-07 0.02575 7.64394e-06 147.448 7.24071e+19 3.62235e+15 6.58512e+14 6.10797e+14
800 1.47493e-07 0.02625 -6.34581e-06 146.509 7.24071e+19 3.6225e+15 5.5948e+14 5.99092e+14
800 1.47493e-07 0.02675 -5.64406e-06 145.748 7.24071e+19 3.62244e+15 5.00849e+14 5.36081e+14
800 1.47493e-07 0.02725 1.04831e-05 145.147 7.24071e+19 3.62222e+15 5.01952e+14 4.36515e+14
800 1.47493e-07 0.02775 -8.71306e-06 144.249 7.24071e+19 3.62188e+15 4.65243e+14 5.19631e+14
800 1.47493e-07 0.02825 4.6343e-06 143.598 7.24071e+19 3.62149e+15 4.77332e+14 4.48404e+14
800 1.47493e-07 0.02875 1.40223e-05 142.816 7.24071e+19 3.62117e+15 5.29483e+14 4.41953e+14
800 1.47493e-07 0.02925 -1.68915e-05 141.638 7.24071e+19 3.62115e+15 4.23656e+14 5.29096e+14
800 1.47493e-07 0.02975 7.32727e-06 140.937 7.24071e+19 3.62197e+15 5.53753e+14 5.08014e+14
800 1.47493e-07 0.03025 1.33687e-05 140.029 7.24071e+19 3.62426e+15 6.07017e+14 5.23567e+14
800 1.47493e-07 0.03075 1.80905e-05 138.744 7.24071e+19 3.62646e+15 6.12733e+14 4.99809e+14
800 1.47493e-07 0.03125 1.29163e-06 136.947 7.24071e+19 3.62563e+15 6.29097e+14 6.21034e+14
800 1.47493e-07 0.03175 -1.42375e-05 135.115 7.24071e+19 3.62658e+15 5.88133e+14 6.77006e+14
800 1.47493e-07 0.03225 -2.84865e-07 133.684 7.24071e+19 3.62505e+15 5.90422e+14 5.922e+14
800 1.47493e-07 0.03275 1.34302e-05 132.261 7.24071e+19 3.62257e+15 5.77492e+14 4.93658e+14
800 1.47493e-07 0.03325 -3.65982e-06 130.46 7.24071e+19 3.62164e+15 5.3233e+14 5.55176e+14
800 1.47493e-07 0.03375 -1.03753e-06 128.761 7.24071e+19 3.62136e+15 4.81113e+14 4.87589e+14
800 1.47493e-07 0.03425 2.01863e-06 127.092 7.24071e+19 3.62141e+15 4.971e+14 4.84499e+14
800 1.47493e-07 0.03475 -2.79158e-06 125.366 7.24071e+19 3.62171e+15 5.49551e+14 5.66977e+14
800 1.47493e-07 0.03525 4.47218e-06 123.718 7.24071e+19 3.62203e+15 5.57776e+14 5.29859e+14
800 1.47493e-07 0.03575 4.87658e-06 121.944 7.24071e+19 3.62212e+15 6.63191e+14 6.3275e+14
800 1.47493e-07 0.03625 -1.18869e-05 120.033 7.24071e+19 3.62196e+15 5.11828e+14 5.86028e+14
800 1.47493e-07 0.03675 2.28685e-06 118.457 7.24071e+19 3.62189e+15 5.30304e+14 5.16029e+14
800 1.47493e-07 0.03725 -6.28117e-06 116.817 7.24071e+19 3.6228e+15 4.08507e+14 4.47716e+14
800 1.47493e-07 0.03775 7.79487e-06 115.354 7.24071e+19 3.626e+15 5.24693e+14 4.76036e+14
800 1.47493e-07 0.03825 -3.61259e-07 113.671 7.24071e+19 3.62454e+15 5.24056e+14 5.26312e+14
800 1.47493e-07 0.03875 1.04291e-05 111.998 7.24071e+19 3.62319e+15 6.12019e+14 5.46919e+14
800 1.47493e-07 0.03925 -1.9702e-05 110.031 7.24071e+19 3.62335e+15 4.89288e+14 6.12272e+14
800 1.47493e-07 0.03975 5.26892e-06 108.62 7.24071e+19 3.62399e+15 5.2855e+14 4.95661e+14
800 1.47493e-07 0.04025 -2.07859e-06 107.06 7.24071e+19 3.6248e+15 4.98469e+14 5.11444e+14
800 1.47493e-07 0.04075 1.23402e-05 105.559 7.24071e+19 3.62567e+15 5.38953e+14 4.61923e+14
800 1.47493e-07 0.04125 1.99099e-06 103.709 7.24071e+19 3.62521e+15 5.86724e+14 5.74296e+14
800 1.47493e-07 0.04175 -2.87438e-05 101.803 7.24071e+19 3.62279e+15 5.47138e+14 7.26563e+14
800 1.47493e-07 0.04225 1.99818e-06 100.709 7.24071e+19 3.62123e+15 5.49555e+14 5.37082e+14
800 1.47493e-07 0.04275 6.9709e-06 99.5588 7.24071e+19 3.62064e+15 5.84347e+14 5.40833e+14
800 1.47493e-07 0.04325 7.13656e-06 98.2113 7.24071e+19 3.62045e+15 5.88358e+14 5.4381e+14
800 1.47493e-07 0.04375 -3.12148e-06 96.6624 7.24071e+19 3.62042e+15 5.84835e+14 6.0432e+14
800 1.47493e-07 0.04425 -6.55822e-06 95.2017 7.24071e+19 3.62048e+15 5.25946e+14 5.66884e+14
800 1.47493e-07 0.04475 -5.58738e-06 93.9261 7.24071e+19 3.62064e+15 5.78327e+14 6.13205e+14
800 1.47493e-07 0.04525 -7.21578e-06 92.8082 7.24071e+19 3.62095e+15 6.11027e+14 6.56069e+14
800 1.47493e-07 0.04575 3.97603e-06 91.8941 7.24071e+19 3.62138e+15 6.01309e+14 5.7649e+14
800 1.47493e-07 0.04625 5.64896e-06 90.8678 7.24071e+19 3.62178e+15 5.36237e+14 5.00975e+14
800 1.47493e-07 0.04675 -2.62463e-06 89.6819 7.24071e+19 3.62192e+15 5.00566e+14 5.1695e+14
800 1.47493e-07 0.04725 -8.64935e-06 88.5701 7.24071e+19 3.6217e+15 5.2114e+14 5.75131e+14
800 1.47493e-07 0.04775 -7.48555e-06 87.7026 7.24071e+19 3.62127e+15 5.06559e+14 5.53286e+14
800 1.47493e-07 0.04825 1.4451e-05 87.0464 7.24071e+19 3.6209e+15 5.51682e+14 4.61476e+14
800 1.47493e-07 0.04875 4.73789e-06 85.9822 7.24071e+19 3.62075e+15 6.06546e+14 5.76971e+14
800 1.47493e-07 0.04925 -1.19035e-05 84.7842 7.24071e+19 3.62105e+15 5.87847e+14 6.62151e+14
800 1.47493e-07 0.04975 -1.2168e-06 83.9224 7.24071e+19 3.62215e+15 5.89246e+14 5.96842e+14
800 1.47493e-07 0.05025 1.02965e-06 83.0948 7.24071e+19 3.6243e+15 5.2282e+14 5.16392e+14
800 1.47493e-07 0.05075 3.29267e-06 82.2382 7.24071e+19 3.62649e+15 5.47659e+14 5.27105e+14
800 1.47493e-07 0.05125 -1.00444e-05 81.2887 7.24071e+19 3.62686e+15 5.865e+14 6.49199e+14
800 1.47493e-07 0.05175 2.07555e-05 80.6227 7.24071e+19 3.62639e+15 5.80496e+14 4.50936e+14
800 1.47493e-07 0.05225 -9.45393e-06 79.3707 7.24071e+19 3.62579e+15 4.6469e+14 5.23703e+14
800 1.47493e-07 0.05275 -8.02141e-06 78.3856 7.24071e+19 3.6248e+15 4.3517e+14 4.85241e+14
800 1.47493e-07 0.05325 -1.21611e-05 77.6271 7.24071e+19 3.62388e+15 4.77258e+14 5.53171e+14
800 1.47493e-07 0.05375 -1.29162e-05 77.2119 7.24071e+19 3.62424e+15 5.67364e+14 6.47989e+14
800 1.47493e-07 0.05425 1.25857e-05 77.1614 7.24071e+19 3.62553e+15 5.86944e+14 5.08382e+14
800 1.47493e-07 0.05475 -2.4923e-06 76.7555 7.24071e+19 3.62322e+15 5.18072e+14 5.33629e+14
800 1.47493e-07 0.05525 -1.49199e-05 76.42 7.24071e+19 3.62254e+15 4.57208e+14 5.50341e+14
800 1.47493e-07 0.05575 -1.04225e-05 76.5058 7.24071e+19 3.62306e+15 5.51675e+14 6.16734e+14
800 1.47493e-07 0.05625 2.04057e-07 76.8859 7.24071e+19 3.62361e+15 5.21204e+14 5.1993e+14
800 1.47493e-07 0.05675 -9.20503e-06 77.2602 7.24071e+19 3.62334e+15 5.06008e+14 5.63467e+14
800 1.47493e-07 0.05725 -9.3493e-07 77.8944 7.24071e+19 3.62246e+15 4.9536e+14 5.01196e+14
800 1.47493e-07 0.05775 1.20629e-05 78.555 7.24071e+19 3.622e+15 5.26778e+14 4.51479e+14
800 1.47493e-07 0.05825 3.30234e-06 78.875 7.24071e+19 3.62265e+15 5.16337e+14 4.95723e+14
800 1.47493e-07 0.05875 5.0982e-06 79.1018 7.24071e+19 3.62352e+15 5.88465e+14 5.56641e+14
800 1.47493e-07 0.05925 -6.05653e-06 79.1846 7.24071e+19 3.6221e+15 5.58353e+14 5.96159e+14
800 1.47493e-07 0.05975 4.62604e-06 79.4385 7.24071e+19 3.62093e+15 4.67504e+14 4.38627e+14
800 1.47493e-07 0.06025 -6.48268e-06 79.5617 7.24071e+19 3.62053e+15 4.73593e+14 5.14059e+14
800 1.47493e-07 0.06075 -1.31815e-05 79.8679 7.24071e+19 3.62051e+15 5.79549e+14 6.6183e+14
800 1.47493e-07 0.06125 1.05074e-05 80.5464 7.24071e+19 3.62067e+15 5.84962e+14 5.19373e+14
800 1.47493e-07 0.06175 3.27059e-06 80.9281 7.24071e+19 3.62097e+15 5.14869e+14 4.94453e+14
800 1.47493e-07 0.06225 -1.75265e-06 81.2175 7.24071e+19 3.62137e+15 5.87557e+14 5.98498e+14
800 1.47493e-07 0.06275 9.12638e-07 81.5564 7.24071e+19 3.62179e+15 6.01226e+14 5.95529e+14
800 1.47493e-07 0.06325 1.8884e-06 81.8696 7.24071e+19 3.62224e+15 5.21364e+14 5.09577e+14
800 1.47493e-07 0.06375 -3.59071e-06 82.1294 7.24071e+19 3.62319e+15 4.92044e+14 5.14458e+14
800 1.47493e-07 0.06425 7.77523e-07 82.4906 7.24071e+19 3.62478e+15 5.3782e+14 5.32967e+14
800 1.47493e-07 0.06475 4.40452e-06 82.8298 7.24071e+19 3.62384e+15 5.46807e+14 5.19314e+14
800 1.47493e-07 0.06525 6.32354e-06 83.0447 7.24071e+19 3.62254e+15 5.83223e+14 5.43751e+14
800 1.47493e-07 0.06575 -1.02246e-05 83.081 7.24071e+19 3.6221e+15 5.86977e+14 6.50801e+14
800 1.47493e-07 0.06625 -1.96085e-05 83.406 7.24071e+19 3.62193e+15 4.94448e+14 6.16849e+14
800 1.47493e-07 0.06675 1.79409e-05 84.2847 7.24071e+19 3.62163e+15 5.28085e+14 4.16094e+14
800 1.47493e-07 0.06725 6.52e-06 84.6568 7.24071e+19 3.6213e+15 5.65151e+14 5.24451e+14
800 1.47493e-07 0.06775 -5.24082e-06 84.8448 7.24071e+19 3.62122e+15 5.00439e+14 5.33153e+14
800 1.47493e-07 0.06825 -1.99672e-05 85.1808 7.24071e+19 3.62157e+15 5.48559e+14 6.73198e+14
800 1.47493e-07 0.06875 7.30439e-06 86.0806 7.24071e+19 3.62227e+15 5.87874e+14 5.42279e+14
800 1.47493e-07 0.06925 8.45916e-06 86.7742 7.24071e+19 3.62286e+15 5.67089e+14 5.14285e+14
800 1.47493e-07 0.06975 1.62349e-05 87.2288 7.24071e+19 3.62301e+15 5.37971e+14 4.36629e+14
800 1.47493e-07 0.07025 -3.50909e-06 87.2251 7.24071e+19 3.62356e+15 4.84075e+14 5.05979e+14
800 1.47493e-07 0.07075 -7.57648e-06 87.3205 7.24071e+19 3.62616e+15 4.8207e+14 5.29364e+14
800 1.47493e-07 0.07125 -7.78226e-06 87.6298 7.24071e+19 3.62696e+15 5.21776e+14 5.70354e+14
800 1.47493e-07 0.07175 -5.05416e-06 88.1588 7.24071e+19 3.62447e+15 4.68195e+14 4.99744e+14
800 1.47493e-07 0.07225 7.65731e-06 88.8305 7.24071e+19 3.62288e+15 5.55437e+14 5.07639e+14
800 1.47493e-07 0.07275 1.15678e-05 89.2861 7.24071e+19 3.6218e+15 5.50944e+14 4.78736e+14
800 1.47493e-07 0.07325 1.0644e-05 89.415 7.24071e+19 3.62147e+15 4.92152e+14 4.2571e+14
800 1.47493e-07 0.07375 -9.41389e-07 89.2433 7.24071e+19 3.62183e+15 4.5413e+14 4.60006e+14
800 1.47493e-07 0.07425 2.93801e-06 89.0983 7.24071e+19 3.6223e+15 5.37567e+14 5.19227e+14
800 1.47493e-07 0.07475 -2.16201e-05 88.8703 7.24071e+19 3.62218e+15 5.39067e+14 6.74024e+14
800 1.47493e-07 0.07525 1.03704e-05 89.2527 7.24071e+19 3.62155e+15 6.5315e+14 5.88416e+14
800 1.47493e-07 0.07575 1.2143e-05 89.3423 7.24071e+19 3.62096e+15 5.87906e+14 5.12107e+14
800 1.47493e-07 0.07625 -2.51782e-06 89.0891 7.24071e+19 3.62082e+15 5.54082e+14 5.69799e+14
800 1.47493e-07 0.07675 5.86549e-06 88.907 7.24071e+19 3.6219e+15 5.94056e+14 5.57442e+14
800 1.47493e-07 0.07725 7.29499e-06 88.5592 7.24071e+19 3.62693e+15 6.62703e+14 6.17166e+14
800 1.47493e-07 0.07775 -1.63386e-05 88.0054 7.24071e+19 3.62707e+15 5.89809e+14 6.91798e+14
800 1.47493e-07 0.07825 1.33991e-05 87.913 7.24071e+19 3.62368e+15 6.27458e+14 5.43818e+14
800 1.47493e-07 0.07875 1.21567e-05 87.4423 7.24071e+19 3.62411e+15 5.45517e+14 4.69632e+14
800 1.47493e-07 0.07925 9.89489e-06 86.6283 7.24071e+19 3.62276e+15 5.60045e+14 4.9828e+14
800 1.47493e-07 0.07975 9.48972e-06 85.5349 7.24071e+19 3.6218e+15 5.48535e+14 4.89299e+14
800 1.47493e-07 0.08025 1.19723e-05 84.1736 7.24071e+19 3.62134e+15 4.81531e+14 4.06797e+14
800 1.47493e-07 0.08075 3.46485e-05 82.4742 7.24071e+19 3.61979e+15 4.98422e+14 2.82139e+14
800 1.47493e-07 0.08125 5.54221e-05 79.7965 7.24071e+19 3.61452e+15 4.79915e+14 1.3396e+14
800 1.47493e-07 0.08175 6.7787e-05 75.5539 7.24071e+19 3.60013e+15 4.8436e+14 6.12209e+13
800 1.47493e-07 0.08225 6.64956e-05 69.3972 7.24071e+19 3.56445e+15 4.38916e+14 2.38374e+13
800 1.47493e-07 0.08275 7.09265e-05 61.363 7.24071e+19 3.48322e+15 4.55831e+14 1.30939e+13
800 1.47493e-07 0.08325 7.89807e-05 51.3262 7.24072e+19 3.31618e+15 4.94759e+14 1.74547e+12
800 1.47493e-07 0.08375 6.62447e-05 39.0592 7.24072e+19 3.00939e+15 4.13513e+14 0
800 1.47493e-07 0.08425 6.35556e-05 24.9218 7.24074e+19 2.51041e+15 3.96727e+14 0
800 1.47493e-07 0.08475 7.25242e-05 8.98987 7.24076e+19 1.7958e+15 4.52711e+14 0
800 1.47493e-07 0.08525 0 0 0 0 0 0
800 1.47493e-07 0.08575 0 0 0 0 0 0
800 1.47493e-07 0.08625 0 0 0 0 0 0
800 1.47493e-07 0.08675 0 0 0 0 0 0
800 1.47493e-07 0.08725 0 0 0 0 0 0
800 1.47493e-07 0.08775 0 0 0 0 0 0
800 1.47493e-07 0.08825 0 0 0 0 0 0
800 1.47493e-07 0.08875 0 0 0 0 0 0
800 1.47493e-07 0.08925 0 0 0 0 0 0
800 1.47493e-07 0.08975 0 0 0 0 0 0
800 1.47493e-07 0.09025 0 0 0 0 0 0
800 1.47493e-07 0.09075 0 0 0 0 0 0
800 1.47493e-07 0.09125 0 0 0 0 0 0
800 1.47493e-07 0.09175 0 0 0 0 0 0
800 1.47493e-07 0.09225 0 0 0 0 0 0
800 1.47493e-07 0.09275 0 0 0 0 0 0
800 1.47493e-07 0.09325 0 0 0 0 0 0
800 1.47493e-07 0.09375 0 0 0 0 0 0
800 1.47493e-07 0.09425 0 0 0 0 0 0
800 1.47493e-07 0.09475 0 0 0 0 0 0
1000 1.84366e-07 0.00025 0 87.1119 0 0 0 0
1000 1.84366e-07 0.00075 0 87.1119 0 0 0 0
1000 1.84366e-07 0.00125 0 87.1119 0 0 0 0
1000 1.84366e-07 0.00175 0 87.1119 0 0 0 0
1000 1.84366e-07 0.00225 0 87.1119 0 0 0 0
1000 1.84366e-07 0.00275 0 87.1119 0 0 0 0
1000 1.84366e-07 0.00325 0 87.1119 0 0 0 0
1000 1.84366e-07 0.00375 0 87.1119 0 0 0 0
1000 1.84366e-07 0.00425 0 87.1119 0 0 0 0
1000 1.84366e-07 0.00475 0 87.1119 0 0 0 0
1000 1.84366e-07 0.00525 0 87.1119 0 0 0 0
1000 1.84366e-07 0.00575 0 87.1119 0 0 0 0
1000 1.84366e-07 0.00625 0 87.1119 0 0 0 0
1000 1.84366e-07 0.00675 0 87.1119 0 0 0 0
1000 1.84366e-07 0.00725 0 87.1119 0 0 0 0
1000 1.84366e-07 0.00775 0 87.1119 0 0 0 0
1000 1.84366e-07 0.00825 0 87.1119 0 0 0 0
1000 1.84366e-07 0.00875 0 87.1119 0 0 0 0
1000 1.84366e-07 0.00925 0 87.1119 0 0 0 0
1000 1.84366e-07 0.00975 0 87.1119 0 0 0 0
1000 1.84366e-07 0.01025 5.79256e-05 91.7391 7.24077e+19 1.6582e+15 3.76274e+14 1.46908e+13
1000 1.84366e-07 0.01075 6.25149e-05 99.3579 7.24074e+19 2.34471e+15 3.93903e+14 3.67262e+12
1000 1.84366e-07 0.01125 6.14301e-05 105.212 7.24073e+19 2.8558e+15 4.03925e+14 2.04668e+13
1000 1.84366e-07 0.01175 4.77645e-05 109.331 7.24072e+19 3.19846e+15 3.90566e+14 9.24105e+13
1000 1.84366e-07 0.01225 3.3504e-05 112.101 7.24072e+19 3.40597e+15 4.27401e+14 2.18262e+14
1000 1.84366e-07 0.01275 1.85702e-05 113.926 7.24071e+19 3.51997e+15 4.34437e+14 3.18518e+14
1000 1.84366e-07 0.01325 8.06489e-06 115.226 7.24071e+19 3.5771e+15 4.54329e+14 4.03986e+14
1000 1.84366e-07 0.01375 5.70558e-06 116.298 7.24071e+19 3.60353e+15 4.8608e+14 4.50465e+14
1000 1.84366e-07 0.01425 5.69729e-06 117.209 7.24071e+19 3.61517e+15 5.01209e+14 4.65646e+14
1000 1.84366e-07 0.01475 5.13052e-06 117.96 7.24071e+19 3.62041e+15 4.68835e+14 4.3681e+14
1000 1.84366e-07 0.01525 -9.37825e-07 118.565 7.24071e+19 3.62286e+15 4.2894e+14 4.34794e+14
1000 1.84366e-07 0.01575 3.18457e-06 119.197 7.24071e+19 3.62352e+15 5.34111e+14 5.14232e+14
1000 1.84366e-07 0.01625 2.05793e-07 119.739 7.24071e+19 3.62282e+15 5.05599e+14 5.04314e+14
1000 1.84366e-07 0.01675 -5.34673e-06 120.276 7.24071e+19 3.62175e+15 5.05499e+14 5.38875e+14
1000 1.84366e-07 0.01725 2.4243e-06 120.963 7.24071e+19 3.62099e+15 5.65509e+14 5.50376e+14
1000 1.84366e-07 0.01775 4.6231e-06 121.582 7.24071e+19 3.6206e+15 5.55763e+14 5.26905e+14
1000 1.84366e-07 0.01825 -4.68887e-06 122.07 7.24071e+19 3.62044e+15 5.45137e+14 5.74406e+14
1000 1.84366e-07 0.01875 1.55317e-05 122.691 7.24071e+19 3.62038e+15 6.23048e+14 5.26096e+14
1000 1.84366e-07 0.01925 -1.24731e-05 122.873 7.24071e+19 3.62036e+15 5.3126e+14 6.09119e+14
1000 1.84366e-07 0.01975 -4.23555e-06 123.407 7.24071e+19 3.62037e+15 5.8184e+14 6.08279e+14
1000 1.84366e-07 0.02025 -8.34708e-06 124.061 7.24071e+19 3.6204e+15 5.84765e+14 6.36869e+14
1000 1.84366e-07 0.02075 2.01063e-05 124.951 7.24071e+19 3.62056e+15 6.64517e+14 5.39009e+14
1000 1.84366e-07 0.02125 1.1106e-05 125.272 7.24071e+19 3.62108e+15 6.95522e+14 6.26196e+14
1000 1.84366e-07 0.02175 -2.35887e-06 125.281 7.24071e+19 3.6222e+15 5.8107e+14 5.95795e+14
1000 1.84366e-07 0.02225 -1.28678e-05 125.356 7.24071e+19 3.62315e+15 5.57676e+14 6.37999e+14
1000 1.84366e-07 0.02275 3.12746e-06 125.794 7.24071e+19 3.62221e+15 5.96986e+14 5.77464e+14
1000 1.84366e-07 0.02325 -2.92061e-06 126.144 7.24071e+19 3.62125e+15 5.83662e+14 6.01893e+14
1000 1.84366e-07 0.02375 1.10511e-06 126.576 7.24071e+19 3.62099e+15 6.28321e+14 6.21423e+14
1000 1.84366e-07 0.02425 1.54815e-05 126.977 7.24071e+19 3.62116e+15 6.68635e+14 5.71996e+14
1000 1.84366e-07 0.02475 -1.07607e-07 126.941 7.24071e+19 3.62152e+15 6.37453e+14 6.38125e+14
1000 1.84366e-07 0.02525 5.03497e-06 126.908 7.24071e+19 3.6219e+15 6.65234e+14 6.33804e+14
1000 1.84366e-07 0.02575 -3.91307e-06 126.733 7.24071e+19 3.62219e+15 6.53887e+14 6.78313e+14
1000 1.84366e-07 0.02625 -9.80378e-06 126.669 7.24071e+19 3.62234e+15 5.75487e+14 6.36684e+14
1000 1.84366e-07 0.02675 -1.16441e-05 126.881 7.24071e+19 3.62231e+15 5.066e+14 5.79284e+14
1000 1.84366e-07 0.02725 5.68314e-07 127.422 7.24071e+19 3.62213e+15 5.04099e+14 5.00551e+14
1000 1.84366e-07 0.02775 -9.26452e-06 127.947 7.24071e+19 3.6219e+15 4.72483e+14 5.30314e+14
1000 1.84366e-07 0.02825 -6.38927e-06 128.734 7.24071e+19 3.62178e+15 4.7686e+14 5.16743e+14
1000 1.84366e-07 0.02875 1.51754e-05 129.7 7.24071e+19 3.62221e+15 5.25788e+14 4.3106e+14
1000 1.84366e-07 0.02925 -7.6747e-06 130.239 7.24071e+19 3.62368e+15 4.31626e+14 4.79533e+14
1000 1.84366e-07 0.02975 6.11292e-06 130.994 7.24071e+19 3.62557e+15 5.50579e+14 5.12421e+14
1000 1.84366e-07 0.03025 5.63796e-06 131.577 7.24071e+19 3.62575e+15 6.05516e+14 5.70323e+14
1000 1.84366e-07 0.03075 -4.48436e-06 132 7.24071e+19 3.62581e+15 6.12306e+14 6.40299e+14
1000 1.84366e-07 0.03125 -1.6377e-06 132.55 7.24071e+19 3.62579e+15 6.28786e+14 6.39009e+14
1000 1.84366e-07 0.03175 -1.12765e-06 133.146 7.24071e+19 3.6255e+15 5.89763e+14 5.96802e+14
1000 1.84366e-07 0.03225 2.97578e-06 133.774 7.24071e+19 3.62453e+15 5.98376e+14 5.798e+14
1000 1.84366e-07 0.03275 7.10043e-06 134.318 7.24071e+19 3.6232e+15 5.85884e+14 5.41562e+14
1000 1.84366e-07 0.03325 -1.08547e-05 134.662 7.24071e+19 3.62219e+15 5.268e+14 5.94557e+14
1000 1.84366e-07 0.03375 -3.42273e-06 135.312 7.24071e+19 3.62169e+15 4.93374e+14 5.1474e+14
1000 1.84366e-07 0.03425 -7.47559e-06 136.059 7.24071e+19 3.6216e+15 5.03304e+14 5.49968e+14
1000 1.84366e-07 0.03475 1.02968e-05 137.016 7.24071e+19 3.62173e+15 5.48318e+14 4.84043e+14
1000 1.84366e-07 0.03525 4.76982e-06 137.683 7.24071e+19 3.62191e+15 5.59553e+14 5.29779e+14
1000 1.84366e-07 0.03575 1.47856e-05 138.216 7.24071e+19 3.62203e+15 6.52994e+14 5.60699e+14
1000 1.84366e-07 0.03625 -1.11398e-07 138.331 7.24071e+19 3.62215e+15 5.10955e+14 5.1165e+14
1000 1.84366e-07 0.03675 -3.42771e-06 138.449 7.24071e+19 3.62254e+15 5.33762e+14 5.55158e+14
1000 1.84366e-07 0.03725 -1.11303e-05 138.664 7.24071e+19 3.62337e+15 4.12808e+14 4.82285e+14
1000 1.84366e-07 0.03775 1.04437e-05 139.193 7.24071e+19 3.62421e+15 5.28118e+14 4.62926e+14
1000 1.84366e-07 0.03825 2.38185e-06 139.427 7.24071e+19 3.62423e+15 5.20766e+14 5.05898e+14
1000 1.84366e-07 0.03875 8.71713e-06 139.594 7.24071e+19 3.62386e+15 6.04337e+14 5.49923e+14
1000 1.84366e-07 0.03925 -8.24587e-06 139.515 7.24071e+19 3.6238e+15 4.9643e+14 5.47903e+14
1000 1.84366e-07 0.03975 -8.71475e-06 139.668 7.24071e+19 3.62421e+15 5.33236e+14 5.87635e+14
1000 1.84366e-07 0.04025 -1.31195e-05 140.068 7.24071e+19 3.62503e+15 5.08138e+14 5.90032e+14
1000 1.84366e-07 0.04075 8.56204e-06 140.838 7.24071e+19 3.62637e+15 5.3957e+14 4.86124e+14
1000 1.84366e-07 0.04125 1.62082e-05 141.366 7.24071e+19 3.6276e+15 5.90431e+14 4.89256e+14
1000 1.84366e-07 0.04175 -2.96327e-06 141.437 7.24071e+19 3.62499e+15 5.46127e+14 5.64624e+14
1000 1.84366e-07 0.04225 -1.54009e-06 141.591 7.24071e+19 3.62244e+15 5.55744e+14 5.65358e+14
1000 1.84366e-07 0.04275 2.53914e-06 141.789 7.24071e+19 3.62124e+15 5.84247e+14 5.68398e+14
1000 1.84366e-07 0.04325 -4.47451e-06 141.916 7.24071e+19 3.62118e+15 5.8427e+14 6.12201e+14
1000 1.84366e-07 0.04375 -2.73738e-06 142.168 7.24071e+19 3.62242e+15 5.87596e+14 6.04683e+14
1000 1.84366e-07 0.04425 5.4644e-06 142.498 7.24071e+19 3.6242e+15 5.28826e+14 4.94716e+14
1000 1.84366e-07 0.04475 -1.50133e-05 142.673 7.24071e+19 3.62231e+15 5.76767e+14 6.70483e+14
1000 1.84366e-07 0.04525 1.3442e-05 143.273 7.24071e+19 3.62138e+15 6.11407e+14 5.27499e+14
1000 1.84366e-07 0.04575 1.84547e-05 143.493 7.24071e+19 3.62139e+15 5.97274e+14 4.82076e+14
1000 1.84366e-07 0.04625 -3.78268e-06 143.192 7.24071e+19 3.6216e+15 5.37891e+14 5.61503e+14
1000 1.84366e-07 0.04675 -1.07684e-05 142.997 7.24071e+19 3.62168e+15 5.05669e+14 5.72888e+14
1000 1.84366e-07 0.04725 -1.1052e-05 143.107 7.24071e+19 3.62156e+15 5.25558e+14 5.94547e+14
1000 1.84366e-07 0.04775 -6.63819e-06 143.529 7.24071e+19 3.62131e+15 5.10859e+14 5.52295e+14
1000 1.84366e-07 0.04825 6.82166e-06 144.138 7.24071e+19 3.62111e+15 5.6323e+14 5.20648e+14
1000 1.84366e-07 0.04875 1.26584e-06 144.554 7.24071e+19 3.62115e+15 6.04466e+14 5.96565e+14
1000 1.84366e-07 0.04925 8.87953e-06 144.935 7.24071e+19 3.62165e+15 5.98681e+14 5.43254e+14
1000 1.84366e-07 0.04975 8.06518e-06 145.065 7.24071e+19 3.62272e+15 5.95118e+14 5.44774e+14
1000 1.84366e-07 0.05025 -9.62778e-07 144.968 7.24071e+19 3.62421e+15 5.35909e+14 5.41919e+14
1000 1.84366e-07 0.05075 3.34644e-06 144.897 7.24071e+19 3.62554e+15 5.51141e+14 5.30252e+14
1000 1.84366e-07 0.05125 -7.9549e-07 144.732 7.24071e+19 3.62617e+15 5.79674e+14 5.84639e+14
1000 1.84366e-07 0.05175 -1.24545e-06 144.59 7.24071e+19 3.6261e+15 5.72231e+14 5.80006e+14
1000 1.84366e-07 0.05225 -3.12916e-06 144.483 7.24071e+19 3.6256e+15 4.67991e+14 4.87524e+14
1000 1.84366e-07 0.05275 -6.88164e-07 144.464 7.24071e+19 3.62496e+15 4.43758e+14 4.48053e+14
1000 1.84366e-07 0.05325 -4.64544e-06 144.464 7.24071e+19 3.62451e+15 4.77098e+14 5.06096e+14
1000 1.84366e-07 0.05375 3.45013e-06 144.596 7.24071e+19 3.62441e+15 5.64533e+14 5.42997e+14
1000 1.84366e-07 0.05425 6.45458e-06 144.63 7.24071e+19 3.62427e+15 5.81241e+14 5.4095e+14
1000 1.84366e-07 0.05475 -1.08894e-05 144.482 7.24071e+19 3.62369e+15 5.19932e+14 5.87905e+14
1000 1.84366e-07 0.05525 -1.01623e-05 144.641 7.24071e+19 3.62321e+15 4.64643e+14 5.28078e+14
1000 1.84366e-07 0.05575 1.16773e-05 145.088 7.24071e+19 3.62315e+15 5.48938e+14 4.76046e+14
1000 1.84366e-07 0.05625 6.22244e-06 145.204 7.24071e+19 3.6232e+15 5.18605e+14 4.79763e+14
1000 1.84366e-07 0.05675 -4.10846e-06 145.145 7.24071e+19 3.62304e+15 5.05492e+14 5.31138e+14
1000 1.84366e-07 0.05725 -1.31335e-05 145.202 7.24071e+19 3.6227e+15 5.0073e+14 5.82712e+14
1000 1.84366e-07 0.05775 -1.57777e-06 145.63 7.24071e+19 3.62252e+15 5.2426e+14 5.34109e+14
1000 1.84366e-07 0.05825 1.65858e-05 146.103 7.24071e+19 3.62261e+15 5.18053e+14 4.14521e+14
1000 1.84366e-07 0.05875 4.56368e-06 146.107 7.24071e+19 3.62256e+15 5.83176e+14 5.54689e+14
1000 1.84366e-07 0.05925 9.20648e-07 145.982 7.24071e+19 3.62204e+15 5.55039e+14 5.49293e+14
1000 1.84366e-07 0.05975 -1.86256e-05 145.831 7.24071e+19 3.62142e+15 4.72909e+14 5.89174e+14
1000 1.84366e-07 0.06025 -7.71221e-06 146.206 7.24071e+19 3.6216e+15 4.78305e+14 5.26446e+14
1000 1.84366e-07 0.06075 -5.617e-06 146.799 7.24071e+19 3.62388e+15 5.76327e+14 6.11389e+14
1000 1.84366e-07 0.06125 4.54425e-06 147.55 7.24071e+19 3.62405e+15 5.79337e+14 5.50971e+14
1000 1.84366e-07 0.06175 1.12708e-06 148.174 7.24071e+19 3.62182e+15 5.23444e+14 5.16408e+14
1000 1.84366e-07 0.06225 5.78908e-06 148.765 7.24071e+19 3.62152e+15 5.84057e+14 5.47921e+14
1000 1.84366e-07 0.06275 9.00829e-06 149.193 7.24071e+19 3.6219e+15 5.96665e+14 5.40434e+14
1000 1.84366e-07 0.06325 -7.78276e-06 149.366 7.24071e+19 3.62254e+15 5.31725e+14 5.80307e+14
1000 1.84366e-07 0.06375 5.37156e-06 149.76 7.24071e+19 3.62383e+15 4.92527e+14 4.58997e+14
1000 1.84366e-07 0.06425 -5.77081e-07 150.001 7.24071e+19 3.62768e+15 5.426e+14 5.46202e+14
1000 1.84366e-07 0.06475 1.87248e-06 150.259 7.24071e+19 3.62651e+15 5.45957e+14 5.34269e+14
1000 1.84366e-07 0.06525 4.2349e-06 150.464 7.24071e+19 3.62373e+15 5.78648e+14 5.52212e+14
1000 1.84366e-07 0.06575 -7.128e-07 150.55 7.24071e+19 3.62405e+15 5.85921e+14 5.9037e+14
1000 1.84366e-07 0.06625 9.20979e-06 150.655 7.24071e+19 3.62555e+15 4.98561e+14 4.41071e+14
1000 1.84366e-07 0.06675 -1.63945e-05 150.501 7.24071e+19 3.62342e+15 5.27738e+14 6.30076e+14
1000 1.84366e-07 0.06725 2.64801e-06 150.809 7.24071e+19 3.62195e+15 5.70485e+14 5.53956e+14
1000 1.84366e-07 0.06775 -5.85107e-06 151.043 7.24071e+19 3.62159e+15 5.02878e+14 5.39402e+14
1000 1.84366e-07 0.06825 -3.75899e-06 151.442 7.24071e+19 3.62179e+15 5.51357e+14 5.74821e+14
1000 1.84366e-07 0.06875 -3.06775e-06 151.947 7.24071e+19 3.62225e+15 5.83576e+14 6.02725e+14
1000 1.84366e-07 0.06925 2.17267e-06 152.538 7.24071e+19 3.62276e+15 5.65961e+14 5.52399e+14
1000 1.84366e-07 0.06975 1.24979e-05 153.069 7.24071e+19 3.62336e+15 5.42697e+14 4.64683e+14
1000 1.84366e-07 0.07025 -6.90917e-06 153.246 7.24071e+19 3.62424e+15 4.96322e+14 5.39451e+14
1000 1.84366e-07 0.07075 2.83581e-06 153.619 7.24071e+19 3.62562e+15 4.87109e+14 4.69407e+14
1000 1.84366e-07 0.07125 -6.17061e-06 153.911 7.24071e+19 3.62907e+15 5.17118e+14 5.55636e+14
1000 1.84366e-07 0.07175 -7.71221e-06 154.378 7.24071e+19 3.62796e+15 4.71023e+14 5.19164e+14
1000 1.84366e-07 0.07225 5.43542e-06 155.062 7.24071e+19 3.62369e+15 5.5849e+14 5.24561e+14
1000 1.84366e-07 0.07275 1.07214e-05 155.593 7.24071e+19 3.62329e+15 5.49322e+14 4.82397e+14
1000 1.84366e-07 0.07325 2.57873e-06 155.821 7.24071e+19 3.62912e+15 4.92633e+14 4.76537e+14
1000 1.84366e-07 0.07375 -9.02609e-06 155.977 7.24071e+19 3.62194e+15 4.61595e+14 5.17938e+14
1000 1.84366e-07 0.07425 -3.15872e-06 156.387 7.24071e+19 3.62199e+15 5.34493e+14 5.5421e+14
1000 1.84366e-07 0.07475 6.33769e-06 156.886 7.24071e+19 3.62189e+15 5.42495e+14 5.02934e+14
1000 1.84366e-07 0.07525 5.82702e-06 157.207 7.24071e+19 3.62161e+15 6.41468e+14 6.05095e+14
1000 1.84366e-07 0.07575 -8.42426e-06 157.363 7.24071e+19 3.62144e+15 5.98112e+14 6.50698e+14
1000 1.84366e-07 0.07625 -2.21808e-06 157.757 7.24071e+19 3.62186e+15 5.6149e+14 5.75336e+14
1000 1.84366e-07 0.07675 7.00045e-06 158.213 7.24071e+19 3.62317e+15 5.95012e+14 5.51314e+14
1000 1.84366e-07 0.07725 1.05867e-05 158.472 7.24071e+19 3.62482e+15 6.53632e+14 5.87548e+14
1000 1.84366e-07 0.07775 6.26867e-06 158.432 7.24071e+19 3.62531e+15 5.88634e+14 5.49504e+14
1000 1.84366e-07 0.07825 1.18397e-05 158.215 7.24071e+19 3.6246e+15 6.1212e+14 5.38215e+14
1000 1.84366e-07 0.07875 3.39382e-05 157.663 7.24071e+19 3.62373e+15 5.33571e+14 3.21722e+14
1000 1.84366e-07 0.07925 5.71042e-05 156.154 7.24071e+19 3.62279e+15 5.3515e+14 1.78695e+14
1000 1.84366e-07 0.07975 7.1875e-05 153.031 7.24071e+19 3.62167e+15 5.2183e+14 7.31717e+13
1000 1.84366e-07 0.08025 7.25984e-05 147.88 7.24071e+19 3.61983e+15 4.60928e+14 7.75454e+12
1000 1.84366e-07 0.08075 7.49557e-05 140.678 7.24071e+19 3.61537e+15 4.75348e+14 7.45971e+12
1000 1.84366e-07 0.08125 6.9928e-05 131.361 7.24071e+19 3.60411e+15 4.44756e+14 8.25119e+12
1000 1.84366e-07 0.08175 6.49026e-05 120.068 7.24071e+19 3.57761e+15 4.05716e+14 5.80701e+11
1000 1.84366e-07 0.08225 7.89408e-05 106.943 7.24071e+19 3.52015e+15 4.92764e+14 0
1000 1.84366e-07 0.08275 5.7213e-05 91.5895 7.24072e+19 3.40574e+15 3.57135e+14 0
1000 1.84366e-07 0.08325 7.19395e-05 74.6202 7.24072e+19 3.19781e+15 4.49061e+14 0
1000 1.84366e-07 0.08375 6.73138e-05 55.6196 7.24073e+19 2.85483e+15 4.20186e+14 0
1000 1.84366e-07 0.08425 5.88162e-05 34.7184 7.24075e+19 2.34361e+15 3.67142e+14 0
1000 1.84366e-07 0.08475 6.2008e-05 12.1564 7.24078e+19 1.65726e+15 3.87066e+14 0
1000 1.84366e-07 0.08525 0 0 0 0 0 0
1000 1.84366e-07 0.08575 0 0 0 0 0 0
1000 1.84366e-07 0.08625 0 0 0 0 0 0
1000 1.84366e-07 0.08675 0 0 0 0 0 0
1000 1.84366e-07 0.08725 0 0 0 0 0 0
1000 1.84366e-07 0.08775 0 0 0 0 0 0
1000 1.84366e-07 0.08825 0 0 0 0 0 0
1000 1.84366e-07 0.08875 0 0 0 0 0 0
1000 1.84366e-07 0.08925 0 0 0 0 0 0
1000 1.84366e-07 0.08975 0 0 0 0 0 0
1000 1.84366e-07 0.09025 0 0 0 0 0 0
1000 1.84366e-07 0.09075 0 0 0 0 0 0
1000 1.84366e-07 0.09125 0 0 0 0 0 0
1000 1.84366e-07 0.09175 0 0 0 0 0 0
1000 1.84366e-07 0.09225 0 0 0 0 0 0
1000 1.84366e-07 0.09275 0 0 0 0 0 0
1000 1.84366e-07 0.09325 0 0 0 0 0 0
1000 1.84366e-07 0.09375 0 0 0 0 0 0
1000 1.84366e-07 0.09425 0 0 0 0 0 0
1000 1.84366e-07 0.09475 0 0 0 0 0 0
