Iteration / Neutral Density / Excited Density / Ion Density / Electron Density
0 7.24071e+19 3.62036e+15 5.43053e+14 5.43053e+14
200 7.24071e+19 3.60283e+15 4.86489e+14 4.86489e+14 
400 7.24071e+19 3.58915e+15 4.83757e+14 4.83757e+14 
600 7.24071e+19 3.57739e+15 4.83057e+14 4.83057e+14 
800 7.24071e+19 3.56692e+15 4.81884e+14 4.81884e+14 
1000 7.24071e+19 3.55749e+15 4.78354e+14 4.78354e+14 
1200 7.24071e+19 3.54866e+15 4.76758e+14 4.76758e+14 
1400 7.24071e+19 3.54038e+15 4.72402e+14 4.72402e+14 
1600 7.24071e+19 3.5326e+15 4.68335e+14 4.68335e+14 
1800 7.24071e+19 3.52522e+15 4.66249e+14 4.66249e+14 
2000 7.24071e+19 3.51815e+15 4.64007e+14 4.64007e+14 
2200 7.24071e+19 3.5114e+15 4.61943e+14 4.61943e+14 
2400 7.24071e+19 3.50492e+15 4.59651e+14 4.59651e+14 
2600 7.24072e+19 3.49858e+15 4.57083e+14 4.57083e+14 
2800 7.24072e+19 3.49239e+15 4.54232e+14 4.54232e+14 
3000 7.24072e+19 3.48642e+15 4.51891e+14 4.51891e+14 
3200 7.24072e+19 3.48058e+15 4.49078e+14 4.49078e+14 
3400 7.24072e+19 3.47487e+15 4.4626e+14 4.4626e+14 
3600 7.24072e+19 3.46936e+15 4.43425e+14 4.43425e+14 
3800 7.24072e+19 3.46396e+15 4.41345e+14 4.41345e+14 
4000 7.24072e+19 3.45865e+15 4.39841e+14 4.39841e+14 
4200 7.24072e+19 3.45353e+15 4.37945e+14 4.37945e+14 
4400 7.24072e+19 3.44847e+15 4.35833e+14 4.35833e+14 
4600 7.24072e+19 3.44353e+15 4.33938e+14 4.33938e+14 
4800 7.24072e+19 3.43869e+15 4.32531e+14 4.32531e+14 
5000 7.24072e+19 3.43395e+15 4.30837e+14 4.30837e+14 
5200 7.24072e+19 3.42927e+15 4.29219e+14 4.29219e+14 
5400 7.24072e+19 3.42464e+15 4.27698e+14 4.27698e+14 
5600 7.24072e+19 3.42009e+15 4.26335e+14 4.26335e+14 
5800 7.24072e+19 3.41563e+15 4.25119e+14 4.25119e+14 
6000 7.24072e+19 3.41124e+15 4.2388e+14 4.2388e+14 
6200 7.24072e+19 3.40693e+15 4.22897e+14 4.22897e+14 
6400 7.24072e+19 3.40267e+15 4.21871e+14 4.21871e+14 
6600 7.24072e+19 3.3985e+15 4.20986e+14 4.20986e+14 
6800 7.24072e+19 3.39437e+15 4.20204e+14 4.20204e+14 
7000 7.24072e+19 3.3903e+15 4.19444e+14 4.19444e+14 
7200 7.24072e+19 3.38628e+15 4.18776e+14 4.18776e+14 
7400 7.24072e+19 3.3823e+15 4.18244e+14 4.18244e+14 
7600 7.24072e+19 3.37835e+15 4.17842e+14 4.17842e+14 
7800 7.24072e+19 3.37452e+15 4.17266e+14 4.17266e+14 
8000 7.24072e+19 3.37076e+15 4.16886e+14 4.16886e+14 
8200 7.24072e+19 3.36701e+15 4.16647e+14 4.16647e+14 
8400 7.24072e+19 3.36332e+15 4.16489e+14 4.16489e+14 
8600 7.24072e+19 3.35966e+15 4.1624e+14 4.1624e+14 
8800 7.24072e+19 3.35602e+15 4.16174e+14 4.16174e+14 
9000 7.24072e+19 3.35246e+15 4.16077e+14 4.16077e+14 
9200 7.24072e+19 3.34892e+15 4.16142e+14 4.16142e+14 
9400 7.24072e+19 3.34549e+15 4.1618e+14 4.1618e+14 
9600 7.24072e+19 3.34207e+15 4.16386e+14 4.16386e+14 
9800 7.24072e+19 3.3387e+15 4.16218e+14 4.16218e+14 
10000 7.24072e+19 3.33541e+15 4.15278e+14 4.15278e+14 
10200 7.24072e+19 3.33222e+15 4.13399e+14 4.13399e+14 
10400 7.24072e+19 3.32908e+15 4.11797e+14 4.11797e+14 
10600 7.24072e+19 3.32607e+15 4.0987e+14 4.0987e+14 
10800 7.24072e+19 3.32308e+15 4.0842e+14 4.0842e+14 
11000 7.24072e+19 3.3202e+15 4.07746e+14 4.07746e+14 
11200 7.24072e+19 3.31749e+15 4.06514e+14 4.06514e+14 
11400 7.24072e+19 3.31473e+15 4.05759e+14 4.05759e+14 
11600 7.24072e+19 3.3119e+15 4.05058e+14 4.05058e+14 
11800 7.24072e+19 3.30923e+15 4.04178e+14 4.04178e+14 
12000 7.24072e+19 3.30656e+15 4.03749e+14 4.03749e+14 
12200 7.24072e+19 3.30385e+15 4.02609e+14 4.02609e+14 
12400 7.24072e+19 3.30127e+15 4.02023e+14 4.02023e+14 
12600 7.24072e+19 3.2988e+15 4.01268e+14 4.01268e+14 
12800 7.24072e+19 3.29626e+15 4.00236e+14 4.00236e+14 
13000 7.24072e+19 3.29372e+15 3.99606e+14 3.99606e+14 
13200 7.24072e+19 3.29135e+15 3.98759e+14 3.98759e+14 
13400 7.24072e+19 3.28892e+15 3.98596e+14 3.98596e+14 
13600 7.24072e+19 3.28649e+15 3.97912e+14 3.97912e+14 
13800 7.24072e+19 3.28408e+15 3.97548e+14 3.97548e+14 
14000 7.24072e+19 3.28169e+15 3.97249e+14 3.97249e+14 
14200 7.24072e+19 3.27928e+15 3.96587e+14 3.96587e+14 
14400 7.24072e+19 3.27693e+15 3.96358e+14 3.96358e+14 
14600 7.24072e+19 3.27462e+15 3.96092e+14 3.96092e+14 
14800 7.24072e+19 3.2723e+15 3.95832e+14 3.95832e+14 
15000 7.24072e+19 3.26996e+15 3.95441e+14 3.95441e+14 
15200 7.24072e+19 3.26761e+15 3.95338e+14 3.95338e+14 
15400 7.24072e+19 3.26536e+15 3.95305e+14 3.95305e+14 
15600 7.24072e+19 3.26307e+15 3.95522e+14 3.95522e+14 
15800 7.24072e+19 3.26072e+15 3.95701e+14 3.95701e+14 
16000 7.24072e+19 3.25853e+15 3.95826e+14 3.95826e+14 
16200 7.24072e+19 3.25634e+15 3.96005e+14 3.96005e+14 
16400 7.24072e+19 3.25404e+15 3.96369e+14 3.96369e+14 
16600 7.24072e+19 3.25177e+15 3.96554e+14 3.96554e+14 
16800 7.24072e+19 3.2496e+15 3.96918e+14 3.96918e+14 
17000 7.24072e+19 3.24733e+15 3.97244e+14 3.97244e+14 
17200 7.24072e+19 3.24522e+15 3.97602e+14 3.97602e+14 
17400 7.24072e+19 3.24313e+15 3.98053e+14 3.98053e+14 
17600 7.24072e+19 3.24092e+15 3.98563e+14 3.98563e+14 
17800 7.24072e+19 3.2388e+15 3.98873e+14 3.98873e+14 
18000 7.24072e+19 3.23669e+15 3.99481e+14 3.99481e+14 
18200 7.24072e+19 3.23451e+15 4.00263e+14 4.00263e+14 
18400 7.24072e+19 3.23242e+15 4.01034e+14 4.01034e+14 
18600 7.24072e+19 3.23043e+15 4.01773e+14 4.01773e+14 
18800 7.24072e+19 3.22836e+15 4.02571e+14 4.02571e+14 
19000 7.24072e+19 3.2263e+15 4.03369e+14 4.03369e+14 
19200 7.24072e+19 3.22422e+15 4.04233e+14 4.04233e+14 
19400 7.24072e+19 3.22211e+15 4.05058e+14 4.05058e+14 
19600 7.24072e+19 3.22013e+15 4.05932e+14 4.05932e+14 
19800 7.24072e+19 3.21814e+15 4.0678e+14 4.0678e+14 
20000 7.24072e+19 3.21607e+15 4.07594e+14 4.07594e+14 
