Iteration / Time / Node x / Electric Field
0 0 0 0
0 0 0.0005 0
0 0 0.001 0
0 0 0.0015 0
0 0 0.002 0
0 0 0.0025 0
0 0 0.003 0
0 0 0.0035 0
0 0 0.004 0
0 0 0.0045 0
0 0 0.005 0
0 0 0.0055 0
0 0 0.006 0
0 0 0.0065 0
0 0 0.007 0
0 0 0.0075 0
0 0 0.008 0
0 0 0.0085 0
0 0 0.009 0
0 0 0.0095 0
0 0 0.01 2834.88
0 0 0.0105 2610.78
0 0 0.011 2910.01
0 0 0.0115 2350.08
0 0 0.012 1326.98
0 0 0.0125 1157.08
0 0 0.013 914.019
0 0 0.0135 280.532
0 0 0.014 240.604
0 0 0.0145 144.569
0 0 0.015 106.607
0 0 0.0155 -201.112
0 0 0.016 26.7809
0 0 0.0165 -107.167
0 0 0.017 -26.0631
0 0 0.0175 -264.473
0 0 0.018 587.253
0 0 0.0185 -52.089
0 0 0.019 -765.903
0 0 0.0195 -1138.36
0 0 0.02 -383.526
0 0 0.0205 -357.359
0 0 0.021 -814.211
0 0 0.0215 -1598.92
0 0 0.022 -3020.8
0 0 0.0225 -3349.76
0 0 0.023 -3939.31
0 0 0.0235 -5053.37
0 0 0.024 -5112.12
0 0 0.0245 -4568.32
0 0 0.025 -4405.9
0 0 0.0255 -5333.23
0 0 0.026 -5755.09
0 0 0.0265 -6034.04
0 0 0.027 -5332.54
0 0 0.0275 -5310.39
0 0 0.028 -4039.87
0 0 0.0285 -4540.08
0 0 0.029 -4652.15
0 0 0.0295 -3420.87
0 0 0.03 -2303.21
0 0 0.0305 -3021.67
0 0 0.031 -2665.98
0 0 0.0315 -2721.7
0 0 0.032 -2720.43
0 0 0.0325 -2705.13
0 0 0.033 -3284.07
0 0 0.0335 -3115.08
0 0 0.034 -1729.49
0 0 0.0345 -771.881
0 0 0.035 -824.451
0 0 0.0355 -1114.31
0 0 0.036 -2443.51
0 0 0.0365 -1883.36
0 0 0.037 -1774.94
0 0 0.0375 -362.413
0 0 0.038 713.069
0 0 0.0385 220.624
0 0 0.039 110.985
0 0 0.0395 1309.73
0 0 0.04 2173.35
0 0 0.0405 2899.75
0 0 0.041 3996.22
0 0 0.0415 3607.07
0 0 0.042 4322.69
0 0 0.0425 4697.57
0 0 0.043 3525.74
0 0 0.0435 2458.73
0 0 0.044 2219.04
0 0 0.0445 689.813
0 0 0.045 -19.5432
0 0 0.0455 -453.202
0 0 0.046 -1254.37
0 0 0.0465 -2069.53
0 0 0.047 -2420.76
0 0 0.0475 -3178.33
0 0 0.048 -2806.32
0 0 0.0485 -1658.42
0 0 0.049 -770.862
0 0 0.0495 -1378.05
0 0 0.05 -2081.85
0 0 0.0505 -1914.01
0 0 0.051 -315.399
0 0 0.0515 -287.39
0 0 0.052 -932.33
0 0 0.0525 -383.512
0 0 0.053 -476.625
0 0 0.0535 -431.75
0 0 0.054 516.615
0 0 0.0545 1867.28
0 0 0.055 2631.28
0 0 0.0555 3728.18
0 0 0.056 4134.33
0 0 0.0565 2794.63
0 0 0.057 2418.39
0 0 0.0575 3516.45
0 0 0.058 3878.14
0 0 0.0585 2728.72
0 0 0.059 3222.81
0 0 0.0595 4254.83
0 0 0.06 4427.03
0 0 0.0605 4347.4
0 0 0.061 4336.86
0 0 0.0615 3782.9
0 0 0.062 2705.58
0 0 0.0625 3295.42
0 0 0.063 2643.02
0 0 0.0635 2029.02
0 0 0.064 1436.29
0 0 0.0645 1196.79
0 0 0.065 776.119
0 0 0.0655 910.952
0 0 0.066 867.603
0 0 0.0665 1455.82
0 0 0.067 1863.4
0 0 0.0675 1299.66
0 0 0.068 953.133
0 0 0.0685 877.582
0 0 0.069 35.9289
0 0 0.0695 -375.712
0 0 0.07 -1078.21
0 0 0.0705 -945.828
0 0 0.071 -291.668
0 0 0.0715 -517.057
0 0 0.072 -967.945
0 0 0.0725 -1354.21
0 0 0.073 -2074.33
0 0 0.0735 -1042.82
0 0 0.074 1906.39
0 0 0.0745 2240.37
0 0 0.075 2459.08
0 0 0.0755 893.709
0 0 0.076 -2.44075
0 0 0.0765 -421.395
0 0 0.077 -266.09
0 0 0.0775 -1682.31
0 0 0.078 -1436.48
0 0 0.0785 -2043.41
0 0 0.079 -1307.04
0 0 0.0795 -646.531
0 0 0.08 -507.897
0 0 0.0805 2170.34
0 0 0.081 2552.72
0 0 0.0815 2797.54
0 0 0.082 2455.06
0 0 0.0825 2224.76
0 0 0.083 2094.54
0 0 0.0835 2873.88
0 0 0.084 3200.51
0 0 0.0845 1576.63
0 0 0.085 2834.88
0 0 0.0855 0
0 0 0.086 0
0 0 0.0865 0
0 0 0.087 0
0 0 0.0875 0
0 0 0.088 0
0 0 0.0885 0
0 0 0.089 0
0 0 0.0895 0
0 0 0.09 0
0 0 0.0905 0
0 0 0.091 0
0 0 0.0915 0
0 0 0.092 0
0 0 0.0925 0
0 0 0.093 0
0 0 0.0935 0
0 0 0.094 0
0 0 0.0945 0
0 0 0.095 0
