Iteration / Neutral Density / Excited Density / Ion Density / Electron Density
0 7.24071e+19 3.62036e+15 5.43053e+14 5.43053e+14
200 7.24071e+19 3.60294e+15 4.85984e+14 4.85984e+14 
400 7.24071e+19 3.58946e+15 4.83394e+14 4.83394e+14 
600 7.24071e+19 3.57806e+15 4.82644e+14 4.82644e+14 
800 7.24071e+19 3.568e+15 4.80678e+14 4.80678e+14 
1000 7.24071e+19 3.55889e+15 4.76834e+14 4.76834e+14 
1200 7.24071e+19 3.55048e+15 4.75628e+14 4.75628e+14 
1400 7.24072e+19 3.54267e+15 4.71131e+14 4.71131e+14 
1600 7.24072e+19 3.53526e+15 4.67124e+14 4.67124e+14 
1800 7.24072e+19 3.52819e+15 4.64794e+14 4.64794e+14 
2000 7.24072e+19 3.52146e+15 4.62801e+14 4.62801e+14 
2200 7.24072e+19 3.51497e+15 4.60705e+14 4.60705e+14 
2400 7.24072e+19 3.50871e+15 4.58592e+14 4.58592e+14 
2600 7.24072e+19 3.50258e+15 4.56279e+14 4.56279e+14 
2800 7.24072e+19 3.49677e+15 4.5371e+14 4.5371e+14 
3000 7.24072e+19 3.49103e+15 4.50952e+14 4.50952e+14 
3200 7.24072e+19 3.4854e+15 4.48095e+14 4.48095e+14 
3400 7.24072e+19 3.48002e+15 4.45461e+14 4.45461e+14 
3600 7.24072e+19 3.47467e+15 4.43012e+14 4.43012e+14 
3800 7.24072e+19 3.46946e+15 4.41524e+14 4.41524e+14 
4000 7.24072e+19 3.46433e+15 4.39748e+14 4.39748e+14 
4200 7.24072e+19 3.4593e+15 4.37565e+14 4.37565e+14 
4400 7.24072e+19 3.45435e+15 4.35399e+14 4.35399e+14 
4600 7.24072e+19 3.44949e+15 4.34014e+14 4.34014e+14 
4800 7.24072e+19 3.44471e+15 4.32309e+14 4.32309e+14 
5000 7.24072e+19 3.44002e+15 4.30717e+14 4.30717e+14 
5200 7.24072e+19 3.43543e+15 4.29382e+14 4.29382e+14 
5400 7.24072e+19 3.431e+15 4.2797e+14 4.2797e+14 
5600 7.24072e+19 3.42655e+15 4.26525e+14 4.26525e+14 
5800 7.24072e+19 3.42218e+15 4.25368e+14 4.25368e+14 
6000 7.24072e+19 3.41794e+15 4.24206e+14 4.24206e+14 
6200 7.24072e+19 3.41369e+15 4.23115e+14 4.23115e+14 
6400 7.24072e+19 3.40954e+15 4.22197e+14 4.22197e+14 
6600 7.24072e+19 3.40538e+15 4.21171e+14 4.21171e+14 
6800 7.24072e+19 3.40129e+15 4.20383e+14 4.20383e+14 
7000 7.24072e+19 3.39731e+15 4.19688e+14 4.19688e+14 
7200 7.24072e+19 3.3934e+15 4.19009e+14 4.19009e+14 
7400 7.24072e+19 3.38955e+15 4.18537e+14 4.18537e+14 
7600 7.24072e+19 3.38568e+15 4.17907e+14 4.17907e+14 
7800 7.24072e+19 3.38191e+15 4.17521e+14 4.17521e+14 
8000 7.24072e+19 3.37817e+15 4.17206e+14 4.17206e+14 
8200 7.24072e+19 3.37449e+15 4.16859e+14 4.16859e+14 
8400 7.24072e+19 3.37082e+15 4.16696e+14 4.16696e+14 
8600 7.24072e+19 3.36722e+15 4.16625e+14 4.16625e+14 
8800 7.24072e+19 3.3637e+15 4.16506e+14 4.16506e+14 
9000 7.24072e+19 3.36022e+15 4.16533e+14 4.16533e+14 
9200 7.24072e+19 3.35679e+15 4.16479e+14 4.16479e+14 
9400 7.24072e+19 3.3535e+15 4.16565e+14 4.16565e+14 
9600 7.24072e+19 3.35032e+15 4.1668e+14 4.1668e+14 
9800 7.24072e+19 3.34718e+15 4.16435e+14 4.16435e+14 
10000 7.24072e+19 3.3442e+15 4.15316e+14 4.15316e+14 
10200 7.24072e+19 3.34138e+15 4.13584e+14 4.13584e+14 
10400 7.24072e+19 3.33857e+15 4.11711e+14 4.11711e+14 
10600 7.24072e+19 3.33604e+15 4.1006e+14 4.1006e+14 
10800 7.24072e+19 3.33356e+15 4.08545e+14 4.08545e+14 
11000 7.24072e+19 3.33099e+15 4.0754e+14 4.0754e+14 
11200 7.24072e+19 3.32873e+15 4.06638e+14 4.06638e+14 
11400 7.24072e+19 3.32645e+15 4.05981e+14 4.05981e+14 
11600 7.24072e+19 3.32428e+15 4.04966e+14 4.04966e+14 
11800 7.24072e+19 3.32222e+15 4.04054e+14 4.04054e+14 
12000 7.24072e+19 3.32007e+15 4.03109e+14 4.03109e+14 
12200 7.24072e+19 3.31798e+15 4.02544e+14 4.02544e+14 
12400 7.24072e+19 3.31585e+15 4.01615e+14 4.01615e+14 
12600 7.24072e+19 3.31375e+15 4.01012e+14 4.01012e+14 
12800 7.24072e+19 3.31162e+15 4.0022e+14 4.0022e+14 
13000 7.24072e+19 3.30958e+15 3.99351e+14 3.99351e+14 
13200 7.24072e+19 3.30759e+15 3.98753e+14 3.98753e+14 
13400 7.24072e+19 3.30566e+15 3.98275e+14 3.98275e+14 
13600 7.24072e+19 3.30376e+15 3.97472e+14 3.97472e+14 
13800 7.24072e+19 3.30188e+15 3.96847e+14 3.96847e+14 
14000 7.24072e+19 3.30004e+15 3.96369e+14 3.96369e+14 
14200 7.24072e+19 3.29814e+15 3.96272e+14 3.96272e+14 
14400 7.24072e+19 3.29631e+15 3.95745e+14 3.95745e+14 
14600 7.24072e+19 3.29434e+15 3.95359e+14 3.95359e+14 
14800 7.24072e+19 3.29252e+15 3.95175e+14 3.95175e+14 
15000 7.24072e+19 3.29064e+15 3.94887e+14 3.94887e+14 
15200 7.24072e+19 3.28887e+15 3.94898e+14 3.94898e+14 
15400 7.24072e+19 3.28709e+15 3.94784e+14 3.94784e+14 
15600 7.24072e+19 3.28516e+15 3.94621e+14 3.94621e+14 
15800 7.24072e+19 3.28344e+15 3.94387e+14 3.94387e+14 
16000 7.24072e+19 3.28168e+15 3.94268e+14 3.94268e+14 
16200 7.24072e+19 3.27995e+15 3.94371e+14 3.94371e+14 
16400 7.24072e+19 3.27817e+15 3.9474e+14 3.9474e+14 
16600 7.24072e+19 3.2764e+15 3.94773e+14 3.94773e+14 
16800 7.24072e+19 3.2747e+15 3.95256e+14 3.95256e+14 
17000 7.24072e+19 3.27294e+15 3.95587e+14 3.95587e+14 
17200 7.24072e+19 3.27127e+15 3.96049e+14 3.96049e+14 
17400 7.24072e+19 3.26965e+15 3.96576e+14 3.96576e+14 
17600 7.24072e+19 3.26808e+15 3.97054e+14 3.97054e+14 
17800 7.24072e+19 3.2664e+15 3.9764e+14 3.9764e+14 
18000 7.24072e+19 3.26468e+15 3.98292e+14 3.98292e+14 
18200 7.24072e+19 3.26308e+15 3.9903e+14 3.9903e+14 
18400 7.24072e+19 3.2615e+15 3.99845e+14 3.99845e+14 
18600 7.24072e+19 3.25986e+15 4.00567e+14 4.00567e+14 
18800 7.24072e+19 3.25808e+15 4.01192e+14 4.01192e+14 
19000 7.24072e+19 3.25641e+15 4.02061e+14 4.02061e+14 
19200 7.24072e+19 3.25476e+15 4.02707e+14 4.02707e+14 
19400 7.24072e+19 3.25302e+15 4.03472e+14 4.03472e+14 
19600 7.24072e+19 3.25138e+15 4.04358e+14 4.04358e+14 
19800 7.24072e+19 3.24968e+15 4.05199e+14 4.05199e+14 
20000 7.24072e+19 3.24795e+15 4.0609e+14 4.0609e+14 
