Time in microseconds. Iter / Coll / Push1 / Fluid / Rho / Phi / E / Push2 / Total min elapsed 
200 68 1243 10 561 5 1 1746 0
400 65 1238 10 554 5 1 1736 0
600 76 1236 10 556 5 1 1722 0
800 63 1231 10 551 5 1 1725 0
1000 70 1220 10 552 5 1 1708 0
1200 78 1212 10 545 5 1 1702 0
1400 68 1203 10 542 5 1 1695 0
1600 78 1200 11 541 5 1 1680 0
1800 0 1187 10 539 5 1 1665 0
2000 74 1179 10 534 5 1 1655 0
2200 73 1168 10 527 5 1 1640 0
2400 0 1166 10 523 5 1 1633 0
2600 62 1154 10 523 5 1 1619 0
2800 67 1150 10 516 5 1 1618 0
3000 61 1143 10 516 5 1 1599 0
3200 70 1130 10 513 5 1 1588 0
3400 60 1126 10 507 5 1 1581 0
3600 0 1121 10 507 5 1 1568 0
3800 60 1113 10 505 5 1 1560 0
4000 61 1109 10 504 5 1 1553 0
4200 55 1101 10 501 5 1 1550 0
4400 65 1096 10 494 5 1 1542 0
4600 55 1091 10 496 5 1 1531 0
4800 63 1087 10 492 5 1 1528 0
5000 63 1082 10 492 5 1 1518 0
5200 63 1076 10 487 5 1 1515 0
5400 57 1072 10 485 5 1 1508 0
5600 63 1068 10 485 5 1 1497 0
5800 62 1062 10 484 5 1 1493 0
6000 55 1084 11 508 5 1 1493 0
6200 63 1054 10 481 5 1 1487 0
6400 61 1051 10 479 5 1 1477 0
6600 61 1047 10 474 5 1 1475 0
6800 60 1043 10 471 5 1 1472 0
7000 66 1043 10 471 5 1 1466 0
7200 61 1035 10 473 5 1 1459 0
7400 62 1035 10 468 5 1 1458 0
7600 62 1029 10 470 5 1 1451 0
7800 60 1026 10 469 5 1 1450 0
8000 0 1025 10 465 5 1 1449 0
8200 60 1021 10 464 5 1 1446 0
8400 0 1020 10 462 5 1 1447 0
8600 64 1016 10 463 5 1 1444 0
8800 64 1014 10 462 5 1 1437 0
9000 58 1012 10 464 5 1 1431 0
9200 62 1010 10 460 5 1 1438 0
9400 61 1009 10 463 5 1 1429 0
9600 56 1007 10 467 5 1 1428 0
9800 63 1004 10 460 5 1 1428 0
10000 60 1003 10 460 5 1 1425 0
10200 58 1003 10 457 5 1 1423 0
10400 60 998 10 456 5 1 1419 0
10600 68 999 10 455 5 1 1411 0
10800 62 999 10 454 5 1 1413 0
11000 62 999 10 453 5 1 1411 0
11200 64 997 10 452 5 1 1408 0
11400 62 997 10 456 5 1 1406 0
11600 63 996 10 455 5 1 1402 0
11800 66 996 10 455 5 1 1401 0
12000 59 964 10 437 5 1 1358 0
12200 64 998 11 450 5 1 1401 0
12400 59 992 11 449 5 1 1398 0
12600 59 990 10 448 5 1 1392 0
12800 58 988 10 450 5 1 1386 0
13000 63 988 10 450 5 1 1385 0
13200 57 987 10 446 5 1 1382 0
13400 59 956 10 435 5 1 1335 0
13600 60 982 10 451 5 1 1376 0
13800 65 980 10 443 5 1 1378 0
14000 59 948 10 429 8 1 1329 0
14200 64 979 10 446 5 1 1370 0
14400 62 975 10 445 5 1 1366 0
14600 54 942 10 429 5 1 1322 0
14800 58 971 10 443 5 1 1362 0
15000 59 969 11 442 5 1 1357 0
15200 55 936 10 430 5 1 1312 0
15400 61 964 10 440 5 1 1353 0
15600 57 960 10 440 5 1 1352 0
15800 54 933 10 421 5 1 1304 0
16000 71 1180 13 535 6 1 1662 0
16200 63 957 10 437 5 1 1343 0
16400 58 926 10 419 5 1 1300 0
16600 57 924 10 422 5 1 1298 0
16800 60 954 11 434 5 1 1337 0
17000 62 952 10 431 5 1 1336 0
17200 58 918 10 417 5 1 1291 0
17400 72 1165 13 536 7 1 1640 0
17600 75 1162 13 529 6 1 1640 1
17800 76 1163 13 529 6 1 1639 1
18000 74 1169 13 525 6 1 1642 1
18200 55 915 10 417 5 1 1289 1
18400 59 945 10 427 5 1 1333 1
18600 64 938 10 430 5 1 1330 1
18800 63 941 11 427 5 1 1334 1
19000 62 940 10 426 5 1 1331 1
19200 76 953 22 425 5 12 1333 1
19400 68 940 10 426 5 1 1333 1
19600 61 943 10 429 5 1 1331 1
19800 65 939 10 426 5 1 1335 1
20000 63 944 10 426 5 1 1335 1
