Time in microseconds. Iter / Coll / Push1 / Fluid / Rho / Phi / E / Push2 / Total min elapsed 
200 0 120748 19 55446 8 1 167274 1
400 0 120250 23 55437 8 1 166540 2
600 0 119902 18 54948 9 1 165801 3
800 0 119006 18 54698 9 1 165056 4
1000 0 117942 18 54576 9 1 163570 5
1200 0 117141 18 53865 8 1 162601 6
1400 0 116172 18 53490 9 1 161491 8
1600 0 115180 19 53058 9 1 160098 9
1800 0 114419 19 52637 9 1 158628 10
2000 0 113422 18 52340 9 1 157566 11
2200 0 112633 19 51906 9 1 156523 12
2400 0 111929 18 51604 9 1 155555 13
2600 0 111231 19 51221 9 1 154629 14
2800 0 110545 19 50936 9 1 153744 15
3000 0 110179 18 50693 9 1 153080 16
3200 0 109377 18 50484 8 1 152238 17
3400 0 108789 17 50237 9 1 151523 18
3600 0 108248 20 50018 9 1 150768 19
3800 0 107731 23 49754 9 1 149932 20
4000 0 107149 19 49471 8 1 149261 21
4200 0 106689 19 49314 8 1 148630 23
4400 0 106180 18 49074 8 1 147912 24
4600 0 105708 20 48815 8 1 147272 25
4800 0 105247 19 48645 8 1 146695 26
5000 0 104796 18 48495 8 1 146152 27
5200 0 104414 19 48265 9 1 145524 28
5400 0 103980 19 48076 9 1 145031 29
5600 0 103584 19 47972 9 1 144487 30
5800 0 103209 19 47775 8 1 143968 31
6000 0 102836 18 47589 8 1 143500 32
6200 0 102462 19 47463 8 1 143065 33
6400 0 102127 18 47310 8 1 142600 34
6600 0 101794 18 47176 8 1 142185 35
6800 0 101452 19 47062 8 1 141805 36
7000 0 101147 19 46948 8 1 141486 37
7200 0 100951 22 46900 9 1 141118 38
7400 0 100613 18 46722 8 1 140735 39
7600 0 100379 19 46629 8 1 140504 39
7800 0 100105 19 46527 8 1 140224 40
8000 4341 99915 18 46470 8 1 139996 41
8200 0 99703 17 46383 8 1 139758 42
8400 0 99465 18 46314 9 1 139515 43
8600 0 99291 18 46245 8 1 139443 44
8800 4363 99149 20 46173 8 1 139159 45
9000 4404 99041 19 46142 8 1 138998 46
9200 0 98812 18 46083 8 1 138867 47
9400 0 98672 19 46048 9 1 138781 48
9600 0 98594 18 46013 8 1 138665 49
9800 0 98473 18 46018 8 1 138689 50
10000 4537 98406 18 45960 8 1 138434 51
10200 0 98245 18 45746 8 1 138116 52
10400 0 98108 19 45621 8 1 137775 53
10600 0 98039 19 45525 8 1 137515 54
10800 0 97981 18 45410 8 1 137413 55
11000 0 97975 18 45688 8 1 137358 56
11200 4578 97945 19 45344 8 1 137195 57
11400 0 97977 19 45355 8 1 137065 58
11600 4530 97978 20 45288 8 1 137014 59
11800 0 98045 20 45299 8 1 136945 60
12000 4533 97979 20 45259 8 1 136861 61
12200 0 98018 18 45232 8 1 136738 62
12400 4448 97949 19 45157 8 1 136666 62
12600 0 98018 18 45171 8 1 136577 63
12800 0 97972 18 45176 8 1 136516 64
13000 0 98169 18 45376 8 1 136459 65
13200 4385 97907 19 45120 8 1 136378 66
13400 0 97876 19 45053 8 1 136271 67
13600 0 97779 18 45036 8 1 136174 68
13800 0 97758 19 45031 9 1 136057 69
14000 0 97671 18 44984 8 1 135955 70
14200 0 97623 19 44964 8 1 135882 71
14400 0 97511 18 44910 8 1 135738 72
14600 0 97432 18 44895 9 1 135653 73
14800 0 97607 19 44894 9 1 135555 74
15000 0 97256 20 44814 8 1 135451 75
15200 0 97183 19 44827 8 1 135349 76
15400 0 97111 18 44794 8 1 135298 77
15600 0 97023 18 44746 8 1 135219 78
15800 0 96989 18 44748 8 1 135172 79
16000 0 96917 19 44763 8 1 135093 79
16200 0 96850 19 44745 8 1 135102 80
16400 0 96850 19 44765 9 1 135117 81
16600 0 96795 18 44724 8 1 135088 82
16800 0 96782 18 44781 8 1 135136 83
17000 0 96743 20 44839 8 1 135334 84
17200 4470 96729 18 44840 8 1 135298 85
17400 0 96733 18 44817 8 1 135277 86
17600 0 96797 19 44866 8 1 135377 87
17800 4526 97020 18 44899 8 1 135486 88
18000 0 96822 19 44954 8 1 135606 89
18200 0 96884 19 44988 8 1 135733 90
18400 0 96902 20 45036 8 1 135826 91
18600 0 96960 19 45077 8 1 136000 92
18800 0 97003 18 45104 8 1 136115 93
19000 0 97059 18 45164 8 1 136257 94
19200 0 97151 19 45220 8 1 136428 95
19400 4835 97155 18 45277 8 1 136572 95
19600 0 97274 18 45337 9 1 136723 96
19800 0 97322 18 45373 8 1 136863 97
20000 4760 97401 19 45435 9 1 137030 98
