Time in microseconds. Iter / Coll / Push1 / Fluid / Rho / Phi / E / Push2 / Total min elapsed 
200 13 1250 10 557 5 1 1741 0
400 13 1237 10 554 5 1 1740 0
600 13 1233 10 551 5 1 1718 0
800 13 1220 10 550 5 1 1710 0
1000 13 1210 10 545 5 1 1694 0
1200 13 1200 10 542 5 1 1688 0
1400 13 1187 10 533 5 1 1665 0
1600 13 1177 11 530 5 1 1665 0
1800 13 1176 10 523 5 1 1641 0
2000 13 1156 10 522 5 1 1627 0
2200 13 1145 10 515 5 1 1612 0
2400 0 1138 10 511 12 1 1597 0
2600 13 1130 10 511 5 1 1585 0
2800 13 1123 10 507 5 1 1573 0
3000 13 1113 10 502 5 1 1565 0
3200 13 1104 10 498 5 1 1555 0
3400 13 1101 10 493 5 1 1548 0
3600 13 1093 10 492 5 1 1542 0
3800 13 1089 10 491 5 1 1529 0
4000 13 1079 10 490 5 1 1517 0
4200 13 1073 10 484 5 1 1511 0
4400 13 1066 10 489 5 1 1501 0
4600 13 1062 10 479 5 1 1496 0
4800 13 1056 10 478 5 1 1487 0
5000 13 1049 10 478 5 1 1477 0
5200 13 1044 10 476 5 1 1474 0
5400 13 1043 10 473 5 1 1464 0
5600 13 1035 10 470 5 1 1463 0
5800 13 1031 10 467 5 1 1458 0
6000 13 1025 10 468 5 1 1446 0
6200 13 1022 10 467 5 1 1441 0
6400 13 1017 10 466 5 1 1434 0
6600 13 1013 10 462 5 1 1427 0
6800 13 1008 10 459 5 1 1427 0
7000 13 1005 10 456 5 1 1428 0
7200 13 1005 10 455 5 1 1419 0
7400 13 997 10 460 5 1 1409 0
7600 13 994 10 455 5 1 1406 0
7800 13 992 10 451 5 1 1406 0
8000 13 996 10 449 5 1 1406 0
8200 13 985 10 448 5 1 1401 0
8400 13 981 10 448 5 1 1397 0
8600 13 979 10 450 5 1 1392 0
8800 13 977 10 447 6 1 1391 0
9000 13 974 10 445 5 1 1386 0
9200 13 976 10 444 5 1 1380 0
9400 13 969 10 446 5 1 1379 0
9600 13 968 10 442 5 1 1381 0
9800 13 967 10 441 5 1 1375 0
10000 13 964 10 443 5 1 1365 0
10200 12 927 10 424 5 1 1317 0
10400 13 954 10 435 5 1 1353 0
10600 13 951 10 432 5 1 1352 0
10800 13 950 10 432 5 1 1342 0
11000 0 944 10 432 5 1 1335 0
11200 12 908 10 415 5 1 1284 0
11400 13 936 10 428 5 1 1318 0
11600 13 932 10 423 5 1 1317 0
11800 13 932 10 421 5 1 1312 0
12000 13 925 10 424 5 1 1306 0
12200 14 920 10 416 5 1 1295 0
12400 12 892 10 402 5 1 1250 0
12600 13 916 11 414 5 1 1309 0
12800 13 910 10 411 5 1 1285 0
13000 13 906 10 413 5 1 1270 0
13200 13 896 10 409 6 1 1264 0
13400 13 895 10 409 5 1 1258 0
13600 13 892 10 403 5 1 1254 0
13800 13 886 10 401 5 1 1247 0
14000 13 888 10 400 5 1 1240 0
14200 13 880 10 405 5 1 1233 0
14400 14 872 10 400 5 1 1228 0
14600 13 868 14 393 5 1 1222 0
14800 13 867 10 396 5 1 1217 0
15000 12 835 10 381 5 1 1173 0
15200 13 860 10 388 5 1 1210 0
15400 13 856 10 388 5 1 1205 0
15600 13 853 10 386 5 1 1205 0
15800 13 850 11 384 5 1 1195 0
16000 12 817 10 374 5 1 1153 0
16200 0 843 10 381 5 1 1188 0
16400 13 839 10 383 5 1 1178 0
16600 13 839 10 379 5 1 1175 0
16800 12 807 10 367 5 1 1136 0
17000 13 828 10 378 5 1 1170 0
17200 13 827 10 375 5 1 1162 0
17400 12 794 10 366 5 1 1123 0
17600 12 795 10 362 5 1 1120 0
17800 16 1006 13 466 7 1 1420 0
18000 16 1003 13 457 7 1 1419 1
18200 16 999 13 456 7 1 1416 1
18400 12 784 10 358 5 1 1108 1
18600 13 808 10 370 5 1 1145 1
18800 12 806 10 367 5 1 1138 1
19000 12 775 10 386 5 1 1101 1
19200 12 777 10 354 5 1 1097 1
19400 0 796 10 368 5 1 1129 1
19600 13 799 10 363 5 1 1126 1
19800 12 773 10 353 5 1 1090 1
20000 16 978 13 449 7 1 1379 1
