Time in microseconds. Iter / Coll / Push1 / Fluid / Rho / Phi / E / Push2 / Total min elapsed 
200 1065 24999 13 11645 6 1 34506 0
400 0 24455 17 12952 17 1 33870 0
600 0 24428 14 12937 17 1 33718 0
800 0 24651 26 12598 6 1 34067 0
1000 0 24376 17 11422 6 1 33740 1
1200 1101 24201 13 11354 6 1 33548 1
1400 0 23999 17 11314 6 1 33286 1
1600 0 23822 17 11201 6 1 32993 1
1800 1016 24171 16 10827 6 1 32733 2
2000 0 23451 17 11629 6 1 32516 2
2200 0 23302 18 10974 6 1 32312 2
2400 0 23153 17 10876 6 1 32118 2
2600 1011 23002 16 10846 6 1 31928 3
2800 1010 22845 18 10785 6 1 31724 3
3000 0 22802 14 10705 6 1 31589 3
3200 1048 22632 13 10643 6 1 31468 3
3400 0 22568 13 10585 6 1 31324 3
3600 0 22194 24 10881 17 1 30695 4
3800 0 22327 13 10473 6 1 31017 4
4000 0 22224 14 10377 6 1 30873 4
4200 1007 21666 14 11715 18 1 30111 4
4400 0 21635 25 11572 17 1 30252 5
4600 997 21905 14 10272 6 1 30503 5
4800 957 21817 14 10267 6 1 30407 5
5000 0 21740 13 10226 6 1 30224 5
5200 0 21647 13 10178 6 1 30129 5
5400 949 21571 14 10137 6 1 30022 6
5600 948 21471 13 10083 6 1 29967 6
5800 928 21389 13 10077 6 1 29812 6
6000 0 21315 13 9996 6 1 29702 6
6200 0 21257 14 9994 6 1 29610 6
6400 0 21181 14 9943 6 1 29519 7
6600 995 21620 13 9767 6 1 29428 7
6800 982 21057 14 9900 6 1 29350 7
7000 0 21017 13 9897 6 1 29282 7
7200 0 20616 14 10928 6 1 28667 7
7400 0 20614 25 10218 17 1 28581 8
7600 0 20818 13 9832 6 1 29077 8
7800 0 20771 13 9857 6 1 29018 8
8000 985 20719 14 9789 6 1 28949 8
8200 0 20621 13 9896 6 1 28852 8
8400 0 20634 14 9807 6 1 28860 9
8600 0 20571 13 9794 6 1 28827 9
8800 0 20555 13 9775 6 1 28797 9
9000 947 20535 14 9799 6 1 28764 9
9200 984 20186 14 10930 17 1 28324 9
9400 986 20452 13 9735 6 1 29114 10
9600 1014 20460 13 9756 6 1 28721 10
9800 1022 20441 13 9783 6 1 28706 10
10000 996 20357 13 9795 6 1 28673 10
10200 1036 20111 24 10840 17 1 28224 10
10400 1066 20356 13 9705 6 1 28921 11
10600 1074 20332 14 9685 6 1 28466 11
10800 0 20300 13 9751 6 1 28435 11
11000 1010 20311 13 9691 6 1 28390 11
11200 1034 19973 25 10818 6 1 27864 11
11400 999 20336 13 9689 6 1 28354 12
11600 1008 20387 13 9712 6 1 28362 12
11800 986 20074 24 10842 17 1 27841 12
12000 986 20328 13 9703 6 1 28352 12
12200 965 20028 24 10829 17 1 27961 12
12400 964 20365 13 9694 6 1 28326 13
12600 962 20090 25 10644 17 1 27995 13
12800 981 20343 14 9661 6 1 28309 13
13000 0 20350 14 9662 6 1 28295 13
13200 1010 20337 14 9689 6 1 28276 13
13400 0 20347 13 9615 6 1 28265 14
13600 982 20329 13 9638 6 1 28240 14
13800 978 20317 13 9650 6 1 28210 14
14000 0 19983 24 10852 6 1 27752 14
14200 0 20259 13 9650 6 1 28156 14
14400 957 20226 13 9660 6 1 28118 15
14600 995 20205 13 9618 6 1 28805 15
14800 0 20195 13 9603 6 1 28285 15
15000 987 20239 13 9537 6 1 28072 15
15200 956 20174 13 9580 6 1 28022 15
15400 0 20155 13 9528 6 1 28032 16
15600 0 20117 13 9582 6 1 28022 16
15800 951 19861 14 10662 18 1 27741 16
16000 976 20115 14 9573 6 1 27999 16
16200 0 20105 13 9597 6 1 27985 16
16400 1026 20088 14 9488 6 1 27963 17
16600 1009 20070 14 9609 6 1 27936 17
16800 988 20064 14 9630 6 1 27960 17
17000 0 20069 13 9549 6 1 27955 17
17200 1028 20051 13 9573 6 1 27992 17
17400 0 20074 13 9359 6 1 28005 18
17600 0 20063 17 9619 6 1 28039 18
17800 1044 20063 17 9585 6 1 28005 18
18000 1032 19935 24 9956 6 1 27799 18
18200 1014 20056 16 9660 6 1 27917 18
18400 1032 20062 13 9621 6 1 28119 19
18600 1026 19989 24 10421 17 1 27760 19
18800 1023 20106 13 9689 6 1 28178 19
19000 1035 19790 25 10842 18 1 27641 19
19200 0 19977 25 10176 20 1 27946 19
19400 1100 20170 13 9543 6 1 28261 20
19600 0 20171 14 9405 18 1 28779 20
19800 1109 19834 25 10731 17 1 27760 20
20000 1038 20168 14 9645 6 1 28338 20
