0 0.0523079
0 0.0384179
0 0.0158
0 0.023244
0 0.0384442
0 0.00728324
0 0.0401663
0 0.004823
0 0.0554896
0 0.0262306
0 0.0659981
0 0.0135242
0 0.0414331
0 0.0385912
0 0.0966386
0 0.012037
0 0.0255097
0 0.0186398
0 0.0753375
0 0.027617
0 0.0372639
0 0.0572818
0 0.00113362
0 0.00155986
0 0.00974046
0 0.0181518
0 0.0319083
0 0.0225339
0 0.0345284
0 0.0311252
0 0.00482101
0 0.040047
0 0.0215526
0 0.0489375
0 0.0566767
0 0.0396061
0 0.0234432
0 0.0153392
0 0.0802888
0 0.00966367
0 0.0284739
0 0.0279859
0 0.0326902
0 0.0115122
0 0.0518297
0 0.0562311
0 0.0702771
0 0.0536425
0 0.0147342
0 0.043134
0 0.0103731
0 0.0717342
0 0.00302714
0 0.00869081
0 0.0145061
0 0.0100886
0 0.0751573
0 0.0348068
0 0.0274529
0 0.0768577
0 0.119342
0 0.00179996
0 0.0772904
0 0.0311599
0 0.0451163
0 0.0245529
0 0.0247109
0 0.0190202
0 0.0367042
0 0.00892519
0 0.0222829
0 0.00606797
0 0.0056934
0 0.0380722
0 0.018839
0 0.0339442
0 0.0146468
0 0.0339663
0 0.0725956
0 0.00426713
0 0.0113038
0 0.0742663
0 0.0419115
0 0.0649311
0 0.0485861
0 0.0117404
0 0.0167948
0 0.0447962
0 0.0241854
0 0.00669513
0 0.0134353
0 0.098391
0 0.0013679
0 0.029632
0 0.0149606
0 0.0234426
0 0.0836463
0 0.00478833
0 0.00188524
0 0.0269978
0 0.0936607
0 0.0376298
0 0.0153925
0 0.0135149
0 0.0328381
0 0.0535418
0 0.0190848
0 0.00177751
0 0.0891961
0 0.00399823
0 0.0412838
0 0.00459848
0 0.0229065
0 0.0105991
0 0.0235474
0 0.119875
0 0.061528
0 0.0416315
0 0.013686
0 0.0122834
0 0.00290678
0 0.0190524
0 0.00863275
0 0.0583446
0 0.0085251
0 0.0567774
0 0.0712705
0 0.0182678
0 0.0331702
0 0.0102056
0 0.00139724
0 0.0805253
0 0.0805975
0 0.0262149
0 0.0289285
0 0.0174498
0 0.0392377
0 0.0455629
0 0.0232717
0 0.0755886
0 0.0129542
0 0.0589467
0 0.0726799
0 0.0171991
0 0.00505986
0 0.0225635
0 0.0456382
0 0.00618184
0 0.00925311
0 0.00299236
0 0.0135245
0 0.0372455
0 0.0965655
0 0.0747017
0 0.0766918
0 0.00484456
0 0.0122234
0 0.0553534
0 0.0329935
0 0.0749108
0 0.0713784
0 0.00837939
0 0.0263153
0 0.00549209
0 0.0703233
0 0.0309825
0 0.0163679
0 0.121953
0 0.019723
0 0.0208619
0 0.0414585
0 0.0424241
0 0.0162571
0 0.00130859
0 0.0238236
0 0.0748939
0 0.0411081
0 0.0765882
0 0.0773459
0 0.0325409
0 0.00949387
0 0.0537312
0 0.00979777
0 0.0171849
0 0.0379183
0 0.0138274
0 0.00521253
0 0.0381802
0 0.0415681
0 0.0197429
0 0.0238097
0 0.00520025
0 0.0655685
0 0.00113616
0 0.0793253
0 0.0517353
0 0.0533686
0 0.00900481
0 0.0425834
0 0.00161106
0 0.0410448
0 0.0314952
0 0.0579071
0 0.0551548
0 0.0244845
0 0.0192621
0 0.0295033
0 0.0262447
0 0.0446474
0 0.0226367
0 0.0131294
0 0.0503933
0 0.0516709
0 0.0499095
0 0.0040278
0 0.00105801
0 0.0782006
0 0.0643782
0 0.01459
0 0.0119667
0 0.00609695
0 0.0263456
0 0.0226686
0 0.0534333
0 0.0538505
0 0.0789189
0 0.0108382
0 0.012577
0 0.0624284
0 0.0187896
0 0.00719931
0 0.00947039
0 0.0113438
0 0.0399808
0 0.0372238
0 0.000783656
0 0.0269321
0 0.00987817
0 0.00215435
0 0.0312938
0 0.00144068
0 0.0162166
0 0.0738412
0 0.0065042
0 0.0125968
0 0.0209855
0 0.0623733
0 0.0128778
0 0.134508
0 0.0293936
0 0.0163523
0 0.061014
0 0.0219011
0 0.0383901
0 0.0304438
0 0.125204
0 0.0574576
0 0.00602215
0 0.0194098
0 0.0462733
0 0.0697972
0 0.0552784
0 0.0271984
0 0.0348893
0 0.00440846
0 0.0230853
0 0.0175617
0 0.0158587
0 0.174571
0 0.020501
0 0.102549
0 0.0307289
0 0.0339399
0 0.030915
0 0.0326242
0 0.0329882
0 0.0562712
0 0.0268407
0 0.0158479
0 0.0550004
0 0.0584793
0 0.0302493
0 0.0201274
0 0.0211502
0 0.0110714
0 0.0329365
0 0.0866039
0 0.0341378
0 0.0246577
0 0.0046127
0 0.0165829
0 0.0143471
0 0.140496
0 0.0472355
0 0.0272302
0 0.0423835
0 0.0876117
0 0.0369457
0 0.0175225
0 0.0973335
0 0.0102928
0 0.0289408
0 0.0273356
0 0.0898191
0 0.0724753
0 0.0581702
0 0.0199459
0 0.0217303
0 0.00599091
0 0.0794108
0 0.0530473
0 0.0175262
0 0.0097011
0 0.0261564
0 0.0503653
0 0.00538616
0 0.00388485
0 0.0889998
0 0.0388989
0 0.0288285
0 0.018949
0 0.0359868
0 0.0542222
0 0.0559011
0 0.0132774
0 0.0471028
0 0.0168858
0 0.0745933
0 0.0829779
0 0.050445
0 0.0193821
0 0.114603
0 0.0279007
0 0.0602272
0 0.0169589
0 0.0721982
0 0.0327485
0 0.028381
0 0.0221588
0 0.0437168
0 0.242731
0 0.0208657
0 0.00579502
0 0.118037
0 0.0392263
0 0.00854415
0 0.0113348
0 0.0351077
0 0.026729
0 0.0833262
0 0.00175004
0 0.0232789
0 0.00528572
0 0.0111221
0 0.0219084
0 0.0236552
0 0.111411
0 0.061748
0 0.028527
0 0.0186186
0 0.0963624
0 0.0166353
0 0.0153112
0 0.118453
0 0.0366773
0 0.122924
0 0.00533374
0 0.0095017
0 0.0470048
0 0.0793125
0 0.0481358
0 0.0613172
0 0.0118072
0 0.0609959
0 0.061152
0 0.0419666
0 0.0282437
0 0.121227
0 0.0141683
0 0.0150236
0 0.0221103
0 0.0035418
0 0.0595834
0 0.118564
0 0.0753034
0 0.0145533
0 0.0474121
0 0.0401871
0 0.0253468
0 0.0142394
0 0.0503755
0 0.00381809
0 0.0196551
0 0.0114927
0 0.0353027
0 0.0545864
0 0.0229859
0 0.0166128
0 0.0649958
0 0.0103328
0 0.0207192
0 0.0379975
0 0.0343404
0 0.0122663
0 0.102849
0 0.0378495
0 0.0660558
0 0.0719074
0 0.0219459
0 0.0182181
0 0.00540639
0 0.00309858
0 0.0536929
0 0.019917
0 0.00827122
0 0.0625368
0 0.0025352
0 0.196013
0 0.0141471
0 0.0437979
0 0.0432541
0 0.0258077
0 0.0123926
0 0.0228846
0 0.0829358
0 0.0193114
0 0.00732564
0 0.00834644
0 0.116511
0 0.00488337
0 0.0647286
0 0.00526118
0 0.0573165
0 0.0183269
0 0.029933
0 0.0122097
0 0.0300288
0 0.0362379
0 0.0203694
0 0.0174014
0 0.006044
0 0.0690179
0 0.021538
0 0.00728764
0 0.0165854
0 0.0898365
0 0.0569862
0 0.0463742
0 0.060948
0 0.0795514
0 0.0524114
0 0.0113742
0 0.0712734
0 0.0304587
0 0.0374155
0 0.0276576
0 0.0636408
0 0.0231109
0 0.0285966
0 0.00450023
0 0.0287563
0 0.032363
0 0.0246463
0 0.152248
0 0.0306509
0 0.0612692
0 0.0336722
0 0.037131
0 0.0482017
0 0.0169716
0 0.0546879
0 0.0338191
0 0.0888832
0 0.0615187
0 0.0673121
0 0.036798
0 0.00154871
0 0.0517943
0 0.0701023
0 0.0717767
0 0.0679324
0 0.0842938
0 0.0456162
0 0.00890817
0 0.0126145
0 0.0140187
0 0.00547532
0 0.042906
0 0.0523644
0 0.0217871
0 0.0380132
0 0.0228347
0 0.0491101
0 0.0109853
0 0.0205547
0 0.156044
0 0.0377767
0 0.0250067
0 0.0290413
0 0.0750305
0 0.0356407
0 0.0183231
0 0.044208
0 0.0194626
0 0.00537586
0 0.026682
0 0.126913
0 0.0218945
0 0.0108643
0 0.00491174
0 0.0173709
0 0.0147752
0 0.0149555
0 0.001831
0 0.0368533
0 0.150687
0 0.00756703
0 0.0249553
0 0.0127035
0 0.0180949
0 0.0357015
0 0.0826119
0 0.0298595
0 0.0749055
0 0.00790566
0 0.102739
0 0.085305
0 0.0156844
0 0.0309796
0 0.0228495
0 0.0108067
0 0.0557538
0 0.0756112
0 0.00924416
0 0.0921513
0 0.0736927
0 0.0191283
0 0.00691622
0 0.0607923
0 0.0657083
0 0.0656535
0 0.00664731
0 0.0676599
0 0.0377426
0 0.042408
0 0.00501952
0 0.0789853
0 0.00609579
0 0.00604293
0 0.0151436
0 0.061694
0 0.0506299
0 0.0417766
0 0.0372412
0 0.0723862
0 0.0210594
0 0.0630145
0 0.00874924
0 0.072385
0 0.00146663
0 0.0851319
0 0.0337197
0 0.0417108
0 0.0290315
0 0.0557879
0 0.00192846
0 0.00260658
0 0.0242677
0 0.0220244
0 0.0775861
0 0.0875325
0 0.0167431
0 0.0985822
0 0.0207456
0 0.120377
0 0.0557783
0 0.0558659
0 0.00730186
0 0.0092585
0 0.0624031
0 0.0638058
0 0.00878536
0 0.0485593
0 0.0704383
0 0.0552456
0 0.0192838
0 0.0183251
0 0.00233991
0 0.0252682
0 0.0462153
0 0.0383447
0 0.0405073
0 0.0350857
0 0.0326586
0 0.00225733
0 0.00500123
0 0.0536994
0 0.030704
0 0.0178864
0 0.0233461
0 0.0144264
0 0.0333278
0 0.0600953
0 0.0382262
0 0.0243294
0 0.0375844
0 0.0270699
0 0.0130715
0 0.0563541
0 0.00642041
0 0.016348
0 0.0488922
0 0.0395216
0 0.0471611
0 0.0338103
0 0.062256
0 0.134459
0 0.067784
0 0.00526054
0 0.0180319
0 0.0249483
0 0.0264805
0 0.0894512
0 0.022296
0 0.0230063
0 0.0118792
0 0.0382525
0 0.0287008
0 0.0266351
0 0.0306834
0 0.0327273
0 0.0748269
0 0.0513993
0 0.0614475
0 0.0526391
0 0.0460419
0 0.0148543
0 0.0345113
0 0.119907
0 0.0193584
0 0.0305897
0 0.0709024
0 0.0249297
0 0.0182133
0 0.0270338
0 0.0351043
0 0.0101598
0 0.0984029
0 0.00538736
0 0.0229759
0 0.056986
0 0.0172183
0 0.117169
0 0.0295839
0 0.0367219
0 0.0559508
0 0.0256545
0 0.0107439
0 0.0156816
0 0.00128246
0 0.0189468
0 0.0354999
0 0.0711245
0 0.0539781
0 0.0297692
0 0.00508064
0 0.00961815
0 0.0384092
0 0.0435187
0 0.00789327
0 0.0496146
0 0.00701999
0 0.0792579
0 0.012713
0 0.0400181
0 0.0107198
0 0.0284619
0 0.118787
0 0.0259814
0 0.0125783
0 0.0603474
0 0.00673977
0 0.017938
0 0.0768942
0 0.0489361
0 0.0269724
0 0.0184686
0 0.0303545
0 0.0822215
0 0.0444464
0 0.0333425
0 0.0137535
0 0.0266738
0 0.0454112
0 0.0525771
0 0.0100774
0 0.0342049
0 0.000249764
0 0.0266416
0 0.0533398
0 0.024109
0 0.0429816
0 0.00929516
0 0.0222472
0 0.0542375
0 0.00698879
0 0.0302503
0 0.0123661
0 0.0465328
0 0.02831
0 0.0165661
0 0.0503794
0 0.181805
0 0.0303995
0 0.0129994
0 0.00108343
0 0.00491256
0 0.0189191
0 0.013794
0 0.0107409
0 0.0288344
0 0.00318408
0 0.0329699
0 0.0185417
0 0.0168655
0 0.00503633
0 0.000731017
0 0.0460172
0 0.0703421
0 0.0405186
0 0.168758
0 0.0520192
0 0.0439245
0 0.0632742
0 0.0945826
0 0.00867852
0 0.120369
0 0.00321826
0 0.0790663
0 0.00940697
0 0.0117436
0 0.0462878
0 0.0073825
0 0.0164692
0 0.0622186
0 0.0241426
0 0.114582
0 0.0720642
0 0.0661505
0 0.0162053
0 0.0111327
0 0.00166544
0 0.0863248
0 0.00872021
0 0.0654775
0 0.0133478
0 0.0199875
0 0.0175998
0 0.0203515
0 0.0291916
0 0.100284
0 0.0442252
0 0.0371445
0 0.0511308
0 0.0868443
0 0.0167659
0 0.0261061
0 0.101361
0 0.0160275
0 0.0382405
0 0.0187346
0 0.0480874
0 0.077497
0 0.0661069
0 0.00683417
0 0.0472083
0 0.0151013
0 0.0305949
0 0.014495
0 0.0411668
0 0.0136127
0 0.0295472
0 0.0393121
0 0.0792877
0 0.031559
0 0.0611023
0 0.0403799
0 0.00134814
0 0.0171344
0 0.0375644
0 0.0176875
0 0.0207491
0 0.0791834
0 0.0471872
0 0.015255
0 0.0527731
0 0.0621295
0 0.0493325
0 0.0405125
0 0.042705
0 0.0614917
0 0.0395311
0 0.0118554
0 0.0192174
0 0.0233109
0 0.00192866
0 0.0184534
0 0.0631887
0 0.0113501
0 0.0399849
0 0.0231811
0 0.0378325
0 0.043908
0 0.0394438
0 0.00349148
0 0.0206671
0 0.0527499
0 0.0397662
0 0.0324896
0 0.0258076
0 0.0381897
0 0.0496875
0 0.0979736
0 0.0306434
0 0.0151204
0 0.0159799
0 0.0438962
0 0.0500176
0 0.017614
0 0.00953804
0 0.022858
0 0.00356673
0 0.0204413
0 0.0763032
0 0.0295301
0 0.0085594
0 0.0679172
0 0.0579658
0 0.00808101
0 0.0119237
0 0.0300456
0 0.040076
0 0.033649
0 0.0412644
0 0.0309043
0 0.00898604
0 0.0136016
0 0.0221056
0 0.0378031
0 0.0162734
0 0.00483244
0 0.0368419
0 0.0130091
0 0.00580094
0 0.0062788
0 0.0762134
0 0.0926236
0 0.0373589
0 0.0680444
0 0.00499654
0 0.00607938
0 0.0574588
0 0.0163982
0 0.0240379
0 0.0727374
0 0.00731736
0 0.0662267
0 0.0336685
0 0.085781
0 0.0117515
0 0.0206724
0 0.0399984
0 0.00878138
0 0.136388
0 0.0795495
0 0.0248884
0 0.033455
0 0.0633882
0 0.0196918
0 0.00671094
0 0.0429139
0 0.071395
0 0.0783987
0 0.0641268
0 0.0466069
0 0.046893
0 0.0182198
0 0.00989371
0 0.117975
0 0.0459343
0 0.0335893
0 0.00622509
0 0.0221939
0 0.00903959
0 0.0399754
0 0.0102734
0 0.0192785
0 0.0731411
0 0.0248199
0 0.0488626
0 0.0134967
0 0.00739367
0 0.0203068
0 0.0212454
0 0.100381
0 0.0163079
0 0.0692981
0 0.0100166
0 0.0191003
0 0.0074081
0 0.0180611
0 0.0374241
0 0.0132736
0 0.0512345
0 0.0171594
0 0.192696
0 0.0288026
0 0.0543372
0 0.0833421
0 0.0467023
0 0.0324263
0 0.00970011
0 0.012087
0 0.00306972
0 0.0850906
0 0.0310024
0 0.0325911
0 0.0966441
0 0.0899079
0 0.0418362
0 0.0238692
0 0.0267697
0 0.00623672
0 0.00976518
0 0.0608246
0 0.008826
0 0.00224225
0 0.0368736
0 0.0177848
0 0.0359043
0 0.00575384
0 0.0330958
0 0.0222766
0 0.0469457
0 0.039804
0 0.0328743
0 0.00794847
0 0.0384429
0 0.00488425
0 0.0365514
0 0.0453274
0 0.0259034
0 0.0212083
0 0.0153291
0 0.0558477
0 0.0226697
0 0.0357833
0 0.00371718
0 0.0571038
0 0.0587313
0 0.048764
0 0.0421985
0 0.00936854
0 0.0495086
0 0.0596531
0 0.073655
0 0.0340969
0 0.0901402
0 0.00391902
0 0.0153661
0 0.0193827
0 0.0364546
0 0.00809755
0 0.0212551
0 0.0541722
0 0.0685359
0 0.0306346
0 0.0545096
0 0.0585917
0 0.0296319
0 0.0221396
0 0.0094817
0 0.083829
0 0.0321838
0 0.0980612
0 0.0080412
0 0.167478
0 0.041629
0 0.098492
0 0.0219652
0 0.0333978
0 0.0370816
0 0.00454313
0 0.137357
0 0.0273186
0 0.0287574
0 0.156278
0 0.0410258
0 0.0256164
0 0.00578761
0 0.0775199
0 0.0787447
0 0.0648851
0 0.0313036
0 0.0347055
0 0.0556601
0 0.0221819
0 0.0104559
0 0.0122127
0 0.123739
0 0.0768484
0 0.0180997
0 0.0341194
0 0.0585002
0 0.0753077
0 0.0695931
0 0.0138171
0 0.0215215
0 0.0260307
0 0.0281499
0 0.0588521
0 0.0400436
0 0.0494181
0 0.027512
0 0.0363962
0 0.0660019
0 0.0179058
0 0.0531742
0 0.0645942
0 0.00106664
0 0.0115239
0 0.0310631
0 0.0923878
0 0.00933506
0 0.0917108
0 0.0489575
0 0.00447238
0 0.0130392
0 0.021651
0 0.0161318
0 0.023622
0 0.0151139
0 0.0512015
0 0.0450338
0 0.00859536
0 0.0515299
0 0.0544404
0 0.0349302
0 0.00906495
0 0.0158397
0 0.0279975
0 0.0147384
0 0.124399
0 0.0723768
0 0.0558105
0 0.141147
0 0.0107701
0 0.00559861
0 0.0391125
0 0.0780594
0 0.0452587
0 0.0338219
0 0.15954
0 0.050274
0 0.0264142
0 0.0142565
0 0.0257295
0 0.0381612
0 0.0501627
0 0.0519979
0 0.0801828
0 0.0883734
0 0.0374596
0 0.0078922
0 0.0994083
0 0.0103301
0 0.0239687
0 0.0377341
0 0.0138099
0 0.00989089
0 0.0522735
0 0.00680019
0 0.0547384
0 0.0300568
0 0.0162163
0 0.0486663
0 0.065904
0 0.00711737
0 0.0175807
0 0.0113479
0 0.06088
0 0.0174026
0 0.0408764
0 0.00186168
0 0.0766596
0 0.00938632
0 0.00585065
0 0.0247898
0 0.0561105
0 0.0205653
0 0.0131763
0 0.0965936
0 0.0844297
0 0.0179839
0 0.00568292
0 0.0109178
0 0.0604359
0 0.0133374
0 0.0570283
0 0.0189473
0 0.0822297
0 0.00248285
0 0.0518935
0 0.0465733
0 0.0897087
0 0.0590105
0 0.0613012
0 0.0172433
0 0.0859636
0 0.025131
0 0.0185417
0 0.0632246
0 0.0135972
0 0.0167689
0 0.0842196
0 0.034524
0 0.0131052
0 0.0248011
0 0.00137657
0 0.0109734
0 0.00763802
0 0.024141
0 0.0727493
0 0.0303778
0 0.0118232
0 0.0305078
0 0.0435269
0 0.0321334
0 0.0116876
0 0.0709555
0 0.061889
0 0.0457684
0 0.0297687
0 0.0332064
0 0.0443769
0 0.0789251
0 0.00403139
0 0.0268693
0 0.0190754
0 0.0968705
0 0.0156288
0 0.0190783
0 0.00491595
0 0.119392
0 0.115114
0 0.0946073
0 0.109188
0 0.0158246
0 0.0560048
0 0.0641243
0 0.033178
0 0.0803974
0 0.0277769
0 0.0100124
0 0.0217115
0 0.039919
0 0.0288315
0 0.0071482
0 0.0179022
0 0.0244193
0 0.0230777
0 0.0281649
0 0.0202416
0 0.126935
0 0.00895344
0 0.0515896
0 0.0476778
0 0.0344287
0 0.0238428
0 0.0787515
0 0.067651
0 0.0229605
0 0.0256036
0 0.0708527
0 0.0427589
0 0.00861647
0 0.0246331
0 0.0416719
0 0.123977
0 0.0338261
0 0.0488305
0 0.0246711
0 0.0343508
0 0.089701
0 0.0602884
0 0.0182065
0 0.0493421
0 0.0156178
0 0.0616705
0 0.00797196
0 0.0160492
0 0.0119829
0 0.0640117
0 0.0399358
0 0.00362881
0 0.0705054
0 0.0191515
0 0.0368564
0 0.0381754
0 0.011504
0 0.0719708
0 0.00556728
0 0.011088
0 0.00963236
0 0.0205647
0 0.0386758
0 0.0506525
0 0.0331987
0 0.0599654
0 0.0606431
0 0.0533779
0 0.0935677
0 0.0278966
0 0.0161779
0 0.011148
0 0.00328403
0 0.0684502
0 0.0407115
0 0.0488751
0 0.0381139
0 0.0155114
0 0.0272392
0 0.10222
0 0.022489
0 0.0117506
0 0.0297898
0 0.0371634
0 0.130284
0 0.0281356
0 0.0114343
0 0.0271297
0 0.0199426
0 0.0459958
0 0.077344
0 0.0272697
0 0.00611092
0 0.0545382
0 0.0337648
0 0.00252151
0 0.0355837
0 0.0161803
0 0.0057231
0 0.0215453
0 0.0579855
0 0.00948345
0 0.0691324
0 0.0732347
0 0.0319584
0 0.0119547
0 0.0343069
0 0.0164599
0 0.0915947
0 0.00174937
0 0.0140946
0 0.00136298
0 0.0360078
0 0.0580428
0 0.0622345
0 0.012259
0 0.00370091
0 0.0159979
0 0.0399033
0 0.0461456
0 0.019994
0 0.118042
0 0.208512
0 0.0117726
0 0.0143924
0 0.0452219
0 0.0317058
0 0.0260783
0 0.00689152
0 0.0488121
0 0.0101358
0 0.00373404
0 0.0400712
0 0.0186737
0 0.102374
0 0.00416266
0 0.0269135
0 0.0296291
0 0.131482
0 0.0153059
0 0.0374427
0 0.0182922
0 0.0114143
0 0.0349704
0 0.0192004
0 0.0254619
0 0.0319644
0 0.00978821
0 0.0024888
0 0.0200617
0 0.0665316
0 0.00463539
0 0.0349395
0 0.00819408
0 0.00718883
0 0.00389141
0 0.0182435
0 0.0126978
0 0.0863047
0 0.02485
0 0.0289737
0 0.0496531
0 0.0213911
0 0.00223148
0 0.0271233
0 0.0360154
0 0.0174417
0 0.060526
0 0.0484377
0 0.0257438
0 0.031388
0 0.00394308
0 0.0148857
0 0.0484306
0 0.0572774
0 0.0111869
0 0.0113204
0 0.0212622
0 0.008898
0 0.00864427
0 0.0748222
0 0.0205125
0 0.0360496
0 0.0466029
0 0.0240482
0 0.0495858
0 0.0549277
0 0.000674401
0 0.0546965
0 0.0291507
0 0.0356991
0 0.0143024
0 0.02348
0 0.0294789
0 0.0984355
0 0.0294166
0 0.0191172
0 0.0215622
0 0.00990767
0 0.0685382
0 0.054982
0 0.0302812
0 0.0202978
0 0.0794715
0 0.00347801
0 0.021975
0 0.0531252
0 0.0331602
0 0.0501465
0 0.0307478
0 0.0227063
0 0.0431763
0 0.0468642
0 0.0579092
0 0.01431
0 0.059993
0 0.0332875
0 0.0369134
0 0.0106599
0 0.0569763
0 0.0978226
0 0.0264724
0 0.0173136
0 0.0133224
0 0.0725212
0 0.02379
0 0.0448487
0 0.112284
0 0.0711824
0 0.0477698
0 0.00105853
0 0.0603988
0 0.0398825
0 0.00921065
0 0.0257551
0 0.0750865
0 0.0249667
0 0.00826303
0 0.013075
0 0.0181205
0 0.00316762
0 0.0606073
0 0.0242895
0 0.0482969
0 0.0878038
0 0.0143231
0 0.0349447
0 0.07662
0 0.0387426
0 0.00538778
0 0.0248017
0 0.0407579
0 0.023511
0 0.0338791
0 0.0208567
0 0.023022
0 0.166479
0 0.0253738
0 0.0304945
0 0.0599048
0 0.0286874
0 0.0396136
0 0.0149416
0 0.0462446
0 0.00884698
0 0.0202363
0 0.0347724
0 0.0233278
0 0.0416079
0 0.0373309
0 0.0635164
0 0.0204895
0 0.13811
0 0.0294495
0 0.0147059
0 0.0166118
0 0.0139836
0 0.0194879
0 0.00730969
0 0.0102348
0 0.104023
0 0.0832702
0 0.0427665
0 0.0561262
0 0.0517272
0 0.0309208
0 0.0357536
0 0.0115393
0 0.0435328
0 0.0132297
0 0.0131808
0 0.144429
0 0.0570498
0 0.0410287
0 0.0171477
0 0.0170236
0 0.15628
0 0.136845
0 0.012272
0 0.0293596
0 0.027786
0 0.026031
0 0.0147421
0 0.0828734
0 0.0520153
0 0.0169078
0 0.0253947
0 0.00918747
0 0.0373055
0 0.0247097
0 0.0109484
0 0.071865
0 0.0149949
0 0.0323786
0 0.0708846
0 0.0170615
0 0.0232474
0 0.0417417
0 0.00587234
0 0.0274511
0 0.0311574
0 0.0670304
0 0.035398
0 0.0403549
0 0.026152
0 0.0122458
0 0.0803748
0 0.0242128
0 0.0212257
0 0.0123813
0 0.0281919
0 0.0171973
0 0.0650101
0 0.0279455
0 0.0349313
0 0.0371897
0 0.0141282
0 0.0244417
0 0.0259103
0 0.00405145
0 0.0724478
0 0.0849577
0 0.0333095
0 0.0500138
0 0.0583141
0 0.0805859
0 0.0351558
0 0.0128605
0 0.0562465
0 0.00698341
0 0.0315345
0 0.0060993
0 0.016434
0 0.0627004
0 0.0239146
0 0.0228752
0 0.0679849
0 0.0394308
0 0.043857
0 0.0106725
0 0.0307234
0 0.0382395
0 0.0120494
0 0.0506665
0 0.0157361
0 0.0450931
0 0.057358
0 0.0363599
0 0.023555
0 0.0119582
0 0.0337853
0 0.0911483
0 0.0114683
0 0.156987
0 0.0707694
0 0.0411203
0 0.0652498
0 0.109751
0 0.0793338
0 0.0339385
0 0.00409728
0 0.0458895
0 0.00241218
0 0.00952968
0 0.0360479
0 0.0303533
0 0.00604011
0 0.00142656
0 0.0152337
0 0.0486639
0 0.0350398
0 0.0082855
0 0.0184471
0 0.00563376
0 0.10305
0 0.0598713
0 0.0195195
0 0.0373585
0 0.0237848
0 0.0262426
0 0.00747718
0 0.0453735
0 0.0555517
0 0.0352296
0 0.00327947
0 0.0891353
0 0.0143548
0 0.044085
0 0.0249779
0 0.0462419
0 0.110841
0 0.0237023
0 0.0272832
0 0.0363261
0 0.0135027
0 0.0186334
0 0.0471797
0 0.0285963
0 0.0781439
0 0.0584661
0 0.0394655
0 0.0167141
0 0.00844013
0 0.0186633
0 0.101301
0 0.0258301
0 0.00298194
0 0.006295
0 0.0137507
0 0.0704904
0 0.0142727
0 0.045394
0 0.0702936
0 0.0373318
0 0.0316477
0 0.0602293
0 0.0316441
0 0.0610758
0 0.0218583
0 0.0157359
0 0.0127656
0 0.00205862
0 0.206184
0 0.00886397
0 0.0209895
0 0.0114931
0 0.0222664
0 0.0410326
0 0.080225
0 0.0416811
0 0.000474159
0 0.062323
0 0.0200195
0 0.0275867
0 0.0182058
0 0.0314258
0 0.0769873
0 0.0281251
0 0.0286466
0 0.0417232
0 0.14328
0 0.0325324
0 0.0142239
0 0.0408505
0 0.0305242
0 0.030304
0 0.0242031
0 0.011862
0 0.00223513
0 0.0410182
0 0.0476017
0 0.0408853
0 0.015342
0 0.11203
0 0.0128643
0 0.0737635
0 0.00758847
0 0.0703501
0 0.0149757
0 0.0249648
0 0.0733987
0 0.0645491
0 0.046399
0 0.0229544
0 0.0576434
0 0.00374726
0 0.0349911
0 0.0117474
0 0.00465633
0 0.0134447
0 0.0342977
0 0.0522064
0 0.050006
0 0.038589
0 0.00633058
0 0.0814438
0 0.0959918
0 0.0418161
0 0.0411968
0 0.0547225
0 0.065498
0 0.0564897
0 0.0630653
0 0.0638918
0 0.0118643
0 0.0256571
0 0.00315195
0 0.0163396
0 0.0552638
0 0.00415757
0 0.082613
0 0.0531024
0 0.00988634
0 0.0416661
0 0.0376513
0 0.0302553
0 0.0401633
0 0.126669
0 0.0145679
0 0.0360381
0 0.00838327
0 0.0254554
0 0.012833
0 0.00988395
0 0.0158313
0 0.0462405
0 0.0502789
0 0.0213328
0 0.0284639
0 0.0134486
0 0.0565169
0 0.0747826
0 0.0128775
0 0.00606588
0 0.0640381
0 0.0371975
0 0.0507096
0 0.0277454
0 0.00301476
0 0.0549639
0 0.016221
0 0.00381852
0 0.0257434
0 0.0595709
0 0.120872
0 0.0708982
0 0.0083538
0 0.00179717
0 0.0788932
0 0.0244832
0 0.154627
0 0.00929103
0 0.0308974
0 0.0169417
0 0.0283147
0 0.0526961
0 0.0018009
0 0.00924974
0 0.110451
0 0.0281154
0 0.0932963
0 0.0109115
0 0.067389
0 0.0762502
0 0.0450846
0 0.009327
0 0.0136675
0 0.0101496
0 0.00802362
0 0.0369201
0 0.0847414
0 0.00418575
0 0.0431068
0 0.0156679
0 0.0264476
0 0.0412899
0 0.0160294
0 0.0136979
0 0.0990486
0 0.0620922
0 0.10677
0 0.0147341
0 0.0541775
0 0.00663837
0 0.026861
0 0.00368681
0 0.0128118
0 0.0380899
0 0.0169118
0 0.0126589
0 0.0108569
0 0.172688
0 0.0142222
0 0.0152576
0 0.00395873
0 0.0131893
0 0.0198862
0 0.0906501
0 0.0185536
0 0.0432678
0 0.0389404
0 0.027683
0 0.0101947
0 0.0728505
0 0.0877024
0 0.0602437
0 0.0194491
0 0.0191511
0 0.125003
0 0.050272
0 0.0761136
0 0.0319501
0 0.0310566
0 0.0416552
0 0.0539232
0 0.0612972
0 0.0134268
0 0.000761315
0 0.0469027
0 0.0270987
0 0.00864808
0 0.0114689
0 0.00897421
0 0.052268
0 0.0173428
0 0.00233492
0 0.0378217
0 0.00479487
0 0.0519559
0 0.00398779
0 0.0219187
0 0.0503587
0 0.135195
0 0.0156613
0 0.0135575
0 0.0590738
0 0.0402342
0 0.0221962
0 0.012922
0 0.0163116
0 0.00130966
0 0.0393836
0 0.00260636
0 0.0258093
0 0.000532165
0 0.0198706
0 0.0857923
0 0.0558106
0 0.0127788
0 0.0366607
0 0.0568942
0 0.0308991
0 0.0332261
0 0.0404877
0 0.0676238
0 0.00448486
0 0.090918
0 0.0964711
0 0.0269301
0 0.00490213
0 0.0283107
0 0.0349996
0 0.0266446
0 0.0273064
0 0.115383
0 0.0245073
0 0.0133713
0 0.0220095
0 0.0147319
0 0.0364788
0 0.00518622
0 0.0345662
0 0.0027306
0 0.0302826
0 0.0209329
0 0.0453759
0 0.0295656
0 0.0173384
0 0.0242705
0 0.0364574
0 0.0260386
0 0.0210716
0 0.104484
0 0.0293312
0 0.0317354
0 0.0369579
0 0.0694289
0 0.0220159
0 0.0128831
0 0.0306431
0 0.0271708
0 0.0313865
0 0.00761153
0 0.00910266
0 0.0112856
0 0.047408
0 0.0132319
0 0.0199478
0 0.0498437
0 0.0473718
0 0.0173371
0 0.0563385
0 0.0738773
0 0.0113913
0 0.0419262
0 0.068668
0 0.0512783
0 0.0134153
0 0.0796069
0 0.0542774
0 0.0230877
0 0.027793
0 0.023584
0 0.0311115
0 0.0738058
0 0.0111801
0 0.0235667
0 0.0234278
0 0.0265366
0 0.03793
0 0.00507768
0 0.0334647
0 0.0138653
0 0.047485
0 0.0309787
0 0.0341962
0 0.0112042
0 0.0520615
0 0.0166968
0 0.0121697
0 0.00880945
0 0.0467856
0 0.0129872
0 0.026326
0 0.00194838
0 0.000532564
0 0.0191278
0 0.048179
0 0.0169977
0 0.01745
0 0.0398773
0 0.0705388
0 0.0874267
0 0.0164832
0 0.00729371
0 0.0120817
0 0.0450425
0 0.0332017
0 0.0247944
0 0.0325224
0 0.0134551
0 0.139917
0 0.0235442
0 0.0216488
0 0.0204273
0 0.0688998
0 0.0210111
0 0.0362458
0 0.0411349
0 0.00533327
0 0.0184177
0 0.007092
0 0.0131324
0 0.0350466
0 0.028589
0 0.0100364
0 0.0172196
0 0.0385867
0 0.000534419
0 0.00687023
0 0.0866103
0 0.0322435
0 0.0928772
0 0.102
0 0.0148737
0 0.0872769
0 0.0581336
0 0.0306925
0 0.00700991
0 0.0516927
0 0.0309789
0 0.0191406
0 0.00347053
0 0.090814
0 0.114343
0 0.0217903
0 0.0134284
0 0.0208909
0 0.0303058
0 0.067755
0 0.019325
0 0.0655128
0 0.0663898
0 0.0194734
0 0.00299164
0 0.0598003
0 0.0263096
0 0.00462659
0 0.0140935
0 0.0190726
0 0.0179616
0 0.00795862
0 0.159051
0 0.0372291
0 0.0390073
0 0.0751302
0 0.0311728
0 0.0568615
0 0.16641
0 0.021463
0 0.0142067
0 0.096269
0 0.017332
0 0.0401137
0 0.0239167
0 0.0330727
0 0.0492075
0 0.0223309
0 0.015597
0 0.057474
0 0.0961612
0 0.0478068
0 0.0492394
0 0.0317836
0 0.0578249
0 0.0707611
0 0.0527214
0 0.080567
0 0.0304438
0 0.0380403
0 0.0599389
0 0.109777
0 0.012419
0 0.0195951
0 0.0108269
0 0.0498755
0 0.0496708
0 0.0160401
0 0.0803205
0 0.0135803
0 0.0888258
0 0.0482247
0 0.074156
0 0.0550482
0 0.0286016
0 0.0186396
0 0.052646
0 0.0155648
0 0.00683919
0 0.022282
0 0.0590752
0 0.0189839
0 0.0928589
0 0.0108559
0 0.00715905
0 0.0171203
0 0.0413795
0 0.00527018
0 0.0434656
0 0.0180582
0 0.0238293
0 0.0861727
0 0.0810703
0 0.0062161
0 0.128975
0 0.0740865
0 0.00482263
0 0.0917829
0 0.0385315
0 0.0810977
0 0.00855486
0 0.00757037
0 0.00940049
0 0.0428784
0 0.106039
0 0.030551
0 0.0349525
0 0.0159721
0 0.00590027
0 0.0410408
0 0.0281781
0 0.0255243
0 0.0176195
0 0.00547198
0 0.00690237
0 0.0176354
0 0.0126387
0 0.039569
0 0.0485925
0 0.00904155
0 0.04708
0 0.0365923
0 0.104043
0 0.0231505
0 0.0319903
0 0.0346663
0 0.031236
0 0.0313401
0 0.00585621
0 0.0128617
0 0.0319362
0 0.0161415
0 0.0301241
0 0.00292381
0 0.0804231
0 0.11966
0 0.0582246
0 0.0550947
0 0.00785984
0 0.0032735
0 0.079017
0 0.0428654
0 0.0408589
0 0.0427625
0 0.052287
0 0.011952
0 0.00992283
0 0.0244065
0 0.0070191
0 0.0345426
0 0.0360726
0 0.0409783
0 0.0758044
0 0.0957792
0 0.042838
0 0.117451
0 0.120564
0 0.0115141
0 0.0133
0 0.00350008
0 0.0767318
0 0.0613123
0 0.0705506
0 0.0344252
0 0.0654732
0 0.0164766
0 0.0380491
0 0.0237625
0 0.0414427
0 0.00195734
0 0.0142493
0 0.0572198
0 0.0123929
0 0.0136451
0 0.0373871
0 0.0647731
0 0.0085619
0 0.0142383
0 0.0113454
0 0.0472366
0 0.0270932
0 0.0115175
0 0.00483227
0 0.0497765
0 0.0119424
0 0.0766898
0 0.00985952
0 0.0121908
0 0.0305994
0 0.0118579
0 0.0746566
0 0.0324344
0 0.00214554
0 0.013703
0 0.0129438
0 0.0575739
0 0.0380611
0 0.0152791
0 0.0409849
0 0.00718338
0 0.0676072
0 0.081801
0 0.0398048
0 0.00828049
0 0.0236422
0 0.0915401
0 0.165909
0 0.016897
0 0.0257708
0 0.0548467
0 0.0254365
0 0.050847
0 0.0254695
0 0.0845018
0 0.0079286
0 0.0405804
0 0.0593411
0 0.057583
0 0.027575
0 0.000809301
0 0.0502288
0 0.0184015
0 0.00626056
0 0.0727915
0 0.0535182
0 0.0407179
0 0.0349925
0 0.013104
0 0.0506344
0 0.0601147
0 0.0523946
0 0.0272085
0 0.0297004
0 0.0231688
0 0.00167532
0 0.0824006
0 0.163659
0 0.0715803
0 0.0129384
0 0.0521368
0 0.0419349
0 0.0355359
0 0.029681
0 0.021883
0 0.0110706
0 0.0566355
0 0.00579703
0 0.0366203
0 0.0480291
0 0.0280494
0 0.0143433
0 0.00116602
0 0.0573965
0 0.0160608
0 0.0225662
0 0.0702273
0 0.010964
0 0.0226514
0 0.0530114
0 0.0324273
0 0.0112223
0 0.0274076
0 0.0178839
0 0.0256689
0 0.00258306
0 0.0161504
0 0.03535
0 0.00913731
0 0.025755
0 0.011022
0 0.013104
0 0.0266569
0 0.0182006
0 0.0795333
0 0.042313
0 0.0252947
0 0.142674
0 0.0127695
0 0.0316262
0 0.0803276
0 0.022954
0 0.038892
0 0.00382674
0 0.0195165
0 0.00619599
0 0.0563691
0 0.0357089
0 0.0265477
0 0.0200132
0 0.0290035
0 0.0444107
0 0.0148109
0 0.119957
0 0.0286869
0 0.0275925
0 0.00374285
0 0.0205707
0 0.0128077
0 0.0187361
0 0.0230246
0 0.0546091
0 0.00535639
0 0.0184275
0 0.00933656
0 0.0570684
0 0.0710319
0 0.0106206
0 0.0246724
0 0.0558389
0 0.0133519
0 0.0291355
0 0.0415128
0 0.0603256
0 0.00342831
0 0.0140418
0 0.0426816
0 0.0937069
0 0.0680331
0 0.0159598
0 0.0397796
0 0.0426062
0 0.0408703
0 0.108922
0 0.030004
0 0.0310243
0 0.130114
0 0.0522005
0 0.0279889
0 0.0101208
0 0.0922173
0 0.0330348
0 0.0436216
0 0.0267477
0 0.0512648
0 0.00498136
0 0.0355425
0 0.0231915
0 0.0127256
0 0.0186699
0 0.0341823
0 0.0788351
0 0.00157472
0 0.0192861
0 0.00750266
0 0.0766711
0 0.030059
0 0.0290873
0 0.00093452
0 0.0363875
0 0.00616993
0 0.0565515
0 0.0404629
0 0.0291065
0 0.0176065
0 0.0298412
0 0.0162928
0 0.0352588
0 0.0479977
0 0.0218153
0 0.0643272
0 0.07549
0 0.070966
0 0.12115
0 0.00800413
0 0.0540277
0 0.0456123
0 0.0180684
0 0.0644654
0 0.011882
0 0.0847716
0 0.0287529
0 0.0378814
0 0.0598938
0 0.0155746
0 0.0179546
0 0.0611686
0 0.0270899
0 0.0217628
0 0.110091
0 0.015506
0 0.0491292
0 0.0258415
0 0.00676032
0 0.0684838
0 0.0644568
0 0.0438731
0 0.1224
0 0.0201462
0 0.00363603
0 0.111239
0 0.0282295
0 0.0274148
0 0.0269193
0 0.0251994
0 0.0644607
0 0.0236793
0 0.023599
0 0.0483098
0 0.0295042
0 0.0718948
0 0.110475
0 0.171631
0 0.0723226
0 0.0488316
0 0.0335019
0 0.0105158
0 0.0404638
0 0.0280544
0 0.0403745
0 0.0162243
0 0.0661442
0 0.204943
0 0.0155162
0 0.0506556
0 0.0130623
0 0.010409
0 0.128308
0 0.0110603
0 0.0360705
0 0.0269667
0 0.00979739
0 0.0248666
0 0.0932039
0 0.0255296
0 0.0214591
0 0.0408705
0 0.0437944
0 0.094744
0 0.0113125
0 0.0143988
0 0.0209188
0 0.0242425
0 0.0273733
0 0.058423
0 0.0312039
0 0.0396604
0 0.0113511
0 0.0143333
0 0.00696615
0 0.00267952
0 0.00337925
0 0.0422198
0 0.0233908
0 0.0546571
0 0.124351
0 0.0618124
0 0.0315813
0 0.0763113
0 0.113829
0 0.107364
0 0.0574713
0 0.00519983
0 0.0811551
0 0.0541863
0 0.0408635
0 0.0677033
0 0.0556698
0 0.00548341
0 0.0202923
0 0.0522411
0 0.0436372
0 0.0427329
0 0.0223861
0 0.0192887
0 0.0325654
0 0.0318754
0 0.0817976
0 0.0154697
0 0.0577138
0 0.00452551
0 0.0121217
0 0.00306101
0 0.0292785
0 0.000534678
0 0.0444435
0 0.0192406
0 0.00279661
0 0.0172752
0 0.0122063
0 0.00433236
0 0.0494617
0 0.0378753
0 0.00706624
0 0.0489926
0 0.0289292
0 0.0230701
0 0.00187444
0 0.0293526
0 0.0743081
0 0.0232806
0 0.0119072
0 0.0428049
0 0.0196173
0 0.0519579
0 0.00868593
0 0.0437677
0 0.0358295
0 0.0749286
0 0.0294023
0 0.0522192
0 0.0145025
0 0.0109157
0 0.0430162
0 0.0556296
0 0.0638969
0 0.0429463
0 0.067581
0 0.0086902
0 0.00651286
0 0.0281312
0 0.00867956
0 0.0847353
0 0.0690323
0 0.0199628
0 0.147392
0 0.0125991
0 0.0374713
0 0.0242849
0 0.00499266
0 0.00758508
0 0.0583581
0 0.048279
0 0.0151089
0 0.159817
0 0.0166948
0 0.0504303
0 0.0229261
0 0.0638788
0 0.06761
0 0.0291849
0 0.0187507
0 0.00266319
0 0.0486642
0 0.00916017
0 0.0354621
0 0.0355143
0 0.0776045
0 0.0239725
0 0.00578675
0 0.0422113
0 0.0612497
0 0.0903771
0 0.0431903
0 0.0157201
0 0.0728666
0 0.0429288
0 0.0204714
0 0.0261718
0 0.0151363
0 0.0227613
0 0.0209094
0 0.0572323
0 0.0331073
0 0.0216398
0 0.0293018
0 0.0370143
0 0.0700558
0 0.00715793
0 0.0286231
0 0.0554425
0 0.00839049
0 0.0185604
0 0.0658216
0 0.0374084
0 0.0348471
0 0.00424779
0 0.0211442
0 0.0387297
0 0.0259962
0 0.00329182
0 0.0573309
0 0.0269505
0 0.0102715
0 0.021552
0 0.0410222
0 0.102087
0 0.00445305
0 0.0449493
0 0.0241395
0 0.0421324
0 0.0242999
0 0.0690281
0 0.0900408
0 0.0378528
0 0.0381892
0 0.00501033
0 0.0682088
0 0.065123
0 0.0100162
0 0.127997
0 0.00934553
0 0.0147117
0 0.00378735
0 0.0401758
0 0.0117674
0 0.0274838
0 0.0420328
0 0.0189168
0 0.00502094
0 0.0356752
0 0.104949
0 0.0179496
0 0.0298846
0 0.0458679
0 0.0129112
0 0.024861
0 0.0347573
0 0.0066208
0 0.144253
0 0.0514588
0 0.0454238
0 0.0212642
0 0.0334972
0 0.134535
0 0.109101
0 0.029032
0 0.0641774
0 0.0362164
0 0.0561001
0 0.0472911
0 0.0215864
0 0.069324
0 0.0422801
0 0.0403199
0 0.0110658
0 0.0252068
0 0.0828482
0 0.00553
0 0.00588097
0 0.0362309
0 0.0138798
0 0.02754
0 0.0837511
0 0.0220113
0 0.00213366
0 0.142921
0 0.0219032
0 0.0363637
0 0.00756754
0 0.0456273
0 0.0174654
0 0.0405095
0 0.0499329
0 0.0356675
0 0.00582927
0 0.0351621
0 0.0306616
0 0.0225864
0 0.0867612
0 0.00308887
0 0.0183175
0 0.0238433
0 0.0320658
0 0.0692553
0 0.0620994
0 0.0613983
0 0.00888474
0 0.0335883
0 0.0482693
0 0.0772891
0 0.0314244
0 0.0287698
0 0.0346376
0 0.0127481
0 0.0169173
0 0.0103366
0 0.0369616
0 0.00234849
0 0.0123098
0 0.0180184
0 0.0947086
0 0.0305774
0 0.0814692
0 0.0152722
0 0.0466309
0 0.00301789
0 0.041401
0 0.0134908
0 0.0604967
0 0.0190938
0 0.00732673
0 0.168355
0 0.0543707
0 0.0110334
0 0.0022498
0 0.0441988
0 0.00875605
0 0.0372021
0 0.0793811
0 0.0246201
0 0.00354753
0 0.00948592
0 0.0142578
0 0.0126119
0 0.025669
0 0.0257836
0 0.036194
0 0.0472148
0 0.00186504
0 0.0265067
0 0.0214164
0 0.148648
0 0.0253576
0 0.0355307
0 0.0413482
0 0.0226874
0 0.0414965
0 0.036224
0 0.0202356
0 0.0132453
0 0.097771
0 0.00808706
0 0.0185291
0 0.0274808
0 0.0120496
0 0.0200165
0 0.0228077
0 0.0365673
0 0.0560168
0 0.0213081
0 0.0145016
0 0.0110348
0 0.0166559
0 0.0762653
0 0.0205465
0 0.0162774
0 0.0567903
0 0.00470207
0 0.0400289
0 0.075678
0 0.0235998
0 0.0451854
0 0.0514044
0 0.0331085
0 0.0134394
0 0.0216531
0 0.0267145
0 0.0595593
0 0.019384
0 0.0112415
0 0.0415641
0 0.0498642
0 0.0418036
0 0.0887932
0 0.0276848
0 0.0528512
0 0.0369107
0 0.0330154
0 0.0150871
0 0.0524542
0 0.0313894
0 0.0664299
0 0.0282299
0 0.0432622
0 0.0423709
0 0.000855592
0 0.00880525
0 0.0762887
0 0.00879131
0 0.00901777
0 0.0113071
0 0.0191462
0 0.080152
0 0.0170905
0 0.0322443
0 0.0229633
0 0.0143266
0 0.00116344
0 0.0698565
0 0.0426801
0 0.00352894
0 0.0484063
0 0.0772026
0 0.00325626
0 0.0234908
0 0.0211138
0 0.0670251
0 0.0233859
0 0.0147747
0 0.0147128
0 0.0103739
0 0.047903
0 0.044553
0 0.0109403
0 0.0223175
0 0.0524402
0 0.0132335
0 0.0352715
0 0.060891
0 0.079222
0 0.0367162
0 0.0272853
0 0.00495635
0 0.0692235
0 0.0207684
0 0.0826417
0 0.0131432
0 0.0236695
0 0.0614105
0 0.0264085
0 0.032247
0 0.0205412
0 0.0200083
0 0.023127
0 0.0615514
0 0.133082
0 0.00502292
0 0.0122782
0 0.146229
0 0.0138589
0 0.0206334
0 0.0246682
0 0.0183876
0 0.0322463
0 0.0237178
0 0.00340535
0 0.0448379
0 0.0477102
0 0.132059
0 0.0179248
0 0.0253712
0 0.0349146
0 0.0423426
0 0.155399
0 0.0183011
0 0.13786
0 0.0120299
0 0.0399239
0 0.0744183
0 0.0580147
0 0.0178762
0 0.0241242
0 0.0400222
0 0.0656484
0 0.0859071
0 0.0538504
0 0.00707616
0 0.0026284
0 0.0761051
0 0.0334362
0 0.014967
0 0.0139029
0 0.0271958
0 0.0188591
0 0.0169307
0 0.0508157
0 0.0208847
0 0.0279993
0 0.0195902
0 0.0309976
0 0.0126006
0 0.00284453
0 0.0246235
0 0.119201
0 0.0374908
0 0.0923084
0 0.0539571
0 0.0219418
0 0.0593047
0 0.0362197
0 0.0308032
0 0.0172462
0 0.0401974
0 0.00470657
0 0.030735
0 0.0721484
0 0.0126554
0 0.0903437
0 0.0315204
0 0.0458245
0 0.00240651
0 0.0239031
0 0.00835432
0 0.0117526
0 0.0586277
0 0.075635
0 0.0189994
0 0.0538749
0 0.100539
0 0.0419727
0 0.0175871
0 0.0989841
0 0.0157892
0 0.0292233
0 0.0960003
0 0.012602
0 0.00264248
0 0.0338246
0 0.0272385
0 0.0127904
0 0.0269676
0 0.0253928
0 0.0203445
0 0.0396678
0 0.0194254
0 0.00615874
0 0.0579894
0 0.0102452
0 0.0784475
0 0.0742254
0 0.0463597
0 0.0128625
0 0.0617969
0 0.0163736
0 0.031291
0 0.0127578
0 0.0400609
0 0.0110873
0 0.0199242
0 0.0152793
0 0.0422893
0 0.0248996
0 0.0454721
0 0.0158535
0 0.116829
0 0.0299958
0 0.0559974
0 0.00696002
0 0.0663577
0 0.0140369
0 0.0532251
0 0.0582806
0 0.0502139
0 0.0388049
0 0.00454033
0 0.0300563
0 0.0461646
0 0.00777279
0 0.0480272
0 0.0456226
0 0.0366658
0 0.0918532
0 0.0154951
0 0.0329399
0 0.113492
0 0.0397497
0 0.0768351
0 0.0139956
0 0.0100732
0 0.00266278
0 0.057384
0 0.0461237
0 0.0645728
0 0.0431512
0 0.0353869
0 0.050177
0 0.0643594
0 0.0113546
0 0.00255746
0 0.0128784
0 0.103181
0 0.0407538
0 0.00366548
0 0.0561654
0 0.0222486
0 0.0283962
0 0.0281289
0 0.0207166
0 0.0768903
0 0.101916
0 0.0220369
0 0.0344238
0 0.0424967
0 0.0158826
0 0.0306796
0 0.013537
0 0.126812
0 0.0295492
0 0.0522447
0 0.0163207
0 0.0844396
0 0.00961339
0 0.0534649
0 0.00182628
0 0.0564678
0 0.0709055
0 0.0428665
0 0.0076662
0 0.0197551
0 0.00657038
0 0.0389634
0 0.0681879
0 0.0563183
0 0.00777761
0 0.0519572
0 0.0172476
0 0.0346534
0 0.0680736
0 0.0124432
0 0.0873638
0 0.010216
0 0.0401812
0 0.0261963
0 0.0382887
0 0.00736406
0 0.00890387
0 0.0176309
0 0.0921748
0 0.0303136
0 0.108713
0 0.0261881
0 0.0310413
0 0.00183498
0 0.109175
0 0.00410763
0 0.0180584
0 0.05493
0 0.0670902
0 0.0515515
0 0.0128952
0 0.0117009
0 0.052166
0 0.0122023
0 0.0286793
0 0.0547774
0 0.0102981
0 0.0757552
0 0.00191876
0 0.0122396
0 0.0296211
0 0.0284544
0 0.0116391
0 0.100524
0 0.135816
0 0.0753542
0 0.0126083
0 0.0187076
0 0.0256834
0 0.000363075
0 0.027661
0 0.0709637
0 0.0379975
0 0.015006
0 0.0469676
0 0.0127637
0 0.0152149
0 0.0837341
0 0.0317935
0 0.00709672
0 0.0203831
0 0.00196166
0 0.0095683
0 0.0569071
0 0.0171268
0 0.0215583
0 0.00805798
0 0.00863216
0 0.0130943
0 0.017008
0 0.0841637
0 0.0307399
0 0.0064297
0 0.0293952
0 0.0416111
0 0.0122375
0 0.0256918
0 0.042559
0 0.0365229
0 0.0896066
0 0.00317825
0 0.0865035
0 0.0689788
0 0.0188705
0 0.0171592
0 0.00171589
0 0.015867
0 0.018547
0 0.0143856
0 0.0943376
0 0.0198802
0 0.0318363
0 0.00281527
0 0.0167531
0 0.0268502
0 0.0315322
0 0.0118928
0 0.0366725
0 0.0230675
0 0.035193
0 0.0352239
0 0.0270456
0 0.072808
0 0.0242947
0 0.0620118
0 0.0318954
0 0.00066616
0 0.0182566
0 0.0541796
0 0.0701477
0 0.0337557
0 0.0376893
0 0.00235977
0 0.0079358
0 0.0371991
0 0.0472827
0 0.044632
0 0.0424009
0 0.0473091
0 0.0327013
0 0.0238031
0 0.0330927
0 0.036847
0 0.0130031
0 0.0454374
0 0.0259185
0 0.0662883
0 0.0306224
0 0.00435484
0 0.056874
0 0.0112396
0 0.10541
0 0.0245733
0 0.0676106
0 0.0627192
0 0.0289856
0 0.0606419
0 0.00555159
0 0.0884184
0 0.00811902
0 0.019887
0 0.0598031
0 0.0420656
0 0.00646941
0 0.0100335
0 0.00133033
0 0.00951682
0 0.044285
0 0.00443356
0 0.0366025
0 0.108546
0 0.0142777
0 0.0394349
0 0.0333399
0 0.0590418
0 0.0285807
0 0.0297993
0 0.00899906
0 0.023777
0 0.016011
0 0.0237583
0 0.0204575
0 0.00312302
0 0.073252
0 0.00112629
0 0.0283325
0 0.0252336
0 0.0593753
0 0.0411597
0 0.0463025
0 0.00757484
0 0.0562945
0 0.0255126
0 0.082387
0 0.0422239
0 0.0297334
0 0.0486307
0 0.0306999
0 0.0156196
0 0.0220075
0 0.0394795
0 0.0166227
0 0.0318794
0 0.0625155
0 0.113552
0 0.0115216
0 0.022517
0 0.106978
0 0.029974
0 0.0232519
0 0.0350276
0 0.0196982
0 0.0373551
0 0.124529
0 0.00622544
0 0.042186
0 0.158238
0 0.0180585
0 0.0880445
0 0.0389701
0 0.0230148
0 0.0333357
0 0.0474631
0 0.0152874
0 0.0225999
0 0.0463883
0 0.0285812
0 0.0352371
0 0.0522238
0 0.0447937
0 0.0246831
0 0.0164231
0 0.00433983
0 0.0118402
0 0.00918412
0 0.00563713
0 0.105218
0 0.0133307
0 0.0804899
0 0.0283903
0 0.00944962
0 0.013132
0 0.0547336
0 0.00803839
0 0.0334009
0 0.0846272
0 0.00292467
0 0.0427717
0 0.0571981
0 0.00577809
0 0.102012
0 0.114457
0 0.192557
0 0.0649136
0 0.00998799
0 0.089589
0 0.0594442
0 0.025231
0 0.00334863
0 0.0486995
0 0.0390197
0 0.0421462
0 0.00406161
0 0.0124953
0 0.00905577
0 0.0327127
0 0.0360112
0 0.0367937
0 0.0159852
0 0.0277317
0 0.0190925
0 0.00414106
0 0.0375072
0 0.0649018
0 0.044082
0 0.0513177
0 0.0213739
0 0.0613239
0 0.0313485
0 0.0294915
0 0.0355905
0 0.032068
0 0.0217894
0 0.0324344
0 0.0219335
0 0.0212031
0 0.00824366
0 0.127202
0 0.0419552
0 0.125375
0 0.0200917
0 0.025226
0 0.00766428
0 0.0725476
0 0.0578874
0 0.00936718
0 0.127756
0 0.0367
0 0.0554911
0 0.00936072
0 0.014833
0 0.00645558
0 0.0368517
0 0.0900098
0 0.0123342
0 0.0486634
0 0.0105861
0 0.00234133
0 0.0165582
0 0.0973225
0 0.0401169
0 0.0976699
0 0.0411926
0 0.0131916
0 0.0369049
0 0.0330045
0 0.002568
0 0.0072272
0 0.00245802
0 0.00817806
0 0.00899005
0 0.0198069
0 0.0127278
0 0.00404404
0 0.0587489
0 0.0323161
0 0.0252873
0 0.1344
0 0.10564
0 0.0362043
0 0.0333245
0 0.00633292
0 0.0519108
0 0.0449718
0 0.0490514
0 0.0215323
0 0.0287815
0 0.0157781
0 0.0541331
0 0.031995
0 0.0554374
0 0.0200813
0 0.0709125
0 0.0117729
0 0.0163914
0 0.0208813
0 0.047548
0 0.0561474
0 0.0624876
0 0.0457846
0 0.000890037
0 0.0397593
0 0.0227332
0 0.0698011
0 0.0528055
0 0.00641243
0 0.0411153
0 0.0404533
0 0.00238946
0 0.0301644
0 0.0393907
0 0.035111
0 0.0809097
0 0.00812256
0 0.0452516
0 0.0214195
0 0.0563486
0 0.0209472
0 0.0139166
0 0.0181756
0 0.0225111
0 0.0517744
0 0.0259964
0 0.0275284
0 0.0120232
0 0.0173387
0 0.0113681
0 0.0244189
0 0.0839412
0 0.0547727
0 0.00497292
0 0.0703312
0 0.00991102
0 0.0263348
0 0.0531044
0 0.0418684
0 0.0139222
0 0.0129667
0 0.0362704
0 0.0601345
0 0.0355025
0 0.0257101
0 0.00145583
0 0.00642473
0 0.00565953
0 0.0107265
0 0.0998977
0 0.103366
0 0.00441854
0 0.11536
0 0.00760856
0 0.0272343
0 0.015216
0 0.136579
0 0.0203623
0 0.0941549
0 0.0396214
0 0.0685506
0 0.0220974
0 0.0304251
0 0.171674
0 0.0511803
0 0.0579396
0 0.0346929
0 0.0438776
0 0.0233662
0 0.0522031
0 0.05726
0 0.0436774
0 0.0392657
0 0.0874195
0 0.00454813
0 0.103166
0 0.0825625
0 0.00546149
0 0.0023149
0 0.0304419
0 0.0455909
0 0.0330289
0 0.0144971
0 0.0116666
0 0.0413483
0 0.19743
0 0.00927953
0 0.0408231
0 0.00653673
0 0.104906
0 0.0403229
0 0.0246531
0 0.0217945
0 0.0857058
0 0.0349923
0 0.0216786
0 0.0408016
0 0.0244607
0 0.0768809
0 0.00796496
0 0.0367317
0 0.00449889
0 0.0231128
0 0.00172689
0 0.0228097
0 0.037137
0 0.0155451
0 0.0811294
0 0.0243014
0 0.0550717
0 0.0261628
0 0.0492537
0 0.0437654
0 0.0242836
0 0.0592044
0 0.0450789
0 0.0364937
0 0.0272179
0 0.0498051
0 0.033774
0 0.0737919
0 0.125674
0 0.0199214
0 0.120339
0 0.0242444
0 0.00945816
0 0.0174424
0 0.030697
0 0.0422667
0 0.0142139
0 0.034004
0 0.00398405
0 0.0750419
0 0.00647508
0 0.0376512
0 0.0220704
0 0.0153297
0 0.00311193
0 0.0147739
0 0.0287144
0 0.00612563
0 0.0169017
0 0.0720677
0 0.0360469
0 0.0715238
0 0.0302735
0 0.0520995
0 0.0390773
0 0.0405931
0 0.00226239
0 0.13132
0 0.0148128
0 0.0186159
0 0.0150999
0 0.0491114
0 0.0708123
0 0.0478354
0 0.0207736
0 0.0485996
0 0.0478598
0 0.0103607
0 0.0650847
0 0.0549581
0 0.0138256
0 0.0404214
0 0.0420505
0 0.0913948
0 0.00612388
0 0.0109874
0 0.0251664
0 0.0501545
0 0.0265315
0 0.0446386
0 0.0217398
0 0.0141255
0 0.008351
0 0.0404229
0 0.0300756
0 0.0410875
0 0.0465775
0 0.05703
0 0.0268799
0 0.0657792
0 0.0103251
0 0.0408633
0 0.032315
0 0.000456379
0 0.00406137
0 0.0233446
0 0.0628272
0 0.061884
0 0.135555
0 0.0185504
0 0.163302
0 0.0768823
0 0.123743
0 0.0206495
0 0.0308699
0 0.0558986
0 0.0572471
0 0.016028
0 0.0245285
0 0.0312887
0 0.0268859
0 0.0125633
0 0.0395089
0 0.0149506
0 0.0245277
0 0.0391939
0 0.0123934
0 0.0712228
0 0.0331339
0 0.0820457
0 0.00744237
0 0.0252479
0 0.0140532
0 0.0193333
0 0.112323
0 0.06631
0 0.0312852
0 0.016787
0 0.00349999
0 0.0361345
0 0.0187564
0 0.0185657
0 0.0107663
0 0.023476
0 0.0266033
0 0.0434554
0 0.0638843
0 0.0536978
0 0.049031
0 0.0865749
0 0.0227282
0 0.0213744
0 0.00589459
0 0.0179739
0 0.0823675
0 0.0212445
0 0.119818
0 0.0288342
0 0.0183361
0 0.00892215
0 0.0377671
0 0.0258797
0 0.0241957
0 0.0240465
0 0.00829804
0 0.0385919
0 0.0272067
0 0.0119387
0 0.0169231
0 0.032805
0 0.0336356
0 0.0166693
0 0.117846
0 0.0333669
0 0.0284838
0 0.0244819
0 0.0857195
0 0.00365986
0 0.0351171
0 0.00930261
0 0.0221889
0 0.0208709
0 0.0759077
0 0.0215238
0 0.00920862
0 0.0504728
0 0.105494
0 0.0452748
0 0.0386954
0 0.0465226
0 0.0190472
0 0.106522
0 0.053277
0 0.0152977
0 0.0043116
0 0.0232547
0 0.00194369
0 0.0203842
0 0.0020433
0 0.0781117
0 0.0264774
0 0.0138548
0 0.02335
0 0.0190148
0 0.03082
0 0.0219791
0 0.0310272
0 0.0665815
0 0.0388096
0 0.0355485
0 0.0132939
0 0.0106268
0 0.0401377
0 0.0120406
0 0.0151922
0 0.013476
0 0.0275251
0 0.0142235
0 0.0772
0 0.0118598
0 0.0591784
0 0.00944692
0 0.0668791
0 0.0475491
0 0.0192285
0 0.0380023
0 0.0462299
0 0.00271975
0 0.0432393
0 0.0169852
0 0.000130282
0 0.0225033
0 0.0912709
0 0.0853775
0 0.0221061
0 0.0368273
0 0.0413574
0 0.0468016
0 0.0341118
0 0.0602846
0 0.0537088
0 0.0511594
0 0.0719222
0 0.0454791
0 0.0319195
0 0.0158973
0 0.0223405
0 0.0403134
0 0.0130323
0 0.0715039
0 0.0155756
0 0.038642
0 0.0583045
0 0.0495618
0 0.0153035
0 0.0186976
0 0.0187507
0 0.0264028
0 0.0406506
0 0.016949
0 0.0103292
0 0.00551198
0 0.00878857
0 0.0193461
0 0.0248295
0 0.0274786
0 0.0121249
0 0.0190305
0 0.0174239
0 0.0859508
0 0.0502509
0 0.0446515
0 0.0343868
0 0.126751
0 0.0158158
0 0.0623104
0 0.0727549
0 0.0360361
0 0.192473
0 0.0295298
0 0.0716591
0 0.0154194
0 0.0372019
0 0.0261436
0 0.000578887
0 0.138854
0 0.0238439
0 0.00509373
0 0.00766522
0 0.00912902
0 0.0102427
0 0.0356699
0 0.153832
0 0.0456817
0 0.0288185
0 0.0209842
0 0.0307905
0 0.0804534
0 0.0130356
0 0.0427057
0 0.0045393
0 0.0142215
0 0.0479321
0 0.027583
0 0.00987068
0 0.0359691
0 0.0576806
0 0.0346093
0 0.00773544
0 0.0156682
0 0.022515
0 0.0518449
0 0.0713377
0 0.0115697
0 0.0835276
0 0.0682044
0 0.0193339
0 0.00745
0 0.0505415
0 0.0049137
0 0.0253109
0 0.0841901
0 0.00549274
0 0.0161914
0 0.0604827
0 0.0543743
0 0.0115432
0 0.015799
0 0.0358283
0 0.0580985
0 0.0140678
0 0.0105775
0 0.0793203
0 0.0610548
0 0.0045729
0 0.00560565
0 0.0209144
0 0.0479997
0 0.0322126
0 0.0206249
0 0.0513117
0 0.0174047
0 0.0564569
0 0.0255432
0 0.0122125
0 0.0891218
0 0.166479
0 0.00310544
0 0.0191508
0 0.055329
0 0.0161035
0 0.00587925
0 0.0217939
0 0.0588472
0 0.0573484
0 0.02368
0 0.0194111
0 0.0299889
0 0.028136
0 0.0405267
0 0.0461286
0 0.0572107
0 0.0425445
0 0.0192814
0 0.0047889
0 0.153924
0 0.00214085
0 0.040836
0 0.00604249
0 0.0452038
0 0.00442692
0 0.0975263
0 0.0165101
0 0.0529404
0 0.0248661
0 0.0172134
0 0.0486302
0 0.0104398
0 0.00123764
0 0.0120146
0 0.0122063
0 0.0343986
0 0.0710711
0 0.0507138
0 0.117395
0 0.035001
0 0.0187079
0 0.0436108
0 0.00840616
0 0.0996534
0 0.0173456
0 0.0164371
0 0.00169716
0 0.0541636
0 0.0075707
0 0.0111419
0 0.0381801
0 0.0243342
0 0.0350818
0 0.0137078
0 0.0271181
0 0.0164073
0 0.00838914
0 0.0929307
0 0.014587
0 0.003048
0 0.0546556
0 0.0484904
0 0.0398182
0 0.0271024
0 0.0189308
0 0.0389133
0 0.0248191
0 0.112088
0 0.0448024
0 0.0632607
0 0.0418685
0 0.0132881
0 0.0931586
0 0.0517964
0 0.0122714
0 0.123808
0 0.0754043
0 0.0194277
0 0.019333
0 0.0680549
0 0.0341018
0 0.013631
0 0.0578569
0 0.0212859
0 0.0278819
0 0.0196771
0 0.0630134
0 0.00277906
0 0.00111943
0 0.0530245
0 0.0175538
0 0.0281305
0 0.00988886
0 0.0166993
0 0.138286
0 0.0137253
0 0.0684037
0 0.0059316
0 0.0273417
0 0.053773
0 0.001513
0 0.0402107
0 0.0543792
0 0.0197328
0 0.143005
0 0.0548269
0 0.016164
0 0.0318256
0 0.0228101
0 0.00377947
0 0.0486992
0 0.0700244
0 0.0146272
0 0.028703
0 0.0339387
0 0.135392
0 0.0102852
0 0.0419024
0 0.00851622
0 0.0513708
0 0.0537031
0 0.00986093
0 0.0281531
0 0.0334481
0 0.0452291
0 0.119395
0 0.0362028
0 0.0308158
0 0.000942991
0 0.0549798
0 0.0572109
0 0.0692183
0 0.0719853
0 0.0171263
0 0.0781588
0 0.0570708
0 0.168761
0 0.0134799
0 0.0964424
0 0.00929695
0 0.0162655
0 0.0253631
0 0.0486253
0 0.0635891
0 0.0180258
0 0.0470703
0 0.00952901
0 0.0249816
0 0.0230944
0 0.0793637
0 0.07603
0 0.0184685
0 0.0517439
0 0.0288348
0 0.0145844
0 0.0349688
0 0.0325847
0 0.032967
0 0.0120702
0 0.00759847
0 0.00358632
0 0.0351873
0 0.0148304
0 0.0430943
0 0.059816
0 0.111703
0 0.00510997
0 0.0180562
0 0.0250611
0 0.00406873
0 0.0739493
0 0.0327845
0 0.0480359
0 0.0547066
0 0.0100245
0 0.05471
0 0.0183396
0 0.103859
0 0.0310577
0 0.105074
0 0.0360475
0 0.0377143
0 0.0116433
0 0.0218918
0 0.0526884
0 0.094745
0 0.0131023
0 0.0213466
0 0.00294772
0 0.0711197
0 0.00976741
0 0.0398145
0 0.00435983
0 0.0591268
0 0.034718
0 0.00939883
0 0.017663
0 0.0405272
0 0.0706598
0 0.028937
0 0.0574949
0 0.0705473
0 0.0232429
0 0.13674
0 0.0219755
0 0.043566
0 0.0539023
0 0.0178158
0 0.116415
0 0.0142725
0 0.0467287
0 0.0195667
0 0.0114786
0 0.0109639
0 0.0356361
0 0.0241688
0 0.0742654
0 0.0290086
0 0.0400322
0 0.0658223
0 0.0473673
0 0.0295508
0 0.0148677
0 0.0340167
0 0.0448322
0 0.0165053
0 0.0029636
0 0.0134888
0 0.00164852
0 0.0920231
0 0.0111401
0 0.0148474
0 0.0686616
0 0.028206
0 0.0324739
0 0.00469552
0 0.0192247
0 0.0142734
0 0.0147258
0 0.0157267
0 0.0724874
0 0.0316051
0 0.0776617
0 0.0362981
0 0.0373488
0 0.0515999
0 0.0150027
0 0.0386019
0 0.0116515
0 0.0423247
0 0.0132855
0 0.0301142
0 0.0784989
0 0.0158857
0 0.0285244
0 0.0299028
0 0.0108223
0 0.00749134
0 0.0137276
0 0.0656725
0 0.0192978
0 0.0360289
0 0.0378805
0 0.0135802
0 0.0278183
0 0.038938
0 0.0233196
0 0.0348262
0 0.0304139
0 0.097114
0 0.0210577
0 0.0156969
0 0.0146238
0 0.045383
0 0.0239658
0 0.0237342
0 0.0398215
0 0.0225115
0 0.0675953
0 0.0153106
0 0.0110303
0 0.0454471
0 0.0902343
0 0.0603148
0 0.0221695
0 0.0212096
0 0.034461
0 0.0322869
0 0.00552166
0 0.064782
0 0.0109257
0 0.0100891
0 0.0119882
0 0.0679965
0 0.0284722
0 0.0347479
0 0.0300128
0 0.0122146
0 0.0123648
0 0.0066609
0 0.0264347
0 0.00472469
0 0.0312782
0 0.032403
0 0.0828404
0 0.03567
0 0.00331589
0 0.0183372
0 0.0198545
0 0.0637173
0 0.0146694
0 0.0690332
0 0.0726512
0 0.0194849
0 0.0661592
0 0.0336943
0 0.00801008
0 0.0581978
0 0.0330179
0 0.0404577
0 0.00429002
0 0.0131108
0 0.0163099
0 0.0201231
0 0.0930376
0 0.0424295
0 0.0120431
0 0.0163859
0 0.0233497
0 0.0579597
0 0.0213347
0 0.100931
0 0.0584079
0 0.00234977
0 0.0731497
0 0.0206215
0 0.0815712
0 0.034733
0 0.0170066
0 0.0182013
0 0.0204456
0 0.0131394
0 0.00496634
0 0.0312095
0 0.0303342
0 0.0452651
0 0.0150099
0 0.0409839
0 0.0711036
0 0.00242566
0 0.0111533
0 0.0298216
0 0.049063
0 0.0573019
0 0.053172
0 0.0117383
0 0.0263934
0 0.0833049
0 0.0945873
0 0.115979
0 0.000836584
0 0.0180942
0 0.00840311
0 0.00728749
0 0.11507
0 0.0270295
0 0.04322
0 0.00897288
0 0.0203643
0 0.00769568
0 0.0149271
0 0.0482698
0 0.0476266
0 0.0540329
0 0.0484878
0 0.0213119
0 0.0424602
0 0.0762664
0 0.0204568
0 0.0640265
0 0.0114929
0 0.00429565
0 0.124879
0 0.0306584
0 0.0370738
0 0.0305878
0 0.027374
0 0.0118368
0 0.0228459
0 0.0422324
0 0.153668
0 0.120062
0 0.0365318
0 0.0126418
0 0.0876321
0 0.0104969
0 0.0332513
0 0.00678995
0 0.0436182
0 0.0789143
0 0.0136295
0 0.0206062
0 0.0146606
0 0.0141151
0 0.0322191
0 0.0321004
0 0.0642634
0 0.0170649
0 0.0640964
0 0.00438799
0 0.0354044
0 0.112004
0 0.142092
0 0.109653
0 0.0280338
0 0.0415196
0 0.0377394
0 0.0991663
0 0.0137457
0 0.0223689
0 0.137551
0 0.046986
0 0.0249525
0 0.00792468
0 0.0631852
0 0.0361739
0 0.0747392
0 0.0463735
0 0.0860527
0 0.0948155
0 0.0476048
0 0.010625
0 0.00740741
0 0.0138442
0 0.0317557
0 0.0113438
0 0.0252902
0 0.0191947
0 0.0294941
0 0.102222
0 0.0936885
0 0.0145576
0 0.040912
0 0.0261068
0 0.0482141
0 0.00857117
0 0.033796
0 0.0171829
0 0.088525
0 0.0216216
0 0.00485734
0 0.0644196
0 0.0104546
0 0.0271182
0 0.017383
0 0.0290999
0 0.0244807
0 0.0779911
0 0.0448369
0 0.00764569
0 0.0127292
0 0.00252264
0 0.01774
0 0.0740756
0 0.0368605
0 0.0132144
0 0.0162831
0 0.0557593
0 0.0151597
0 0.023852
0 0.0350531
0 0.00759898
0 0.0552008
0 0.00520155
0 0.0308266
0 0.00286363
0 0.0524129
0 0.12216
0 0.0234316
0 0.0322496
0 0.0124442
0 0.00870949
0 0.0286875
0 0.0144516
0 0.0372274
0 0.014109
0 0.100157
0 0.00420421
0 0.00216865
0 0.100044
0 0.0132614
0 0.0476665
0 0.0601902
0 0.0394257
0 0.0191063
0 0.0993282
0 0.0279653
0 0.0446526
0 0.00331716
0 0.0403401
0 0.0501374
0 0.111033
0 0.0335402
0 0.111755
0 0.00987827
0 0.0543317
0 0.129979
0 0.0389338
0 0.0340094
0 0.0505433
0 0.0187938
0 0.033257
0 0.00998274
0 0.081705
0 0.0309807
0 0.0134723
0 0.0497519
0 0.0270397
0 0.0481829
0 0.0207325
0 0.0390054
0 0.0142038
0 0.0848241
0 0.0184712
0 0.0444706
0 0.0290454
0 0.0249353
0 0.0913205
0 0.0510082
0 0.0412334
0 0.0297399
0 0.014268
0 0.0736554
0 0.00237359
0 0.0150149
0 0.0314582
0 0.0872079
0 0.0584364
0 0.0287846
0 0.0825185
0 0.00359547
0 0.0522817
0 0.00828147
0 0.0319738
0 0.0397972
0 0.0923079
0 0.0129521
0 0.0670782
0 0.0177757
0 0.0270368
0 0.0185601
0 0.0168436
0 0.061692
0 0.10431
0 0.00400584
0 0.0372389
0 0.00617742
0 0.00425983
0 0.120404
0 0.0357922
0 0.0307544
0 0.0478573
0 0.00238946
0 0.0243376
0 0.035571
0 0.0533626
0 0.0220497
0 0.0130253
0 0.0200123
0 0.116859
0 0.00925211
0 0.0178423
0 0.00903157
0 0.0412891
0 0.0584726
0 0.0134396
0 0.0124306
0 0.0787157
0 0.0347796
0 0.0082338
0 0.0623017
0 0.0467026
0 0.0421798
0 0.067564
0 0.0406456
0 0.0348045
0 0.00567495
0 0.00123679
0 0.0433212
0 0.076527
0 0.0271781
0 0.00700943
0 0.0188271
0 0.0131976
0 0.0218338
0 0.00852829
0 0.177793
0 0.0683748
0 0.0468132
0 0.0160103
0 0.035944
0 0.0143643
0 0.0429288
0 0.0191298
0 0.000404125
0 0.0137794
0 0.0277927
0 0.00459344
0 0.018681
0 0.00137391
0 0.0250737
0 0.0427222
0 0.0484247
0 0.0499302
0 0.0446934
0 0.0152668
0 0.0298305
0 0.0550133
0 0.0225178
0 0.0229392
0 0.00211305
0 0.0639109
0 0.0816429
0 0.0435639
0 0.013403
0 0.0408283
0 0.0585887
0 0.0076558
0 0.131265
0 0.0260741
0 0.0703217
0 0.0576198
0 0.0301791
0 0.0200212
0 0.0945289
0 0.0216718
0 0.0135916
0 0.00730847
0 0.0104599
0 0.0418452
0 0.075264
0 0.0333289
0 0.0288053
0 0.0134665
0 0.105435
0 0.088313
0 0.00974699
0 0.0361485
0 0.00623198
0 0.0344554
0 0.0124701
0 0.0274811
0 0.0285019
0 0.0234213
0 0.122356
0 0.00489474
0 0.0653352
0 0.0508044
0 0.0173573
0 0.0331987
0 0.024298
0 0.036258
0 0.0417242
0 0.0180447
0 0.0167835
0 0.0278377
0 0.0995002
0 0.0594276
0 0.0115759
0 0.00268918
0 0.0403056
0 0.0336211
0 0.0165639
0 0.0333576
0 0.00261397
0 0.0267408
0 0.0710953
0 0.0197459
0 0.0436457
0 0.0139107
0 0.0185577
0 0.0644845
0 0.00607012
0 0.06537
0 0.0199916
0 0.0428583
0 0.0838099
0 0.0406845
0 0.0359618
0 0.0214936
0 0.0661013
0 0.0178832
0 0.144711
0 0.0586368
0 0.0279144
0 0.023051
0 0.0169732
0 0.0202516
0 0.0149919
0 0.00233329
0 0.103999
0 0.0280465
0 0.00366019
0 0.0460397
0 0.0110313
0 0.0474134
0 0.00814034
0 0.0269061
0 0.0359695
0 0.0990247
0 0.0173857
0 0.051346
0 0.0482501
0 0.00203266
0 0.0211792
0 0.0659521
0 0.0432147
0 0.00252022
0 0.0311808
0 0.197295
0 0.0259559
0 0.0269574
0 0.0326299
0 0.101465
0 0.0485895
0 0.00320403
0 0.0537112
0 0.0500605
0 0.0956856
0 0.065447
0 0.0534039
0 0.044348
0 0.00430523
0 0.0247116
0 0.0196338
0 0.0640998
0 0.0476926
0 0.0435504
0 0.0127474
0 0.00431479
0 0.0512312
0 0.0323419
0 0.136801
0 0.035889
0 0.050814
0 0.0615322
0 0.0288252
0 0.00719786
0 0.00909141
0 0.0217715
0 0.00755921
0 0.111238
0 0.00765743
0 0.0134967
0 0.0679062
0 0.0153807
0 0.011117
0 0.0311535
0 0.0161478
0 0.0442185
0 0.00403086
0 0.00911212
0 0.0347655
0 0.0379147
0 0.0352352
0 0.0487545
0 0.0272809
0 0.0828203
0 0.0153531
0 0.092338
0 0.00392376
0 0.0711533
0 0.022949
0 0.0388252
0 0.0205706
0 0.0448428
0 0.0487638
0 0.0148588
0 0.0355777
0 0.0425884
0 0.0630164
0 0.115987
0 0.0520735
0 0.003155
0 0.0466237
0 0.0366872
0 0.00440605
0 0.00851334
0 0.0445681
0 0.0529854
0 0.00228475
0 0.0138531
0 0.0113271
0 0.0395358
0 0.0331254
0 0.0431577
0 0.0133346
0 0.0370698
0 0.00783595
0 0.00887345
0 0.0152102
0 0.0299476
0 0.0594803
0 0.00491187
0 0.106338
0 0.0230382
0 0.055404
0 0.0513538
0 0.0549061
0 0.0228185
0 0.0945047
0 0.0377605
0 0.0294563
0 0.0353878
0 0.0897346
0 0.0162641
0 0.0209287
0 0.0819953
0 0.0257672
0 0.0840091
0 0.0411513
0 0.00176743
0 0.0648764
0 0.0210396
0 0.0578709
0 0.0590819
0 0.0483126
0 0.0104308
0 0.0410018
0 0.0616668
0 0.0177803
0 0.0105908
0 0.0580815
0 0.0556168
0 0.0335755
0 0.0493389
0 0.024349
0 0.0149986
0 0.0257239
0 0.0420607
0 0.0912003
0 0.0206098
0 0.0201314
0 0.0278497
0 0.0979377
0 0.0717568
0 0.00410208
0 0.0285659
0 0.0687359
0 0.00234253
0 0.0146719
0 0.00788889
0 0.0641918
0 0.0607954
0 0.0797532
0 0.0352788
0 0.024503
0 0.0414263
0 0.0633839
0 0.00400882
0 0.0619524
0 0.0427684
0 0.103647
0 0.00332539
0 0.0523252
0 0.0167353
0 0.0204828
0 0.0641923
0 0.0310119
0 0.0610133
0 0.0692861
0 0.0933825
0 0.0345236
0 0.0199304
0 0.0657134
0 0.0634737
0 0.122723
0 0.0714252
0 0.0713543
0 0.0486437
0 0.0555154
0 0.0704789
0 0.0158834
0 0.0472334
0 0.0180062
0 0.0179408
0 0.0136172
0 0.0478303
0 0.00515312
0 0.0297583
0 0.0527476
0 0.00177317
0 0.0310266
0 0.0156023
0 0.0504295
0 0.068997
0 0.00423374
0 0.00633741
0 0.0371458
0 0.0743475
0 0.0102305
0 0.0527614
0 0.0170693
0 0.0292663
0 0.0133579
0 0.022106
0 0.0166174
0 0.0498347
0 0.0404285
0 0.0534763
0 0.0436547
0 0.00568315
0 0.00265452
0 0.0606172
0 0.0624632
0 0.0201569
0 0.0317502
0 0.0265274
0 0.00988735
0 0.0558603
0 0.069028
0 0.00259127
0 0.0207913
0 0.018054
0 0.0167896
0 0.0734131
0 0.0459505
0 0.0118996
0 0.0545169
0 0.0189803
0 0.0185451
0 0.0434754
0 0.0340079
0 0.0202748
0 0.0332615
0 0.00307789
0 0.0223749
0 0.0280497
0 0.015606
0 0.0560428
0 0.0243962
0 0.0020298
0 0.0259285
0 0.0712825
0 0.0283766
0 0.039493
0 0.0477802
0 0.00616632
0 0.0234091
0 0.00951777
0 0.0266796
0 0.0125308
0 0.141423
0 0.0128582
0 0.0233804
0 0.0075884
0 0.0144913
0 0.0617074
0 0.185121
0 0.00744471
0 0.045461
0 0.0362711
0 0.0679504
0 0.0045009
0 0.0593266
0 0.00989885
0 0.0317943
0 0.0317831
0 0.0303474
0 0.0239306
0 0.0526364
0 0.0437703
0 0.037612
0 0.0369117
0 0.0167963
0 0.112292
0 0.00708308
0 0.0233471
0 0.0232383
0 0.0208774
0 0.0149696
0 0.0173325
0 0.0262206
0 0.0979104
0 0.0134185
0 0.0665785
0 0.0627443
0 0.0295842
0 0.0319516
0 0.0997489
0 0.0584521
0 0.0381864
0 0.0141585
0 0.0617993
0 0.0720413
0 0.0914387
0 0.0111723
0 0.0073954
0 0.0698414
0 0.0776498
0 0.0333671
0 0.0169176
0 0.0424003
0 0.0206187
0 0.0342724
0 0.016223
0 0.0339347
0 0.0131884
0 0.00951828
0 0.04141
0 0.0475616
0 0.0503311
0 0.0325796
0 0.0253307
0 0.0103044
0 0.118506
0 0.0778374
0 0.0353256
0 0.030062
0 0.0104437
0 0.0770248
0 0.0568252
0 0.0382621
0 0.206684
0 0.0534614
0 0.0449247
0 0.0426902
0 0.0322796
0 0.0513564
0 0.0532873
0 0.0434021
0 0.0172352
0 0.017538
0 0.0519904
0 0.11069
0 0.00916974
0 0.067886
0 0.022681
0 0.00688615
0 0.0340878
0 0.00321823
0 0.0403104
0 0.0815603
0 0.0112643
0 0.012823
0 0.0495718
0 0.0664354
0 0.0818998
0 0.0649699
0 0.00570027
0 0.0272878
0 0.0551468
0 0.0535799
0 0.0229523
0 0.00414075
0 0.0940764
0 0.0046808
0 0.101145
0 0.0236806
0 0.0581161
0 0.0624022
0 0.0245732
0 0.0118828
0 0.0221343
0 0.0308504
0 0.0419991
0 0.0230826
0 0.0681064
0 0.0188289
0 0.0867127
0 0.0706379
0 0.165432
0 0.0727269
0 0.0093598
0 0.00757775
0 0.00315846
0 0.0302922
0 0.0936833
0 0.0315423
0 0.0684523
0 0.0191708
0 0.0151261
0 0.00832789
0 0.00732317
0 0.0306955
0 0.0458985
0 0.0445143
0 0.024969
0 0.0496382
0 0.0340673
0 0.0847074
0 0.0343655
0 0.0601191
0 0.0390628
0 0.0253402
0 0.0137096
0 0.00483431
0 0.0277218
0 0.0482329
0 0.00458486
0 0.00154733
0 0.0358788
0 0.0460651
0 0.00871473
0 0.103691
0 0.111004
0 0.0514419
0 0.020825
0 0.0524949
0 0.0266509
0 0.0100043
0 0.0769415
0 0.00116475
0 0.0487665
0 0.00271437
0 0.0209011
0 0.00892016
0 0.050611
0 0.00440356
0 0.0410321
0 0.0134685
0 0.109498
0 0.0289532
0 0.0515804
0 0.0146153
0 0.0648484
0 0.0641453
0 0.0784705
0 0.0113516
0 0.0316052
0 0.00964884
0 0.0446437
0 0.0385273
0 0.0676999
0 0.0077735
0 0.0327923
0 0.00509866
0 0.0478334
0 0.0177349
0 0.00745945
0 0.0304143
0 0.0489882
0 0.0319323
0 0.0296578
0 0.0335588
0 0.0458306
0 0.166117
0 0.128912
0 0.0803427
0 0.016466
0 0.0194418
0 0.0144654
0 0.0816166
0 0.0827358
0 0.0202178
0 0.0263922
0 0.0147439
0 0.0084058
0 0.100533
0 0.0724309
0 0.0473769
0 0.0254623
0 0.0141609
0 0.0542094
0 0.0946793
0 0.0834102
0 0.0277342
0 0.0331009
0 0.0537574
0 0.0833051
0 0.00696592
0 0.0211818
0 0.00699221
0 0.0114464
0 0.139617
0 0.108582
0 0.0396357
0 0.00976724
0 0.00176015
0 0.00553187
0 0.00769372
0 0.0372507
0 0.00806122
0 0.0337145
0 0.00502012
0 0.0759695
0 0.0162671
0 0.0231321
0 0.0658356
0 0.0245604
0 0.00365189
0 0.0269515
0 0.116706
0 0.00408465
0 0.0165372
0 0.0174952
0 0.0288122
0 0.0278377
0 0.0311066
0 0.0892582
0 0.0104789
0 0.00684387
0 0.0251072
0 0.148936
0 0.0043511
0 0.00695117
0 0.0512089
0 0.0168467
0 0.0215706
0 0.0202868
0 0.0326706
0 0.013925
0 0.0558001
0 0.033148
0 0.102882
0 0.0271622
0 0.0508328
0 0.0137802
0 0.0198954
0 0.0213569
0 0.0669757
0 0.0192331
0 0.10357
0 0.0780608
0 0.0411865
0 0.0204285
0 0.0625603
0 0.0144408
0 0.0271322
0 0.0231627
0 0.0212738
0 0.0296826
0 0.0234277
0 0.0274405
0 0.0259295
0 0.0253542
0 0.0190438
0 0.00881371
0 0.0395901
0 0.0369379
0 0.107878
0 0.0504437
0 0.0247724
0 0.0391405
0 0.0206882
0 0.0529575
0 0.0349897
0 0.0104533
0 0.0295179
0 0.0794598
0 0.0802529
0 0.0247148
0 0.0154956
0 0.0203751
0 0.0480613
0 0.0632351
0 0.0379991
0 0.0386878
0 0.0112006
0 0.0183258
0 0.0442398
0 0.0085859
0 0.0444293
0 0.0670776
0 0.0227337
0 0.114781
0 0.0695547
0 0.0188493
0 0.0677598
0 0.0502823
0 0.0958113
0 0.00243913
0 0.12141
0 0.119636
0 0.0410172
0 0.0292662
0 0.0933374
0 0.0698748
0 0.0460785
0 0.0602065
0 0.00627583
0 0.0160898
0 0.0236975
0 0.0175912
0 0.0336066
0 0.108371
0 0.0383884
0 0.0518271
0 0.0352834
0 0.0647576
0 0.0908882
0 0.00916673
0 0.054763
0 0.123107
0 0.0678497
0 0.0154968
0 0.00898713
0 0.0189787
0 0.0404384
0 0.00205369
0 0.0176988
0 0.0399175
0 0.0243711
0 0.0357714
0 0.013604
0 0.010732
0 0.0312501
0 0.0440216
0 0.0400247
0 0.061329
0 0.013208
0 0.0363636
0 0.0265989
0 0.0164384
0 0.0347252
0 0.0290346
0 0.00831628
0 0.0201554
0 0.0168951
0 0.0340407
0 0.0217098
0 0.0260017
0 0.0106031
0 0.042611
0 0.0407745
0 0.0392257
0 0.0094462
0 0.0658341
0 0.0317166
0 0.0378834
0 0.10534
0 0.00537997
0 0.0145971
0 0.0589546
0 0.022459
0 0.0502921
0 0.00534097
0 0.0344179
0 0.0348605
0 0.00395694
0 0.0638693
0 0.0218544
0 0.0491907
0 0.0807297
0 0.0509982
0 0.0389663
0 0.0168447
0 0.0269588
0 0.00754568
0 0.023588
0 0.0325098
0 0.0352501
0 0.0118171
0 0.0424956
0 0.024229
0 0.0404462
0 0.0507853
0 0.0257321
0 0.0111973
0 0.0283471
0 0.17778
0 0.070059
0 0.0156447
0 0.00943112
0 0.00639183
0 0.0216622
0 0.0308397
0 0.000729084
0 0.10926
0 0.0986651
0 0.00932692
0 0.061895
0 0.0687848
0 0.0779115
0 0.0600219
0 0.0141885
0 0.0280242
0 0.0803421
0 0.0172913
0 0.0109879
0 0.0157537
0 0.00623567
0 0.101587
0 0.0449115
0 0.0351091
0 0.00778079
0 0.0137257
0 0.00318632
0 0.0266549
0 0.0280513
0 0.0780454
