Iteration / Time / Node x / Electric Field
24 4.42478e-09 0 0
24 4.42478e-09 0.0005 0
24 4.42478e-09 0.001 0
24 4.42478e-09 0.0015 0
24 4.42478e-09 0.002 0
24 4.42478e-09 0.0025 0
24 4.42478e-09 0.003 0
24 4.42478e-09 0.0035 0
24 4.42478e-09 0.004 0
24 4.42478e-09 0.0045 0
24 4.42478e-09 0.005 0
24 4.42478e-09 0.0055 0
24 4.42478e-09 0.006 0
24 4.42478e-09 0.0065 0
24 4.42478e-09 0.007 0
24 4.42478e-09 0.0075 0
24 4.42478e-09 0.008 0
24 4.42478e-09 0.0085 0
24 4.42478e-09 0.009 0
24 4.42478e-09 0.0095 0
24 4.42478e-09 0.01 19543.6
24 4.42478e-09 0.0105 -4903.76
24 4.42478e-09 0.011 -3882.8
24 4.42478e-09 0.0115 -3629.41
24 4.42478e-09 0.012 -2514.46
24 4.42478e-09 0.0125 -1944.02
24 4.42478e-09 0.013 213.524
24 4.42478e-09 0.0135 1355.18
24 4.42478e-09 0.014 1829.79
24 4.42478e-09 0.0145 5265.7
24 4.42478e-09 0.015 5604.12
24 4.42478e-09 0.0155 4224.28
24 4.42478e-09 0.016 980.188
24 4.42478e-09 0.0165 -743.304
24 4.42478e-09 0.017 -461.665
24 4.42478e-09 0.0175 2999.96
24 4.42478e-09 0.018 2337.24
24 4.42478e-09 0.0185 1791.49
24 4.42478e-09 0.019 -893.284
24 4.42478e-09 0.0195 541.657
24 4.42478e-09 0.02 -486.721
24 4.42478e-09 0.0205 -1047.72
24 4.42478e-09 0.021 -2156.72
24 4.42478e-09 0.0215 -165.616
24 4.42478e-09 0.022 877.507
24 4.42478e-09 0.0225 1391.42
24 4.42478e-09 0.023 2331.62
24 4.42478e-09 0.0235 239.762
24 4.42478e-09 0.024 3402.71
24 4.42478e-09 0.0245 2582.74
24 4.42478e-09 0.025 3408.52
24 4.42478e-09 0.0255 3823.4
24 4.42478e-09 0.026 4617.86
24 4.42478e-09 0.0265 5628.24
24 4.42478e-09 0.027 2462.02
24 4.42478e-09 0.0275 4206.89
24 4.42478e-09 0.028 2921.09
24 4.42478e-09 0.0285 1479.68
24 4.42478e-09 0.029 1371.78
24 4.42478e-09 0.0295 996.621
24 4.42478e-09 0.03 3288.76
24 4.42478e-09 0.0305 1407.17
24 4.42478e-09 0.031 1378.73
24 4.42478e-09 0.0315 904.184
24 4.42478e-09 0.032 1969.09
24 4.42478e-09 0.0325 1123.81
24 4.42478e-09 0.033 1397.59
24 4.42478e-09 0.0335 214.63
24 4.42478e-09 0.034 -383.464
24 4.42478e-09 0.0345 -271.915
24 4.42478e-09 0.035 1320.5
24 4.42478e-09 0.0355 50.7332
24 4.42478e-09 0.036 3188.11
24 4.42478e-09 0.0365 1263.18
24 4.42478e-09 0.037 704.203
24 4.42478e-09 0.0375 206.019
24 4.42478e-09 0.038 345.514
24 4.42478e-09 0.0385 -70.8385
24 4.42478e-09 0.039 -114.519
24 4.42478e-09 0.0395 508.706
24 4.42478e-09 0.04 323.734
24 4.42478e-09 0.0405 -176.321
24 4.42478e-09 0.041 1.55374
24 4.42478e-09 0.0415 732.559
24 4.42478e-09 0.042 -1390.96
24 4.42478e-09 0.0425 -2171.91
24 4.42478e-09 0.043 -1573.93
24 4.42478e-09 0.0435 -3412.25
24 4.42478e-09 0.044 -300.91
24 4.42478e-09 0.0445 -540.171
24 4.42478e-09 0.045 -1207.44
24 4.42478e-09 0.0455 -3512.51
24 4.42478e-09 0.046 -6417.95
24 4.42478e-09 0.0465 -6194.05
24 4.42478e-09 0.047 -5501.1
24 4.42478e-09 0.0475 -6424.57
24 4.42478e-09 0.048 -8538.79
24 4.42478e-09 0.0485 -6430.57
24 4.42478e-09 0.049 -3847.64
24 4.42478e-09 0.0495 -6519.62
24 4.42478e-09 0.05 -7300.3
24 4.42478e-09 0.0505 -5604.61
24 4.42478e-09 0.051 -3687.26
24 4.42478e-09 0.0515 -6126.5
24 4.42478e-09 0.052 -9132.06
24 4.42478e-09 0.0525 -12615.3
24 4.42478e-09 0.053 -12512.8
24 4.42478e-09 0.0535 -12389.1
24 4.42478e-09 0.054 -11516.6
24 4.42478e-09 0.0545 -8723.62
24 4.42478e-09 0.055 -6221.77
24 4.42478e-09 0.0555 -5808.12
24 4.42478e-09 0.056 -6376.07
24 4.42478e-09 0.0565 -4579.91
24 4.42478e-09 0.057 -1044.94
24 4.42478e-09 0.0575 1710.12
24 4.42478e-09 0.058 1681.49
24 4.42478e-09 0.0585 2275.13
24 4.42478e-09 0.059 1468.92
24 4.42478e-09 0.0595 565.045
24 4.42478e-09 0.06 3034.52
24 4.42478e-09 0.0605 1726.73
24 4.42478e-09 0.061 4014.76
24 4.42478e-09 0.0615 3285.3
24 4.42478e-09 0.062 4055.04
24 4.42478e-09 0.0625 5002.14
24 4.42478e-09 0.063 7389.66
24 4.42478e-09 0.0635 6343.67
24 4.42478e-09 0.064 6772.13
24 4.42478e-09 0.0645 7642.6
24 4.42478e-09 0.065 8707.96
24 4.42478e-09 0.0655 5097.63
24 4.42478e-09 0.066 4787.27
24 4.42478e-09 0.0665 7704.1
24 4.42478e-09 0.067 6131.86
24 4.42478e-09 0.0675 3996.43
24 4.42478e-09 0.068 5822.08
24 4.42478e-09 0.0685 7708.49
24 4.42478e-09 0.069 7999.79
24 4.42478e-09 0.0695 8534.92
24 4.42478e-09 0.07 10016.7
24 4.42478e-09 0.0705 13557.4
24 4.42478e-09 0.071 8563.22
24 4.42478e-09 0.0715 8650.75
24 4.42478e-09 0.072 8950.75
24 4.42478e-09 0.0725 4223.43
24 4.42478e-09 0.073 5910.81
24 4.42478e-09 0.0735 7819.72
24 4.42478e-09 0.074 8560.15
24 4.42478e-09 0.0745 6752.01
24 4.42478e-09 0.075 6581.25
24 4.42478e-09 0.0755 6050.91
24 4.42478e-09 0.076 4863.26
24 4.42478e-09 0.0765 6351.41
24 4.42478e-09 0.077 7956.12
24 4.42478e-09 0.0775 7050.8
24 4.42478e-09 0.078 6084.42
24 4.42478e-09 0.0785 5817.6
24 4.42478e-09 0.079 1240.23
24 4.42478e-09 0.0795 2736.37
24 4.42478e-09 0.08 608.751
24 4.42478e-09 0.0805 -7.18227
24 4.42478e-09 0.081 -226.927
24 4.42478e-09 0.0815 -1898.5
24 4.42478e-09 0.082 -3022.19
24 4.42478e-09 0.0825 -4506.77
24 4.42478e-09 0.083 -5288.08
24 4.42478e-09 0.0835 -5920.09
24 4.42478e-09 0.084 -1540.79
24 4.42478e-09 0.0845 11477.3
24 4.42478e-09 0.085 6347.32
24 4.42478e-09 0.0855 0
24 4.42478e-09 0.086 0
24 4.42478e-09 0.0865 0
24 4.42478e-09 0.087 0
24 4.42478e-09 0.0875 0
24 4.42478e-09 0.088 0
24 4.42478e-09 0.0885 0
24 4.42478e-09 0.089 0
24 4.42478e-09 0.0895 0
24 4.42478e-09 0.09 0
24 4.42478e-09 0.0905 0
24 4.42478e-09 0.091 0
24 4.42478e-09 0.0915 0
24 4.42478e-09 0.092 0
24 4.42478e-09 0.0925 0
24 4.42478e-09 0.093 0
24 4.42478e-09 0.0935 0
24 4.42478e-09 0.094 0
24 4.42478e-09 0.0945 0
49 9.03392e-09 0 0
49 9.03392e-09 0.0005 0
49 9.03392e-09 0.001 0
49 9.03392e-09 0.0015 0
49 9.03392e-09 0.002 0
49 9.03392e-09 0.0025 0
49 9.03392e-09 0.003 0
49 9.03392e-09 0.0035 0
49 9.03392e-09 0.004 0
49 9.03392e-09 0.0045 0
49 9.03392e-09 0.005 0
49 9.03392e-09 0.0055 0
49 9.03392e-09 0.006 0
49 9.03392e-09 0.0065 0
49 9.03392e-09 0.007 0
49 9.03392e-09 0.0075 0
49 9.03392e-09 0.008 0
49 9.03392e-09 0.0085 0
49 9.03392e-09 0.009 0
49 9.03392e-09 0.0095 0
49 9.03392e-09 0.01 29453.8
49 9.03392e-09 0.0105 -1793.03
49 9.03392e-09 0.011 -308.548
49 9.03392e-09 0.0115 636.496
49 9.03392e-09 0.012 563.445
49 9.03392e-09 0.0125 -458.744
49 9.03392e-09 0.013 -622.372
49 9.03392e-09 0.0135 910.511
49 9.03392e-09 0.014 -472.742
49 9.03392e-09 0.0145 -741.489
49 9.03392e-09 0.015 -1553.24
49 9.03392e-09 0.0155 -228.248
49 9.03392e-09 0.016 -205.15
49 9.03392e-09 0.0165 -2147.27
49 9.03392e-09 0.017 -498.788
49 9.03392e-09 0.0175 3628.28
49 9.03392e-09 0.018 6166.04
49 9.03392e-09 0.0185 -3321.23
49 9.03392e-09 0.019 -3040.78
49 9.03392e-09 0.0195 2338.7
49 9.03392e-09 0.02 1733.49
49 9.03392e-09 0.0205 -2637.02
49 9.03392e-09 0.021 -3834.27
49 9.03392e-09 0.0215 -2338.31
49 9.03392e-09 0.022 -2658.23
49 9.03392e-09 0.0225 -4698.5
49 9.03392e-09 0.023 -3786.05
49 9.03392e-09 0.0235 -3490.71
49 9.03392e-09 0.024 -3838.11
49 9.03392e-09 0.0245 -3280.35
49 9.03392e-09 0.025 -246.22
49 9.03392e-09 0.0255 -2569.11
49 9.03392e-09 0.026 -4000.86
49 9.03392e-09 0.0265 -3360.95
49 9.03392e-09 0.027 -104.01
49 9.03392e-09 0.0275 1988.75
49 9.03392e-09 0.028 -1630.49
49 9.03392e-09 0.0285 -3108.29
49 9.03392e-09 0.029 -909.008
49 9.03392e-09 0.0295 -1902.12
49 9.03392e-09 0.03 -580.581
49 9.03392e-09 0.0305 -473.521
49 9.03392e-09 0.031 -58.4435
49 9.03392e-09 0.0315 -515.005
49 9.03392e-09 0.032 107.331
49 9.03392e-09 0.0325 1203.67
49 9.03392e-09 0.033 -2364.06
49 9.03392e-09 0.0335 -1585.47
49 9.03392e-09 0.034 -398.106
49 9.03392e-09 0.0345 -1230.91
49 9.03392e-09 0.035 -1538.61
49 9.03392e-09 0.0355 -1464.51
49 9.03392e-09 0.036 957.642
49 9.03392e-09 0.0365 3247.18
49 9.03392e-09 0.037 -1309.8
49 9.03392e-09 0.0375 1137.22
49 9.03392e-09 0.038 -464.731
49 9.03392e-09 0.0385 -657.361
49 9.03392e-09 0.039 69.1201
49 9.03392e-09 0.0395 2395.87
49 9.03392e-09 0.04 3024.31
49 9.03392e-09 0.0405 311.007
49 9.03392e-09 0.041 999.427
49 9.03392e-09 0.0415 2329.63
49 9.03392e-09 0.042 -84.3443
49 9.03392e-09 0.0425 1896.17
49 9.03392e-09 0.043 4892.98
49 9.03392e-09 0.0435 4818.69
49 9.03392e-09 0.044 4458.08
49 9.03392e-09 0.0445 2105.97
49 9.03392e-09 0.045 5660.61
49 9.03392e-09 0.0455 8881.38
49 9.03392e-09 0.046 9315.14
49 9.03392e-09 0.0465 5475.95
49 9.03392e-09 0.047 6258.88
49 9.03392e-09 0.0475 5974.34
49 9.03392e-09 0.048 6043.01
49 9.03392e-09 0.0485 2673.7
49 9.03392e-09 0.049 4976.53
49 9.03392e-09 0.0495 8752.31
49 9.03392e-09 0.05 11235.1
49 9.03392e-09 0.0505 6978.11
49 9.03392e-09 0.051 8983.03
49 9.03392e-09 0.0515 11555.9
49 9.03392e-09 0.052 13685.1
49 9.03392e-09 0.0525 7265.22
49 9.03392e-09 0.053 4700.27
49 9.03392e-09 0.0535 7201.57
49 9.03392e-09 0.054 4385.92
49 9.03392e-09 0.0545 -47.7537
49 9.03392e-09 0.055 -748.815
49 9.03392e-09 0.0555 -318.706
49 9.03392e-09 0.056 -2475.31
49 9.03392e-09 0.0565 -2974.35
49 9.03392e-09 0.057 534.149
49 9.03392e-09 0.0575 -1338.96
49 9.03392e-09 0.058 -3764.19
49 9.03392e-09 0.0585 -1257.31
49 9.03392e-09 0.059 -1159.73
49 9.03392e-09 0.0595 -7066.85
49 9.03392e-09 0.06 -4530.19
49 9.03392e-09 0.0605 -5200.09
49 9.03392e-09 0.061 -5365.24
49 9.03392e-09 0.0615 -9157.45
49 9.03392e-09 0.062 -5843.75
49 9.03392e-09 0.0625 -5384.44
49 9.03392e-09 0.063 -6740.64
49 9.03392e-09 0.0635 -5151.3
49 9.03392e-09 0.064 -5926.4
49 9.03392e-09 0.0645 -7647.35
49 9.03392e-09 0.065 -6258.96
49 9.03392e-09 0.0655 -6937.53
49 9.03392e-09 0.066 -8610.18
49 9.03392e-09 0.0665 -9938.66
49 9.03392e-09 0.067 -10761.1
49 9.03392e-09 0.0675 -8880.41
49 9.03392e-09 0.068 -8786.47
49 9.03392e-09 0.0685 -6763.79
49 9.03392e-09 0.069 -4751.24
49 9.03392e-09 0.0695 -4630.71
49 9.03392e-09 0.07 -8101.41
49 9.03392e-09 0.0705 -5619.51
49 9.03392e-09 0.071 -7093.06
49 9.03392e-09 0.0715 -9751.33
49 9.03392e-09 0.072 -5851.62
49 9.03392e-09 0.0725 -4127.16
49 9.03392e-09 0.073 -6067.2
49 9.03392e-09 0.0735 -7197.05
49 9.03392e-09 0.074 -4108.33
49 9.03392e-09 0.0745 -5515.15
49 9.03392e-09 0.075 -8898.45
49 9.03392e-09 0.0755 -6615.92
49 9.03392e-09 0.076 -2799.22
49 9.03392e-09 0.0765 -2012.38
49 9.03392e-09 0.077 1038.67
49 9.03392e-09 0.0775 265.894
49 9.03392e-09 0.078 -326.943
49 9.03392e-09 0.0785 564.433
49 9.03392e-09 0.079 3412.27
49 9.03392e-09 0.0795 6075.31
49 9.03392e-09 0.08 3702.84
49 9.03392e-09 0.0805 3454.99
49 9.03392e-09 0.081 3952.87
49 9.03392e-09 0.0815 6592.88
49 9.03392e-09 0.082 14238.5
49 9.03392e-09 0.0825 26235.3
49 9.03392e-09 0.083 40083.6
49 9.03392e-09 0.0835 50940.3
49 9.03392e-09 0.084 63847.2
49 9.03392e-09 0.0845 77407.7
49 9.03392e-09 0.085 28328.3
49 9.03392e-09 0.0855 0
49 9.03392e-09 0.086 0
49 9.03392e-09 0.0865 0
49 9.03392e-09 0.087 0
49 9.03392e-09 0.0875 0
49 9.03392e-09 0.088 0
49 9.03392e-09 0.0885 0
49 9.03392e-09 0.089 0
49 9.03392e-09 0.0895 0
49 9.03392e-09 0.09 0
49 9.03392e-09 0.0905 0
49 9.03392e-09 0.091 0
49 9.03392e-09 0.0915 0
49 9.03392e-09 0.092 0
49 9.03392e-09 0.0925 0
49 9.03392e-09 0.093 0
49 9.03392e-09 0.0935 0
49 9.03392e-09 0.094 0
49 9.03392e-09 0.0945 0
74 1.36431e-08 0 0
74 1.36431e-08 0.0005 0
74 1.36431e-08 0.001 0
74 1.36431e-08 0.0015 0
74 1.36431e-08 0.002 0
74 1.36431e-08 0.0025 0
74 1.36431e-08 0.003 0
74 1.36431e-08 0.0035 0
74 1.36431e-08 0.004 0
74 1.36431e-08 0.0045 0
74 1.36431e-08 0.005 0
74 1.36431e-08 0.0055 0
74 1.36431e-08 0.006 0
74 1.36431e-08 0.0065 0
74 1.36431e-08 0.007 0
74 1.36431e-08 0.0075 0
74 1.36431e-08 0.008 0
74 1.36431e-08 0.0085 0
74 1.36431e-08 0.009 0
74 1.36431e-08 0.0095 0
74 1.36431e-08 0.01 -612.94
74 1.36431e-08 0.0105 -21363
74 1.36431e-08 0.011 -10726.8
74 1.36431e-08 0.0115 -1006.89
74 1.36431e-08 0.012 2893.74
74 1.36431e-08 0.0125 2162.58
74 1.36431e-08 0.013 2285.76
74 1.36431e-08 0.0135 -2029.21
74 1.36431e-08 0.014 -3101.93
74 1.36431e-08 0.0145 -910.57
74 1.36431e-08 0.015 150.851
74 1.36431e-08 0.0155 1306.44
74 1.36431e-08 0.016 -1477.7
74 1.36431e-08 0.0165 -5439.21
74 1.36431e-08 0.017 -3365.45
74 1.36431e-08 0.0175 -1350.59
74 1.36431e-08 0.018 -412.3
74 1.36431e-08 0.0185 -2433.89
74 1.36431e-08 0.019 -296.864
74 1.36431e-08 0.0195 1803.13
74 1.36431e-08 0.02 -624.523
74 1.36431e-08 0.0205 -3517.07
74 1.36431e-08 0.021 -938.522
74 1.36431e-08 0.0215 1206.32
74 1.36431e-08 0.022 1314.61
74 1.36431e-08 0.0225 1336.22
74 1.36431e-08 0.023 4227.04
74 1.36431e-08 0.0235 2850.4
74 1.36431e-08 0.024 494.304
74 1.36431e-08 0.0245 760.618
74 1.36431e-08 0.025 2284.23
74 1.36431e-08 0.0255 3963.61
74 1.36431e-08 0.026 1487.21
74 1.36431e-08 0.0265 -3717.21
74 1.36431e-08 0.027 -2323.96
74 1.36431e-08 0.0275 1895.93
74 1.36431e-08 0.028 59.6554
74 1.36431e-08 0.0285 1241.85
74 1.36431e-08 0.029 566.351
74 1.36431e-08 0.0295 -2677.18
74 1.36431e-08 0.03 -1112.22
74 1.36431e-08 0.0305 426.195
74 1.36431e-08 0.031 -710.633
74 1.36431e-08 0.0315 -1300.89
74 1.36431e-08 0.032 -2800.1
74 1.36431e-08 0.0325 -122.92
74 1.36431e-08 0.033 -167.642
74 1.36431e-08 0.0335 381.79
74 1.36431e-08 0.034 -689.146
74 1.36431e-08 0.0345 -377.985
74 1.36431e-08 0.035 -1244.43
74 1.36431e-08 0.0355 -3992.26
74 1.36431e-08 0.036 -2127.42
74 1.36431e-08 0.0365 -564.762
74 1.36431e-08 0.037 -2246.14
74 1.36431e-08 0.0375 83.2597
74 1.36431e-08 0.038 -2637.66
74 1.36431e-08 0.0385 -2890.3
74 1.36431e-08 0.039 -4554.72
74 1.36431e-08 0.0395 -3282.36
74 1.36431e-08 0.04 -1299.08
74 1.36431e-08 0.0405 -1007.12
74 1.36431e-08 0.041 -2192.76
74 1.36431e-08 0.0415 -5331.71
74 1.36431e-08 0.042 -4863.11
74 1.36431e-08 0.0425 -3576.01
74 1.36431e-08 0.043 -5559
74 1.36431e-08 0.0435 -5220.53
74 1.36431e-08 0.044 -5818.53
74 1.36431e-08 0.0445 -9323.8
74 1.36431e-08 0.045 -9657.39
74 1.36431e-08 0.0455 -6585.69
74 1.36431e-08 0.046 -6241.59
74 1.36431e-08 0.0465 -7925.93
74 1.36431e-08 0.047 -5881.61
74 1.36431e-08 0.0475 -5165.95
74 1.36431e-08 0.048 -9634.96
74 1.36431e-08 0.0485 -10648.8
74 1.36431e-08 0.049 -9291
74 1.36431e-08 0.0495 -10411.5
74 1.36431e-08 0.05 -10131.2
74 1.36431e-08 0.0505 -13677.8
74 1.36431e-08 0.051 -10883.9
74 1.36431e-08 0.0515 -8801.98
74 1.36431e-08 0.052 -7465.31
74 1.36431e-08 0.0525 -4210.93
74 1.36431e-08 0.053 -6977.96
74 1.36431e-08 0.0535 -4641.79
74 1.36431e-08 0.054 -5426.77
74 1.36431e-08 0.0545 -4412.79
74 1.36431e-08 0.055 -1127.58
74 1.36431e-08 0.0555 2956.31
74 1.36431e-08 0.056 -879.823
74 1.36431e-08 0.0565 -1942.04
74 1.36431e-08 0.057 -1068.44
74 1.36431e-08 0.0575 -510.525
74 1.36431e-08 0.058 -498.908
74 1.36431e-08 0.0585 666.541
74 1.36431e-08 0.059 2019.57
74 1.36431e-08 0.0595 2779.13
74 1.36431e-08 0.06 2641.02
74 1.36431e-08 0.0605 -994.401
74 1.36431e-08 0.061 1499.42
74 1.36431e-08 0.0615 1339.05
74 1.36431e-08 0.062 4610.87
74 1.36431e-08 0.0625 2645.66
74 1.36431e-08 0.063 1881.8
74 1.36431e-08 0.0635 2457.9
74 1.36431e-08 0.064 4778.66
74 1.36431e-08 0.0645 5255.79
74 1.36431e-08 0.065 4391.09
74 1.36431e-08 0.0655 7079.43
74 1.36431e-08 0.066 7625.19
74 1.36431e-08 0.0665 3948.24
74 1.36431e-08 0.067 7066.28
74 1.36431e-08 0.0675 8652.35
74 1.36431e-08 0.068 8522.12
74 1.36431e-08 0.0685 5471.09
74 1.36431e-08 0.069 4696.97
74 1.36431e-08 0.0695 4910.11
74 1.36431e-08 0.07 4700.92
74 1.36431e-08 0.0705 4408.67
74 1.36431e-08 0.071 5846.35
74 1.36431e-08 0.0715 4769.28
74 1.36431e-08 0.072 4565.85
74 1.36431e-08 0.0725 2502.65
74 1.36431e-08 0.073 4541.4
74 1.36431e-08 0.0735 2200.28
74 1.36431e-08 0.074 4850.68
74 1.36431e-08 0.0745 3344.44
74 1.36431e-08 0.075 3957.76
74 1.36431e-08 0.0755 6592.19
74 1.36431e-08 0.076 2030.16
74 1.36431e-08 0.0765 -3790.69
74 1.36431e-08 0.077 -865.894
74 1.36431e-08 0.0775 807.677
74 1.36431e-08 0.078 517.554
74 1.36431e-08 0.0785 -4339.52
74 1.36431e-08 0.079 -6330.9
74 1.36431e-08 0.0795 -4453.69
74 1.36431e-08 0.08 -5594.94
74 1.36431e-08 0.0805 -5901.51
74 1.36431e-08 0.081 -3606.67
74 1.36431e-08 0.0815 6284.16
74 1.36431e-08 0.082 15653.7
74 1.36431e-08 0.0825 27629.9
74 1.36431e-08 0.083 41466.8
74 1.36431e-08 0.0835 52305.8
74 1.36431e-08 0.084 65187
74 1.36431e-08 0.0845 78729
74 1.36431e-08 0.085 28744.5
74 1.36431e-08 0.0855 0
74 1.36431e-08 0.086 0
74 1.36431e-08 0.0865 0
74 1.36431e-08 0.087 0
74 1.36431e-08 0.0875 0
74 1.36431e-08 0.088 0
74 1.36431e-08 0.0885 0
74 1.36431e-08 0.089 0
74 1.36431e-08 0.0895 0
74 1.36431e-08 0.09 0
74 1.36431e-08 0.0905 0
74 1.36431e-08 0.091 0
74 1.36431e-08 0.0915 0
74 1.36431e-08 0.092 0
74 1.36431e-08 0.0925 0
74 1.36431e-08 0.093 0
74 1.36431e-08 0.0935 0
74 1.36431e-08 0.094 0
74 1.36431e-08 0.0945 0
99 1.82522e-08 0 0
99 1.82522e-08 0.0005 0
99 1.82522e-08 0.001 0
99 1.82522e-08 0.0015 0
99 1.82522e-08 0.002 0
99 1.82522e-08 0.0025 0
99 1.82522e-08 0.003 0
99 1.82522e-08 0.0035 0
99 1.82522e-08 0.004 0
99 1.82522e-08 0.0045 0
99 1.82522e-08 0.005 0
99 1.82522e-08 0.0055 0
99 1.82522e-08 0.006 0
99 1.82522e-08 0.0065 0
99 1.82522e-08 0.007 0
99 1.82522e-08 0.0075 0
99 1.82522e-08 0.008 0
99 1.82522e-08 0.0085 0
99 1.82522e-08 0.009 0
99 1.82522e-08 0.0095 0
99 1.82522e-08 0.01 -57610.6
99 1.82522e-08 0.0105 -65234.3
99 1.82522e-08 0.011 -54126.2
99 1.82522e-08 0.0115 -44219.6
99 1.82522e-08 0.012 -33777.7
99 1.82522e-08 0.0125 -23562.6
99 1.82522e-08 0.013 -11919.7
99 1.82522e-08 0.0135 -1593.02
99 1.82522e-08 0.014 -1167.86
99 1.82522e-08 0.0145 -460.413
99 1.82522e-08 0.015 888.219
99 1.82522e-08 0.0155 2469.65
99 1.82522e-08 0.016 2928.78
99 1.82522e-08 0.0165 -134.128
99 1.82522e-08 0.017 383.138
99 1.82522e-08 0.0175 881.172
99 1.82522e-08 0.018 3156.66
99 1.82522e-08 0.0185 4740.26
99 1.82522e-08 0.019 1330.13
99 1.82522e-08 0.0195 1503.89
99 1.82522e-08 0.02 1383.2
99 1.82522e-08 0.0205 -363.784
99 1.82522e-08 0.021 -814.799
99 1.82522e-08 0.0215 2294.47
99 1.82522e-08 0.022 2181.37
99 1.82522e-08 0.0225 -1486.12
99 1.82522e-08 0.023 301.788
99 1.82522e-08 0.0235 3000.23
99 1.82522e-08 0.024 603.964
99 1.82522e-08 0.0245 -2747.91
99 1.82522e-08 0.025 -2152.67
99 1.82522e-08 0.0255 -4244.65
99 1.82522e-08 0.026 -1581.55
99 1.82522e-08 0.0265 -1138.2
99 1.82522e-08 0.027 -250.348
99 1.82522e-08 0.0275 1074.35
99 1.82522e-08 0.028 1960.28
99 1.82522e-08 0.0285 859.996
99 1.82522e-08 0.029 -761.279
99 1.82522e-08 0.0295 448.597
99 1.82522e-08 0.03 -161.484
99 1.82522e-08 0.0305 -1892.62
99 1.82522e-08 0.031 1878.54
99 1.82522e-08 0.0315 1413.24
99 1.82522e-08 0.032 2143.85
99 1.82522e-08 0.0325 2784.1
99 1.82522e-08 0.033 2714.32
99 1.82522e-08 0.0335 3078.76
99 1.82522e-08 0.034 1478.79
99 1.82522e-08 0.0345 1364.35
99 1.82522e-08 0.035 1279.37
99 1.82522e-08 0.0355 1267.82
99 1.82522e-08 0.036 -654.808
99 1.82522e-08 0.0365 1872.53
99 1.82522e-08 0.037 1899.84
99 1.82522e-08 0.0375 2953.83
99 1.82522e-08 0.038 2461.06
99 1.82522e-08 0.0385 4213.21
99 1.82522e-08 0.039 672.289
99 1.82522e-08 0.0395 -141.769
99 1.82522e-08 0.04 2791.8
99 1.82522e-08 0.0405 5238.34
99 1.82522e-08 0.041 3618.11
99 1.82522e-08 0.0415 532.468
99 1.82522e-08 0.042 3050.74
99 1.82522e-08 0.0425 4913.24
99 1.82522e-08 0.043 3497.32
99 1.82522e-08 0.0435 2525.18
99 1.82522e-08 0.044 5895.91
99 1.82522e-08 0.0445 5272.68
99 1.82522e-08 0.045 3053.65
99 1.82522e-08 0.0455 4078.18
99 1.82522e-08 0.046 6201.77
99 1.82522e-08 0.0465 9220.13
99 1.82522e-08 0.047 8379.27
99 1.82522e-08 0.0475 6286.34
99 1.82522e-08 0.048 7536.35
99 1.82522e-08 0.0485 6826.68
99 1.82522e-08 0.049 3640.31
99 1.82522e-08 0.0495 5799.7
99 1.82522e-08 0.05 7462.21
99 1.82522e-08 0.0505 10629.5
99 1.82522e-08 0.051 11220.2
99 1.82522e-08 0.0515 8085.86
99 1.82522e-08 0.052 9802.67
99 1.82522e-08 0.0525 12936.8
99 1.82522e-08 0.053 11093.3
99 1.82522e-08 0.0535 6528.9
99 1.82522e-08 0.054 7931.13
99 1.82522e-08 0.0545 5330.28
99 1.82522e-08 0.055 4702.59
99 1.82522e-08 0.0555 5014.45
99 1.82522e-08 0.056 4844.64
99 1.82522e-08 0.0565 3159.88
99 1.82522e-08 0.057 773.222
99 1.82522e-08 0.0575 983.853
99 1.82522e-08 0.058 784.597
99 1.82522e-08 0.0585 2254.12
99 1.82522e-08 0.059 -1365.42
99 1.82522e-08 0.0595 1459.59
99 1.82522e-08 0.06 3179.47
99 1.82522e-08 0.0605 1083.96
99 1.82522e-08 0.061 1196.49
99 1.82522e-08 0.0615 2611.82
99 1.82522e-08 0.062 4916.17
99 1.82522e-08 0.0625 1461.31
99 1.82522e-08 0.063 391.947
99 1.82522e-08 0.0635 -994.3
99 1.82522e-08 0.064 538.749
99 1.82522e-08 0.0645 -111.225
99 1.82522e-08 0.065 -1377.94
99 1.82522e-08 0.0655 -2734.49
99 1.82522e-08 0.066 -2486.14
99 1.82522e-08 0.0665 -5491.83
99 1.82522e-08 0.067 -6403.05
99 1.82522e-08 0.0675 -4358.22
99 1.82522e-08 0.068 -4793.05
99 1.82522e-08 0.0685 -6266.09
99 1.82522e-08 0.069 -7570.13
99 1.82522e-08 0.0695 -7524.64
99 1.82522e-08 0.07 -6323.13
99 1.82522e-08 0.0705 -6708.53
99 1.82522e-08 0.071 -3891.21
99 1.82522e-08 0.0715 -1504.11
99 1.82522e-08 0.072 -1962.42
99 1.82522e-08 0.0725 -3632.71
99 1.82522e-08 0.073 -3014.93
99 1.82522e-08 0.0735 -2937.34
99 1.82522e-08 0.074 -3842.32
99 1.82522e-08 0.0745 -1881.47
99 1.82522e-08 0.075 -1874.5
99 1.82522e-08 0.0755 -6336.46
99 1.82522e-08 0.076 -3739.75
99 1.82522e-08 0.0765 -3557.03
99 1.82522e-08 0.077 -2043.86
99 1.82522e-08 0.0775 -793.176
99 1.82522e-08 0.078 1077.39
99 1.82522e-08 0.0785 3466.38
99 1.82522e-08 0.079 1190.51
99 1.82522e-08 0.0795 -2.91926
99 1.82522e-08 0.08 1751.96
99 1.82522e-08 0.0805 3483.72
99 1.82522e-08 0.081 3132.4
99 1.82522e-08 0.0815 5250.17
99 1.82522e-08 0.082 4879.77
99 1.82522e-08 0.0825 6629.38
99 1.82522e-08 0.083 2777.45
99 1.82522e-08 0.0835 9473.06
99 1.82522e-08 0.084 21192.3
99 1.82522e-08 0.0845 34423.6
99 1.82522e-08 0.085 13987.1
99 1.82522e-08 0.0855 0
99 1.82522e-08 0.086 0
99 1.82522e-08 0.0865 0
99 1.82522e-08 0.087 0
99 1.82522e-08 0.0875 0
99 1.82522e-08 0.088 0
99 1.82522e-08 0.0885 0
99 1.82522e-08 0.089 0
99 1.82522e-08 0.0895 0
99 1.82522e-08 0.09 0
99 1.82522e-08 0.0905 0
99 1.82522e-08 0.091 0
99 1.82522e-08 0.0915 0
99 1.82522e-08 0.092 0
99 1.82522e-08 0.0925 0
99 1.82522e-08 0.093 0
99 1.82522e-08 0.0935 0
99 1.82522e-08 0.094 0
99 1.82522e-08 0.0945 0
124 2.28614e-08 0 0
124 2.28614e-08 0.0005 0
124 2.28614e-08 0.001 0
124 2.28614e-08 0.0015 0
124 2.28614e-08 0.002 0
124 2.28614e-08 0.0025 0
124 2.28614e-08 0.003 0
124 2.28614e-08 0.0035 0
124 2.28614e-08 0.004 0
124 2.28614e-08 0.0045 0
124 2.28614e-08 0.005 0
124 2.28614e-08 0.0055 0
124 2.28614e-08 0.006 0
124 2.28614e-08 0.0065 0
124 2.28614e-08 0.007 0
124 2.28614e-08 0.0075 0
124 2.28614e-08 0.008 0
124 2.28614e-08 0.0085 0
124 2.28614e-08 0.009 0
124 2.28614e-08 0.0095 0
124 2.28614e-08 0.01 -61702.9
124 2.28614e-08 0.0105 -39078.4
124 2.28614e-08 0.011 -27987.1
124 2.28614e-08 0.0115 -18097.3
124 2.28614e-08 0.012 -7840.35
124 2.28614e-08 0.0125 478.272
124 2.28614e-08 0.013 452.039
124 2.28614e-08 0.0135 -1140.79
124 2.28614e-08 0.014 -1401.17
124 2.28614e-08 0.0145 -2221.98
124 2.28614e-08 0.015 -3041.59
124 2.28614e-08 0.0155 -1640.13
124 2.28614e-08 0.016 -508.283
124 2.28614e-08 0.0165 -3251.52
124 2.28614e-08 0.017 -4233.95
124 2.28614e-08 0.0175 -2571.02
124 2.28614e-08 0.018 -1647.73
124 2.28614e-08 0.0185 -2569.45
124 2.28614e-08 0.019 615.253
124 2.28614e-08 0.0195 1054.51
124 2.28614e-08 0.02 -2495.32
124 2.28614e-08 0.0205 -1764.97
124 2.28614e-08 0.021 -1811.01
124 2.28614e-08 0.0215 110.054
124 2.28614e-08 0.022 -37.7476
124 2.28614e-08 0.0225 -1180.53
124 2.28614e-08 0.023 -383.485
124 2.28614e-08 0.0235 1404.23
124 2.28614e-08 0.024 701.154
124 2.28614e-08 0.0245 443.82
124 2.28614e-08 0.025 799.801
124 2.28614e-08 0.0255 995.629
124 2.28614e-08 0.026 1450.08
124 2.28614e-08 0.0265 -1001.83
124 2.28614e-08 0.027 -1332.65
124 2.28614e-08 0.0275 420.928
124 2.28614e-08 0.028 977.314
124 2.28614e-08 0.0285 -486.472
124 2.28614e-08 0.029 371.18
124 2.28614e-08 0.0295 -2016.92
124 2.28614e-08 0.03 -2516.9
124 2.28614e-08 0.0305 -1713.48
124 2.28614e-08 0.031 -2468.31
124 2.28614e-08 0.0315 -3336.06
124 2.28614e-08 0.032 -2320.06
124 2.28614e-08 0.0325 -142.945
124 2.28614e-08 0.033 -1115.05
124 2.28614e-08 0.0335 -172.45
124 2.28614e-08 0.034 -1254.75
124 2.28614e-08 0.0345 -1734.59
124 2.28614e-08 0.035 -245.736
124 2.28614e-08 0.0355 -858.783
124 2.28614e-08 0.036 -3810.58
124 2.28614e-08 0.0365 -3206.62
124 2.28614e-08 0.037 -2348.27
124 2.28614e-08 0.0375 -1525.13
124 2.28614e-08 0.038 -2981.54
124 2.28614e-08 0.0385 -1320.25
124 2.28614e-08 0.039 -3789.94
124 2.28614e-08 0.0395 -4000.49
124 2.28614e-08 0.04 -1996.27
124 2.28614e-08 0.0405 -114.08
124 2.28614e-08 0.041 -3821.71
124 2.28614e-08 0.0415 -2769.45
124 2.28614e-08 0.042 -3454.69
124 2.28614e-08 0.0425 -2127.62
124 2.28614e-08 0.043 -3351.29
124 2.28614e-08 0.0435 -4006.46
124 2.28614e-08 0.044 -4114.14
124 2.28614e-08 0.0445 -7528.17
124 2.28614e-08 0.045 -7360.21
124 2.28614e-08 0.0455 -5188.58
124 2.28614e-08 0.046 -3658.62
124 2.28614e-08 0.0465 -4128.07
124 2.28614e-08 0.047 -6951.89
124 2.28614e-08 0.0475 -5899.74
124 2.28614e-08 0.048 -6490.36
124 2.28614e-08 0.0485 -7330.68
124 2.28614e-08 0.049 -8592.11
124 2.28614e-08 0.0495 -10894.1
124 2.28614e-08 0.05 -8864.09
124 2.28614e-08 0.0505 -7354.08
124 2.28614e-08 0.051 -6711.43
124 2.28614e-08 0.0515 -5840.82
124 2.28614e-08 0.052 -3430.47
124 2.28614e-08 0.0525 -2280.47
124 2.28614e-08 0.053 -5863.39
124 2.28614e-08 0.0535 -5125.56
124 2.28614e-08 0.054 -4241.15
124 2.28614e-08 0.0545 -4868.03
124 2.28614e-08 0.055 -1814.88
124 2.28614e-08 0.0555 -783.475
124 2.28614e-08 0.056 -1193.22
124 2.28614e-08 0.0565 -1109.39
124 2.28614e-08 0.057 -1778.78
124 2.28614e-08 0.0575 -1146.54
124 2.28614e-08 0.058 192.959
124 2.28614e-08 0.0585 -932.145
124 2.28614e-08 0.059 -3147.78
124 2.28614e-08 0.0595 -3879.43
124 2.28614e-08 0.06 -5837.26
124 2.28614e-08 0.0605 -5110.58
124 2.28614e-08 0.061 -2960.14
124 2.28614e-08 0.0615 -5852.88
124 2.28614e-08 0.062 -5701.6
124 2.28614e-08 0.0625 -3756.82
124 2.28614e-08 0.063 -2547.66
124 2.28614e-08 0.0635 -1934.94
124 2.28614e-08 0.064 239.483
124 2.28614e-08 0.0645 2459.14
124 2.28614e-08 0.065 3561.84
124 2.28614e-08 0.0655 4464.66
124 2.28614e-08 0.066 5490.2
124 2.28614e-08 0.0665 6389.42
124 2.28614e-08 0.067 8466.52
124 2.28614e-08 0.0675 5483.16
124 2.28614e-08 0.068 4179.56
124 2.28614e-08 0.0685 5265.3
124 2.28614e-08 0.069 5172.51
124 2.28614e-08 0.0695 4207.94
124 2.28614e-08 0.07 2590.61
124 2.28614e-08 0.0705 3219.48
124 2.28614e-08 0.071 1516.55
124 2.28614e-08 0.0715 2202.63
124 2.28614e-08 0.072 2304.21
124 2.28614e-08 0.0725 2036.87
124 2.28614e-08 0.073 1446.02
124 2.28614e-08 0.0735 2636.89
124 2.28614e-08 0.074 3850.76
124 2.28614e-08 0.0745 3328.76
124 2.28614e-08 0.075 3369.04
124 2.28614e-08 0.0755 851.453
124 2.28614e-08 0.076 190.274
124 2.28614e-08 0.0765 -1334.02
124 2.28614e-08 0.077 -2752.76
124 2.28614e-08 0.0775 -2002.53
124 2.28614e-08 0.078 1193.65
124 2.28614e-08 0.0785 -2210.78
124 2.28614e-08 0.079 -3438.67
124 2.28614e-08 0.0795 -3308.52
124 2.28614e-08 0.08 -2285.93
124 2.28614e-08 0.0805 -2380.68
124 2.28614e-08 0.081 -4641.11
124 2.28614e-08 0.0815 -4196.56
124 2.28614e-08 0.082 -982.471
124 2.28614e-08 0.0825 9466.5
124 2.28614e-08 0.083 23034.9
124 2.28614e-08 0.0835 33801.3
124 2.28614e-08 0.084 46576.5
124 2.28614e-08 0.0845 60030.5
124 2.28614e-08 0.085 22579.8
124 2.28614e-08 0.0855 0
124 2.28614e-08 0.086 0
124 2.28614e-08 0.0865 0
124 2.28614e-08 0.087 0
124 2.28614e-08 0.0875 0
124 2.28614e-08 0.088 0
124 2.28614e-08 0.0885 0
124 2.28614e-08 0.089 0
124 2.28614e-08 0.0895 0
124 2.28614e-08 0.09 0
124 2.28614e-08 0.0905 0
124 2.28614e-08 0.091 0
124 2.28614e-08 0.0915 0
124 2.28614e-08 0.092 0
124 2.28614e-08 0.0925 0
124 2.28614e-08 0.093 0
124 2.28614e-08 0.0935 0
124 2.28614e-08 0.094 0
124 2.28614e-08 0.0945 0
149 2.74705e-08 0 0
149 2.74705e-08 0.0005 0
149 2.74705e-08 0.001 0
149 2.74705e-08 0.0015 0
149 2.74705e-08 0.002 0
149 2.74705e-08 0.0025 0
149 2.74705e-08 0.003 0
149 2.74705e-08 0.0035 0
149 2.74705e-08 0.004 0
149 2.74705e-08 0.0045 0
149 2.74705e-08 0.005 0
149 2.74705e-08 0.0055 0
149 2.74705e-08 0.006 0
149 2.74705e-08 0.0065 0
149 2.74705e-08 0.007 0
149 2.74705e-08 0.0075 0
149 2.74705e-08 0.008 0
149 2.74705e-08 0.0085 0
149 2.74705e-08 0.009 0
149 2.74705e-08 0.0095 0
149 2.74705e-08 0.01 -105348
149 2.74705e-08 0.0105 -82675.1
149 2.74705e-08 0.011 -71617.4
149 2.74705e-08 0.0115 -61751.7
149 2.74705e-08 0.012 -51373.5
149 2.74705e-08 0.0125 -41176.9
149 2.74705e-08 0.013 -29367.1
149 2.74705e-08 0.0135 -17246.5
149 2.74705e-08 0.014 -6300.56
149 2.74705e-08 0.0145 86.3302
149 2.74705e-08 0.015 -1244.95
149 2.74705e-08 0.0155 1557.22
149 2.74705e-08 0.016 3156.83
149 2.74705e-08 0.0165 2180.94
149 2.74705e-08 0.017 3008.31
149 2.74705e-08 0.0175 2187.51
149 2.74705e-08 0.018 2812.99
149 2.74705e-08 0.0185 4158.67
149 2.74705e-08 0.019 2437.23
149 2.74705e-08 0.0195 2492.76
149 2.74705e-08 0.02 -202.498
149 2.74705e-08 0.0205 2203.18
149 2.74705e-08 0.021 1194.66
149 2.74705e-08 0.0215 -1388.25
149 2.74705e-08 0.022 -892.292
149 2.74705e-08 0.0225 -213.022
149 2.74705e-08 0.023 2135.87
149 2.74705e-08 0.0235 3041.08
149 2.74705e-08 0.024 1109.62
149 2.74705e-08 0.0245 -1277.8
149 2.74705e-08 0.025 704.749
149 2.74705e-08 0.0255 201.386
149 2.74705e-08 0.026 -972.091
149 2.74705e-08 0.0265 -1684.69
149 2.74705e-08 0.027 -3115.22
149 2.74705e-08 0.0275 -2086.81
149 2.74705e-08 0.028 -2070.43
149 2.74705e-08 0.0285 -74.4346
149 2.74705e-08 0.029 -676.308
149 2.74705e-08 0.0295 364.867
149 2.74705e-08 0.03 1577.94
149 2.74705e-08 0.0305 252.806
149 2.74705e-08 0.031 1639.04
149 2.74705e-08 0.0315 2319.01
149 2.74705e-08 0.032 -421.953
149 2.74705e-08 0.0325 2539.15
149 2.74705e-08 0.033 1323.07
149 2.74705e-08 0.0335 1834.89
149 2.74705e-08 0.034 279.571
149 2.74705e-08 0.0345 254.689
149 2.74705e-08 0.035 1468.33
149 2.74705e-08 0.0355 1090.04
149 2.74705e-08 0.036 1523.47
149 2.74705e-08 0.0365 786.538
149 2.74705e-08 0.037 460.577
149 2.74705e-08 0.0375 2538.5
149 2.74705e-08 0.038 366.634
149 2.74705e-08 0.0385 1185.55
149 2.74705e-08 0.039 1893.07
149 2.74705e-08 0.0395 3685.3
149 2.74705e-08 0.04 1121.37
149 2.74705e-08 0.0405 1227.85
149 2.74705e-08 0.041 4211.26
149 2.74705e-08 0.0415 3865.39
149 2.74705e-08 0.042 2244.17
149 2.74705e-08 0.0425 2324.47
149 2.74705e-08 0.043 962.483
149 2.74705e-08 0.0435 2301.76
149 2.74705e-08 0.044 3579.39
149 2.74705e-08 0.0445 3111.51
149 2.74705e-08 0.045 5439.37
149 2.74705e-08 0.0455 5345.76
149 2.74705e-08 0.046 5124.48
149 2.74705e-08 0.0465 5877.55
149 2.74705e-08 0.047 1033.91
149 2.74705e-08 0.0475 -875.581
149 2.74705e-08 0.048 703.467
149 2.74705e-08 0.0485 2423.08
149 2.74705e-08 0.049 3387.61
149 2.74705e-08 0.0495 3537.25
149 2.74705e-08 0.05 6099.95
149 2.74705e-08 0.0505 8765.11
149 2.74705e-08 0.051 9418.2
149 2.74705e-08 0.0515 7337.27
149 2.74705e-08 0.052 7001.85
149 2.74705e-08 0.0525 6678.11
149 2.74705e-08 0.053 1302.42
149 2.74705e-08 0.0535 -96.5283
149 2.74705e-08 0.054 1325.7
149 2.74705e-08 0.0545 3898.24
149 2.74705e-08 0.055 2897.08
149 2.74705e-08 0.0555 2083.87
149 2.74705e-08 0.056 1228.87
149 2.74705e-08 0.0565 3930.77
149 2.74705e-08 0.057 4342.63
149 2.74705e-08 0.0575 2449.74
149 2.74705e-08 0.058 1536.21
149 2.74705e-08 0.0585 1598.77
149 2.74705e-08 0.059 833.437
149 2.74705e-08 0.0595 -498.276
149 2.74705e-08 0.06 2283.72
149 2.74705e-08 0.0605 988.466
149 2.74705e-08 0.061 2759.76
149 2.74705e-08 0.0615 3277.36
149 2.74705e-08 0.062 7378.05
149 2.74705e-08 0.0625 5625.24
149 2.74705e-08 0.063 6485.34
149 2.74705e-08 0.0635 8357.51
149 2.74705e-08 0.064 6660.66
149 2.74705e-08 0.0645 3872.32
149 2.74705e-08 0.065 3996.25
149 2.74705e-08 0.0655 3582.27
149 2.74705e-08 0.066 341.44
149 2.74705e-08 0.0665 -579.358
149 2.74705e-08 0.067 -658.345
149 2.74705e-08 0.0675 -6381.29
149 2.74705e-08 0.068 -6400.5
149 2.74705e-08 0.0685 -5800.05
149 2.74705e-08 0.069 -7064.27
149 2.74705e-08 0.0695 -6401.65
149 2.74705e-08 0.07 -6987.68
149 2.74705e-08 0.0705 -6045.45
149 2.74705e-08 0.071 -5446.68
149 2.74705e-08 0.0715 -4027.36
149 2.74705e-08 0.072 -929.563
149 2.74705e-08 0.0725 -919.331
149 2.74705e-08 0.073 -1297.98
149 2.74705e-08 0.0735 326.065
149 2.74705e-08 0.074 -888.057
149 2.74705e-08 0.0745 -2271.98
149 2.74705e-08 0.075 -2005.16
149 2.74705e-08 0.0755 -835.856
149 2.74705e-08 0.076 93.5829
149 2.74705e-08 0.0765 -2089.53
149 2.74705e-08 0.077 193.635
149 2.74705e-08 0.0775 -364.107
149 2.74705e-08 0.078 802.895
149 2.74705e-08 0.0785 615.868
149 2.74705e-08 0.079 494.923
149 2.74705e-08 0.0795 797.75
149 2.74705e-08 0.08 1465.89
149 2.74705e-08 0.0805 2059.45
149 2.74705e-08 0.081 1204.61
149 2.74705e-08 0.0815 721.052
149 2.74705e-08 0.082 1279.23
149 2.74705e-08 0.0825 2372.28
149 2.74705e-08 0.083 6082.59
149 2.74705e-08 0.0835 1997.59
149 2.74705e-08 0.084 6141.94
149 2.74705e-08 0.0845 16290
149 2.74705e-08 0.085 7916.02
149 2.74705e-08 0.0855 0
149 2.74705e-08 0.086 0
149 2.74705e-08 0.0865 0
149 2.74705e-08 0.087 0
149 2.74705e-08 0.0875 0
149 2.74705e-08 0.088 0
149 2.74705e-08 0.0885 0
149 2.74705e-08 0.089 0
149 2.74705e-08 0.0895 0
149 2.74705e-08 0.09 0
149 2.74705e-08 0.0905 0
149 2.74705e-08 0.091 0
149 2.74705e-08 0.0915 0
149 2.74705e-08 0.092 0
149 2.74705e-08 0.0925 0
149 2.74705e-08 0.093 0
149 2.74705e-08 0.0935 0
149 2.74705e-08 0.094 0
149 2.74705e-08 0.0945 0
174 3.20796e-08 0 0
174 3.20796e-08 0.0005 0
174 3.20796e-08 0.001 0
174 3.20796e-08 0.0015 0
174 3.20796e-08 0.002 0
174 3.20796e-08 0.0025 0
174 3.20796e-08 0.003 0
174 3.20796e-08 0.0035 0
174 3.20796e-08 0.004 0
174 3.20796e-08 0.0045 0
174 3.20796e-08 0.005 0
174 3.20796e-08 0.0055 0
174 3.20796e-08 0.006 0
174 3.20796e-08 0.0065 0
174 3.20796e-08 0.007 0
174 3.20796e-08 0.0075 0
174 3.20796e-08 0.008 0
174 3.20796e-08 0.0085 0
174 3.20796e-08 0.009 0
174 3.20796e-08 0.0095 0
174 3.20796e-08 0.01 -75078.4
174 3.20796e-08 0.0105 -56148.8
174 3.20796e-08 0.011 -45148.3
174 3.20796e-08 0.0115 -35312
174 3.20796e-08 0.012 -24991.3
174 3.20796e-08 0.0125 -14814.9
174 3.20796e-08 0.013 -3612.82
174 3.20796e-08 0.0135 929.02
174 3.20796e-08 0.014 -1418.17
174 3.20796e-08 0.0145 989.477
174 3.20796e-08 0.015 -2178.84
174 3.20796e-08 0.0155 -2361.45
174 3.20796e-08 0.016 -2240.81
174 3.20796e-08 0.0165 -2024.96
174 3.20796e-08 0.017 -541.077
174 3.20796e-08 0.0175 -1017.15
174 3.20796e-08 0.018 -787.676
174 3.20796e-08 0.0185 -841.742
174 3.20796e-08 0.019 651.407
174 3.20796e-08 0.0195 2576.3
174 3.20796e-08 0.02 1517.13
174 3.20796e-08 0.0205 587.844
174 3.20796e-08 0.021 -1482.53
174 3.20796e-08 0.0215 -810.421
174 3.20796e-08 0.022 888.696
174 3.20796e-08 0.0225 647.611
174 3.20796e-08 0.023 201.914
174 3.20796e-08 0.0235 35.8803
174 3.20796e-08 0.024 2138.68
174 3.20796e-08 0.0245 714.21
174 3.20796e-08 0.025 1372.02
174 3.20796e-08 0.0255 2113.38
174 3.20796e-08 0.026 2633.34
174 3.20796e-08 0.0265 2279.24
174 3.20796e-08 0.027 1864.1
174 3.20796e-08 0.0275 3456.65
174 3.20796e-08 0.028 -812.182
174 3.20796e-08 0.0285 -774.339
174 3.20796e-08 0.029 947.952
174 3.20796e-08 0.0295 -117.334
174 3.20796e-08 0.03 -1184.67
174 3.20796e-08 0.0305 149.554
174 3.20796e-08 0.031 106.135
174 3.20796e-08 0.0315 608.05
174 3.20796e-08 0.032 -350.452
174 3.20796e-08 0.0325 1341.57
174 3.20796e-08 0.033 384.905
174 3.20796e-08 0.0335 68.1306
174 3.20796e-08 0.034 210.428
174 3.20796e-08 0.0345 768.087
174 3.20796e-08 0.035 -757.963
174 3.20796e-08 0.0355 -1974.28
174 3.20796e-08 0.036 -178.888
174 3.20796e-08 0.0365 64.0801
174 3.20796e-08 0.037 -1828.74
174 3.20796e-08 0.0375 -1483.93
174 3.20796e-08 0.038 -1334.72
174 3.20796e-08 0.0385 313.9
174 3.20796e-08 0.039 -2184.39
174 3.20796e-08 0.0395 574.981
174 3.20796e-08 0.04 49.4809
174 3.20796e-08 0.0405 -2074.9
174 3.20796e-08 0.041 -604.298
174 3.20796e-08 0.0415 -2649.85
174 3.20796e-08 0.042 -3356.62
174 3.20796e-08 0.0425 -2081.53
174 3.20796e-08 0.043 -2827.07
174 3.20796e-08 0.0435 -3305.86
174 3.20796e-08 0.044 -2198.27
174 3.20796e-08 0.0445 -2237.51
174 3.20796e-08 0.045 546.395
174 3.20796e-08 0.0455 1792.12
174 3.20796e-08 0.046 1131.99
174 3.20796e-08 0.0465 -682.653
174 3.20796e-08 0.047 -1228.23
174 3.20796e-08 0.0475 -1814.48
174 3.20796e-08 0.048 -3344.12
174 3.20796e-08 0.0485 -6366.19
174 3.20796e-08 0.049 -5149.06
174 3.20796e-08 0.0495 -3307.86
174 3.20796e-08 0.05 -3805.73
174 3.20796e-08 0.0505 -2694.13
174 3.20796e-08 0.051 -901.628
174 3.20796e-08 0.0515 1248.99
174 3.20796e-08 0.052 3295
174 3.20796e-08 0.0525 149.759
174 3.20796e-08 0.053 713.262
174 3.20796e-08 0.0535 984.882
174 3.20796e-08 0.054 1300.54
174 3.20796e-08 0.0545 -426.999
174 3.20796e-08 0.055 -2614.08
174 3.20796e-08 0.0555 -768.813
174 3.20796e-08 0.056 -2150.63
174 3.20796e-08 0.0565 -2439.88
174 3.20796e-08 0.057 -401.892
174 3.20796e-08 0.0575 -34.8583
174 3.20796e-08 0.058 -1605.19
174 3.20796e-08 0.0585 -1534.7
174 3.20796e-08 0.059 -1749.37
174 3.20796e-08 0.0595 -4017.67
174 3.20796e-08 0.06 -4525.89
174 3.20796e-08 0.0605 -4439.24
174 3.20796e-08 0.061 -5306.32
174 3.20796e-08 0.0615 -8131.58
174 3.20796e-08 0.062 -5755.77
174 3.20796e-08 0.0625 -5831.68
174 3.20796e-08 0.063 -4939.41
174 3.20796e-08 0.0635 -2614.77
174 3.20796e-08 0.064 -685.353
174 3.20796e-08 0.0645 -154.223
174 3.20796e-08 0.065 -491.015
174 3.20796e-08 0.0655 2659.96
174 3.20796e-08 0.066 4525.08
174 3.20796e-08 0.0665 3350.45
174 3.20796e-08 0.067 4487.44
174 3.20796e-08 0.0675 5945.6
174 3.20796e-08 0.068 6222.65
174 3.20796e-08 0.0685 6804.56
174 3.20796e-08 0.069 7374.18
174 3.20796e-08 0.0695 7196.94
174 3.20796e-08 0.07 3796.92
174 3.20796e-08 0.0705 4152.55
174 3.20796e-08 0.071 5799.73
174 3.20796e-08 0.0715 2140.16
174 3.20796e-08 0.072 911.486
174 3.20796e-08 0.0725 3722.27
174 3.20796e-08 0.073 2039.07
174 3.20796e-08 0.0735 407.385
174 3.20796e-08 0.074 450.192
174 3.20796e-08 0.0745 -92.7831
174 3.20796e-08 0.075 928.363
174 3.20796e-08 0.0755 1196.84
174 3.20796e-08 0.076 -1096
174 3.20796e-08 0.0765 -2416.1
174 3.20796e-08 0.077 -715.196
174 3.20796e-08 0.0775 -1139.04
174 3.20796e-08 0.078 -757.762
174 3.20796e-08 0.0785 -834.325
174 3.20796e-08 0.079 78.2511
174 3.20796e-08 0.0795 1243.64
174 3.20796e-08 0.08 -923.503
174 3.20796e-08 0.0805 -594.573
174 3.20796e-08 0.081 411.02
174 3.20796e-08 0.0815 1437.66
174 3.20796e-08 0.082 -1508.96
174 3.20796e-08 0.0825 -3290.99
174 3.20796e-08 0.083 6388.38
174 3.20796e-08 0.0835 16503.6
174 3.20796e-08 0.084 29002
174 3.20796e-08 0.0845 42257.3
174 3.20796e-08 0.085 16771.1
174 3.20796e-08 0.0855 0
174 3.20796e-08 0.086 0
174 3.20796e-08 0.0865 0
174 3.20796e-08 0.087 0
174 3.20796e-08 0.0875 0
174 3.20796e-08 0.088 0
174 3.20796e-08 0.0885 0
174 3.20796e-08 0.089 0
174 3.20796e-08 0.0895 0
174 3.20796e-08 0.09 0
174 3.20796e-08 0.0905 0
174 3.20796e-08 0.091 0
174 3.20796e-08 0.0915 0
174 3.20796e-08 0.092 0
174 3.20796e-08 0.0925 0
174 3.20796e-08 0.093 0
174 3.20796e-08 0.0935 0
174 3.20796e-08 0.094 0
174 3.20796e-08 0.0945 0
199 3.66888e-08 0 0
199 3.66888e-08 0.0005 0
199 3.66888e-08 0.001 0
199 3.66888e-08 0.0015 0
199 3.66888e-08 0.002 0
199 3.66888e-08 0.0025 0
199 3.66888e-08 0.003 0
199 3.66888e-08 0.0035 0
199 3.66888e-08 0.004 0
199 3.66888e-08 0.0045 0
199 3.66888e-08 0.005 0
199 3.66888e-08 0.0055 0
199 3.66888e-08 0.006 0
199 3.66888e-08 0.0065 0
199 3.66888e-08 0.007 0
199 3.66888e-08 0.0075 0
199 3.66888e-08 0.008 0
199 3.66888e-08 0.0085 0
199 3.66888e-08 0.009 0
199 3.66888e-08 0.0095 0
199 3.66888e-08 0.01 -36568.4
199 3.66888e-08 0.0105 -38034.3
199 3.66888e-08 0.011 -27113.8
199 3.66888e-08 0.0115 -17303.2
199 3.66888e-08 0.012 -8020.29
199 3.66888e-08 0.0125 -2650.03
199 3.66888e-08 0.013 -1289.68
199 3.66888e-08 0.0135 -106.474
199 3.66888e-08 0.014 526.22
199 3.66888e-08 0.0145 1788.99
199 3.66888e-08 0.015 1979.54
199 3.66888e-08 0.0155 1409.78
199 3.66888e-08 0.016 -195.677
199 3.66888e-08 0.0165 -763.996
199 3.66888e-08 0.017 -601.836
199 3.66888e-08 0.0175 -2630.37
199 3.66888e-08 0.018 -1355.91
199 3.66888e-08 0.0185 -853.856
199 3.66888e-08 0.019 9.51906
199 3.66888e-08 0.0195 -207.147
199 3.66888e-08 0.02 -467.759
199 3.66888e-08 0.0205 -1495.98
199 3.66888e-08 0.021 -239.59
199 3.66888e-08 0.0215 -1043.14
199 3.66888e-08 0.022 -1644.78
199 3.66888e-08 0.0225 -1614.98
199 3.66888e-08 0.023 -53.7879
199 3.66888e-08 0.0235 -2543.46
199 3.66888e-08 0.024 -2297.84
199 3.66888e-08 0.0245 -3872.54
199 3.66888e-08 0.025 -4565.25
199 3.66888e-08 0.0255 -3730.16
199 3.66888e-08 0.026 -2090.55
199 3.66888e-08 0.0265 -846.688
199 3.66888e-08 0.027 -1252.76
199 3.66888e-08 0.0275 -1152.74
199 3.66888e-08 0.028 24.1523
199 3.66888e-08 0.0285 -619.406
199 3.66888e-08 0.029 1011.56
199 3.66888e-08 0.0295 -79.0617
199 3.66888e-08 0.03 106.832
199 3.66888e-08 0.0305 -1158.18
199 3.66888e-08 0.031 -1133.61
199 3.66888e-08 0.0315 -1518.46
199 3.66888e-08 0.032 -213.235
199 3.66888e-08 0.0325 -2501.55
199 3.66888e-08 0.033 -1047.49
199 3.66888e-08 0.0335 -315.795
199 3.66888e-08 0.034 -1388.72
199 3.66888e-08 0.0345 632.91
199 3.66888e-08 0.035 374.7
199 3.66888e-08 0.0355 487.883
199 3.66888e-08 0.036 1343.84
199 3.66888e-08 0.0365 18.6935
199 3.66888e-08 0.037 -898.027
199 3.66888e-08 0.0375 2076.41
199 3.66888e-08 0.038 1667.3
199 3.66888e-08 0.0385 736.665
199 3.66888e-08 0.039 1071.94
199 3.66888e-08 0.0395 -730.884
199 3.66888e-08 0.04 -3213.41
199 3.66888e-08 0.0405 -474.084
199 3.66888e-08 0.041 1672.33
199 3.66888e-08 0.0415 1902.31
199 3.66888e-08 0.042 1346.88
199 3.66888e-08 0.0425 343.197
199 3.66888e-08 0.043 2182.73
199 3.66888e-08 0.0435 -118.359
199 3.66888e-08 0.044 -799.123
199 3.66888e-08 0.0445 364.359
199 3.66888e-08 0.045 -389.292
199 3.66888e-08 0.0455 17.4658
199 3.66888e-08 0.046 -855.34
199 3.66888e-08 0.0465 -397.155
199 3.66888e-08 0.047 1841.73
199 3.66888e-08 0.0475 258.305
199 3.66888e-08 0.048 314.77
199 3.66888e-08 0.0485 1301.95
199 3.66888e-08 0.049 2115.65
199 3.66888e-08 0.0495 2545.7
199 3.66888e-08 0.05 1142.75
199 3.66888e-08 0.0505 -3172.76
199 3.66888e-08 0.051 -1971.27
199 3.66888e-08 0.0515 -142.513
199 3.66888e-08 0.052 -2457.33
199 3.66888e-08 0.0525 -4415.23
199 3.66888e-08 0.053 -3925.76
199 3.66888e-08 0.0535 -2672.42
199 3.66888e-08 0.054 -304.043
199 3.66888e-08 0.0545 -388.991
199 3.66888e-08 0.055 -1059.37
199 3.66888e-08 0.0555 612.291
199 3.66888e-08 0.056 733.153
199 3.66888e-08 0.0565 1706.03
199 3.66888e-08 0.057 3076.05
199 3.66888e-08 0.0575 870.817
199 3.66888e-08 0.058 2141.6
199 3.66888e-08 0.0585 3873.43
199 3.66888e-08 0.059 3199.86
199 3.66888e-08 0.0595 3188.73
199 3.66888e-08 0.06 4194.25
199 3.66888e-08 0.0605 5127.04
199 3.66888e-08 0.061 3516.54
199 3.66888e-08 0.0615 4617.79
199 3.66888e-08 0.062 3063.77
199 3.66888e-08 0.0625 2180.98
199 3.66888e-08 0.063 2557.84
199 3.66888e-08 0.0635 1536.31
199 3.66888e-08 0.064 -2431.39
199 3.66888e-08 0.0645 -3295.41
199 3.66888e-08 0.065 -4085.85
199 3.66888e-08 0.0655 -4390.85
199 3.66888e-08 0.066 -5964.05
199 3.66888e-08 0.0665 -9337.2
199 3.66888e-08 0.067 -7875.44
199 3.66888e-08 0.0675 -7005.01
199 3.66888e-08 0.068 -5469.74
199 3.66888e-08 0.0685 -5228.9
199 3.66888e-08 0.069 -6335.49
199 3.66888e-08 0.0695 -4575.55
199 3.66888e-08 0.07 -4502.83
199 3.66888e-08 0.0705 -4051.12
199 3.66888e-08 0.071 -3757.13
199 3.66888e-08 0.0715 -2355.61
199 3.66888e-08 0.072 -1448.74
199 3.66888e-08 0.0725 -621.281
199 3.66888e-08 0.073 -2344.73
199 3.66888e-08 0.0735 -1466.97
199 3.66888e-08 0.074 445.921
199 3.66888e-08 0.0745 4018.74
199 3.66888e-08 0.075 2461.59
199 3.66888e-08 0.0755 2414.28
199 3.66888e-08 0.076 1981.51
199 3.66888e-08 0.0765 575.101
199 3.66888e-08 0.077 1806.59
199 3.66888e-08 0.0775 325.546
199 3.66888e-08 0.078 183.802
199 3.66888e-08 0.0785 -595.011
199 3.66888e-08 0.079 -888.464
199 3.66888e-08 0.0795 -163.219
199 3.66888e-08 0.08 104.349
199 3.66888e-08 0.0805 -110.997
199 3.66888e-08 0.081 -2646.12
199 3.66888e-08 0.0815 895.399
199 3.66888e-08 0.082 2464.88
199 3.66888e-08 0.0825 10864.4
199 3.66888e-08 0.083 23947.6
199 3.66888e-08 0.0835 34207.2
199 3.66888e-08 0.084 46728.6
199 3.66888e-08 0.0845 59820.9
199 3.66888e-08 0.085 22712.1
199 3.66888e-08 0.0855 0
199 3.66888e-08 0.086 0
199 3.66888e-08 0.0865 0
199 3.66888e-08 0.087 0
199 3.66888e-08 0.0875 0
199 3.66888e-08 0.088 0
199 3.66888e-08 0.0885 0
199 3.66888e-08 0.089 0
199 3.66888e-08 0.0895 0
199 3.66888e-08 0.09 0
199 3.66888e-08 0.0905 0
199 3.66888e-08 0.091 0
199 3.66888e-08 0.0915 0
199 3.66888e-08 0.092 0
199 3.66888e-08 0.0925 0
199 3.66888e-08 0.093 0
199 3.66888e-08 0.0935 0
199 3.66888e-08 0.094 0
199 3.66888e-08 0.0945 0
224 4.12979e-08 0 0
224 4.12979e-08 0.0005 0
224 4.12979e-08 0.001 0
224 4.12979e-08 0.0015 0
224 4.12979e-08 0.002 0
224 4.12979e-08 0.0025 0
224 4.12979e-08 0.003 0
224 4.12979e-08 0.0035 0
224 4.12979e-08 0.004 0
224 4.12979e-08 0.0045 0
224 4.12979e-08 0.005 0
224 4.12979e-08 0.0055 0
224 4.12979e-08 0.006 0
224 4.12979e-08 0.0065 0
224 4.12979e-08 0.007 0
224 4.12979e-08 0.0075 0
224 4.12979e-08 0.008 0
224 4.12979e-08 0.0085 0
224 4.12979e-08 0.009 0
224 4.12979e-08 0.0095 0
224 4.12979e-08 0.01 -16237.5
224 4.12979e-08 0.0105 -44709.4
224 4.12979e-08 0.011 -33952.6
224 4.12979e-08 0.0115 -24453.4
224 4.12979e-08 0.012 -14676.8
224 4.12979e-08 0.0125 -5200.94
224 4.12979e-08 0.013 1819.17
224 4.12979e-08 0.0135 -566.722
224 4.12979e-08 0.014 -930.033
224 4.12979e-08 0.0145 1251.21
224 4.12979e-08 0.015 580.606
224 4.12979e-08 0.0155 -47.18
224 4.12979e-08 0.016 851.647
224 4.12979e-08 0.0165 1899.6
224 4.12979e-08 0.017 1799.75
224 4.12979e-08 0.0175 3160.6
224 4.12979e-08 0.018 -277.82
224 4.12979e-08 0.0185 185.228
224 4.12979e-08 0.019 296.305
224 4.12979e-08 0.0195 971.257
224 4.12979e-08 0.02 601.722
224 4.12979e-08 0.0205 759.752
224 4.12979e-08 0.021 818.508
224 4.12979e-08 0.0215 792.881
224 4.12979e-08 0.022 2077.26
224 4.12979e-08 0.0225 1313.32
224 4.12979e-08 0.023 1415.47
224 4.12979e-08 0.0235 2334.05
224 4.12979e-08 0.024 2784.34
224 4.12979e-08 0.0245 2245.86
224 4.12979e-08 0.025 4342.97
224 4.12979e-08 0.0255 3668.36
224 4.12979e-08 0.026 4055.77
224 4.12979e-08 0.0265 2629.34
224 4.12979e-08 0.027 2520.59
224 4.12979e-08 0.0275 3000.9
224 4.12979e-08 0.028 -110.807
224 4.12979e-08 0.0285 -869.307
224 4.12979e-08 0.029 545.325
224 4.12979e-08 0.0295 -1410.5
224 4.12979e-08 0.03 -116.39
224 4.12979e-08 0.0305 907.332
224 4.12979e-08 0.031 1354.35
224 4.12979e-08 0.0315 2262.54
224 4.12979e-08 0.032 2930.16
224 4.12979e-08 0.0325 3375.01
224 4.12979e-08 0.033 1884.71
224 4.12979e-08 0.0335 1397.69
224 4.12979e-08 0.034 -767.158
224 4.12979e-08 0.0345 721.621
224 4.12979e-08 0.035 -60.0276
224 4.12979e-08 0.0355 301.617
224 4.12979e-08 0.036 -134.066
224 4.12979e-08 0.0365 -987.611
224 4.12979e-08 0.037 -948.213
224 4.12979e-08 0.0375 -289.311
224 4.12979e-08 0.038 179.42
224 4.12979e-08 0.0385 1137.86
224 4.12979e-08 0.039 1958.99
224 4.12979e-08 0.0395 156.488
224 4.12979e-08 0.04 -398.471
224 4.12979e-08 0.0405 -1268.83
224 4.12979e-08 0.041 1035.76
224 4.12979e-08 0.0415 1983.47
224 4.12979e-08 0.042 474.201
224 4.12979e-08 0.0425 -838.989
224 4.12979e-08 0.043 384.787
224 4.12979e-08 0.0435 403.613
224 4.12979e-08 0.044 527.582
224 4.12979e-08 0.0445 105.483
224 4.12979e-08 0.045 5.09695
224 4.12979e-08 0.0455 4.96812
224 4.12979e-08 0.046 2432.4
224 4.12979e-08 0.0465 2431.2
224 4.12979e-08 0.047 854.994
224 4.12979e-08 0.0475 1491.07
224 4.12979e-08 0.048 1244.71
224 4.12979e-08 0.0485 423.35
224 4.12979e-08 0.049 862.467
224 4.12979e-08 0.0495 2202.49
224 4.12979e-08 0.05 2341.67
224 4.12979e-08 0.0505 729.974
224 4.12979e-08 0.051 924.448
224 4.12979e-08 0.0515 3333.45
224 4.12979e-08 0.052 2757.52
224 4.12979e-08 0.0525 4718.21
224 4.12979e-08 0.053 4147.34
224 4.12979e-08 0.0535 2932.64
224 4.12979e-08 0.054 1168.95
224 4.12979e-08 0.0545 1686.21
224 4.12979e-08 0.055 2644.81
224 4.12979e-08 0.0555 2120.06
224 4.12979e-08 0.056 -489.086
224 4.12979e-08 0.0565 -2291.65
224 4.12979e-08 0.057 -2547.11
224 4.12979e-08 0.0575 -1480.88
224 4.12979e-08 0.058 -2504.34
224 4.12979e-08 0.0585 -1664.47
224 4.12979e-08 0.059 -1753.24
224 4.12979e-08 0.0595 -2475.41
224 4.12979e-08 0.06 -1001.4
224 4.12979e-08 0.0605 -1036.53
224 4.12979e-08 0.061 -379.997
224 4.12979e-08 0.0615 -1407.66
224 4.12979e-08 0.062 -733.795
224 4.12979e-08 0.0625 -998.447
224 4.12979e-08 0.063 -1320.4
224 4.12979e-08 0.0635 -1517.44
224 4.12979e-08 0.064 507.158
224 4.12979e-08 0.0645 935.467
224 4.12979e-08 0.065 2473.22
224 4.12979e-08 0.0655 5107.31
224 4.12979e-08 0.066 5297.17
224 4.12979e-08 0.0665 5825.1
224 4.12979e-08 0.067 7702.18
224 4.12979e-08 0.0675 7148.03
224 4.12979e-08 0.068 7605.69
224 4.12979e-08 0.0685 7961.59
224 4.12979e-08 0.069 5743.58
224 4.12979e-08 0.0695 6284.06
224 4.12979e-08 0.07 4825.88
224 4.12979e-08 0.0705 2035.99
224 4.12979e-08 0.071 1666.46
224 4.12979e-08 0.0715 1403.09
224 4.12979e-08 0.072 1333.52
224 4.12979e-08 0.0725 2124.82
224 4.12979e-08 0.073 2058.07
224 4.12979e-08 0.0735 350.071
224 4.12979e-08 0.074 -886.378
224 4.12979e-08 0.0745 -1721.03
224 4.12979e-08 0.075 -3224.79
224 4.12979e-08 0.0755 -3233.58
224 4.12979e-08 0.076 -1518.88
224 4.12979e-08 0.0765 -2450.45
224 4.12979e-08 0.077 -631.351
224 4.12979e-08 0.0775 -1372.2
224 4.12979e-08 0.078 -478.226
224 4.12979e-08 0.0785 -476.374
224 4.12979e-08 0.079 722.8
224 4.12979e-08 0.0795 -867.16
224 4.12979e-08 0.08 -1992.38
224 4.12979e-08 0.0805 892.899
224 4.12979e-08 0.081 3180.24
224 4.12979e-08 0.0815 3791.13
224 4.12979e-08 0.082 3793.69
224 4.12979e-08 0.0825 5860.76
224 4.12979e-08 0.083 17350.8
224 4.12979e-08 0.0835 27265.4
224 4.12979e-08 0.084 39582.2
224 4.12979e-08 0.0845 52480.9
224 4.12979e-08 0.085 20279
224 4.12979e-08 0.0855 0
224 4.12979e-08 0.086 0
224 4.12979e-08 0.0865 0
224 4.12979e-08 0.087 0
224 4.12979e-08 0.0875 0
224 4.12979e-08 0.088 0
224 4.12979e-08 0.0885 0
224 4.12979e-08 0.089 0
224 4.12979e-08 0.0895 0
224 4.12979e-08 0.09 0
224 4.12979e-08 0.0905 0
224 4.12979e-08 0.091 0
224 4.12979e-08 0.0915 0
224 4.12979e-08 0.092 0
224 4.12979e-08 0.0925 0
224 4.12979e-08 0.093 0
224 4.12979e-08 0.0935 0
224 4.12979e-08 0.094 0
224 4.12979e-08 0.0945 0
249 4.59071e-08 0 0
249 4.59071e-08 0.0005 0
249 4.59071e-08 0.001 0
249 4.59071e-08 0.0015 0
249 4.59071e-08 0.002 0
249 4.59071e-08 0.0025 0
249 4.59071e-08 0.003 0
249 4.59071e-08 0.0035 0
249 4.59071e-08 0.004 0
249 4.59071e-08 0.0045 0
249 4.59071e-08 0.005 0
249 4.59071e-08 0.0055 0
249 4.59071e-08 0.006 0
249 4.59071e-08 0.0065 0
249 4.59071e-08 0.007 0
249 4.59071e-08 0.0075 0
249 4.59071e-08 0.008 0
249 4.59071e-08 0.0085 0
249 4.59071e-08 0.009 0
249 4.59071e-08 0.0095 0
249 4.59071e-08 0.01 27124.9
249 4.59071e-08 0.0105 -4806.47
249 4.59071e-08 0.011 -2251.11
249 4.59071e-08 0.0115 -2013.22
249 4.59071e-08 0.012 -899.455
249 4.59071e-08 0.0125 -226.716
249 4.59071e-08 0.013 -104.329
249 4.59071e-08 0.0135 -1261.96
249 4.59071e-08 0.014 -2568.21
249 4.59071e-08 0.0145 -1592.01
249 4.59071e-08 0.015 -1369.86
249 4.59071e-08 0.0155 -1429.86
249 4.59071e-08 0.016 -1318.83
249 4.59071e-08 0.0165 -1075.3
249 4.59071e-08 0.017 -1713.51
249 4.59071e-08 0.0175 278.618
249 4.59071e-08 0.018 439.38
249 4.59071e-08 0.0185 -1954.89
249 4.59071e-08 0.019 -1793.88
249 4.59071e-08 0.0195 -768.433
249 4.59071e-08 0.02 -2378.85
249 4.59071e-08 0.0205 -1597.82
249 4.59071e-08 0.021 -2484.03
249 4.59071e-08 0.0215 -2162.36
249 4.59071e-08 0.022 -2182.97
249 4.59071e-08 0.0225 -3411.96
249 4.59071e-08 0.023 -3091.25
249 4.59071e-08 0.0235 -4438.28
249 4.59071e-08 0.024 -5309.93
249 4.59071e-08 0.0245 -3694.7
249 4.59071e-08 0.025 -1904.92
249 4.59071e-08 0.0255 -2623.55
249 4.59071e-08 0.026 -1319.83
249 4.59071e-08 0.0265 -1991.27
249 4.59071e-08 0.027 -901.266
249 4.59071e-08 0.0275 487.036
249 4.59071e-08 0.028 -383.322
249 4.59071e-08 0.0285 -240.971
249 4.59071e-08 0.029 808.523
249 4.59071e-08 0.0295 -3378.58
249 4.59071e-08 0.03 -2143.95
249 4.59071e-08 0.0305 -2129.89
249 4.59071e-08 0.031 -1703.26
249 4.59071e-08 0.0315 -712.821
249 4.59071e-08 0.032 -796.169
249 4.59071e-08 0.0325 1064.73
249 4.59071e-08 0.033 1417.94
249 4.59071e-08 0.0335 1712.45
249 4.59071e-08 0.034 -622.967
249 4.59071e-08 0.0345 33.4844
249 4.59071e-08 0.035 -756.876
249 4.59071e-08 0.0355 -2014.07
249 4.59071e-08 0.036 -550.511
249 4.59071e-08 0.0365 360.515
249 4.59071e-08 0.037 -905.554
249 4.59071e-08 0.0375 -2030.52
249 4.59071e-08 0.038 -885.699
249 4.59071e-08 0.0385 823.09
249 4.59071e-08 0.039 -2126.69
249 4.59071e-08 0.0395 -1404.39
249 4.59071e-08 0.04 111.099
249 4.59071e-08 0.0405 -2310.97
249 4.59071e-08 0.041 -1641.18
249 4.59071e-08 0.0415 -679.884
249 4.59071e-08 0.042 -99.8271
249 4.59071e-08 0.0425 -221.69
249 4.59071e-08 0.043 212.681
249 4.59071e-08 0.0435 -2013.13
249 4.59071e-08 0.044 -1166.7
249 4.59071e-08 0.0445 -2454.82
249 4.59071e-08 0.045 -2550.5
249 4.59071e-08 0.0455 -3482.54
249 4.59071e-08 0.046 -4754.07
249 4.59071e-08 0.0465 -5365
249 4.59071e-08 0.047 -3803.73
249 4.59071e-08 0.0475 -2235.73
249 4.59071e-08 0.048 -1446.58
249 4.59071e-08 0.0485 -5159.16
249 4.59071e-08 0.049 -4661.86
249 4.59071e-08 0.0495 -1703.46
249 4.59071e-08 0.05 -1039.63
249 4.59071e-08 0.0505 -3319.57
249 4.59071e-08 0.051 -2201.24
249 4.59071e-08 0.0515 -988.575
249 4.59071e-08 0.052 -2209.51
249 4.59071e-08 0.0525 -2598.85
249 4.59071e-08 0.053 -1934.5
249 4.59071e-08 0.0535 -933.785
249 4.59071e-08 0.054 944.473
249 4.59071e-08 0.0545 2538.98
249 4.59071e-08 0.055 111.033
249 4.59071e-08 0.0555 408.286
249 4.59071e-08 0.056 1789.71
249 4.59071e-08 0.0565 2823.25
249 4.59071e-08 0.057 4047.41
249 4.59071e-08 0.0575 1357.45
249 4.59071e-08 0.058 188.834
249 4.59071e-08 0.0585 -2297.98
249 4.59071e-08 0.059 -2191.46
249 4.59071e-08 0.0595 -1580.34
249 4.59071e-08 0.06 -2361.12
249 4.59071e-08 0.0605 -2234.77
249 4.59071e-08 0.061 -1201.58
249 4.59071e-08 0.0615 -2560.36
249 4.59071e-08 0.062 -757.152
249 4.59071e-08 0.0625 -2380.35
249 4.59071e-08 0.063 -5069.77
249 4.59071e-08 0.0635 -3925.19
249 4.59071e-08 0.064 -4982.8
249 4.59071e-08 0.0645 -7913.42
249 4.59071e-08 0.065 -9169.96
249 4.59071e-08 0.0655 -6755.4
249 4.59071e-08 0.066 -6775.62
249 4.59071e-08 0.0665 -5546.28
249 4.59071e-08 0.067 -5431.66
249 4.59071e-08 0.0675 -5173.32
249 4.59071e-08 0.068 -4636.45
249 4.59071e-08 0.0685 -2907.5
249 4.59071e-08 0.069 -1969.19
249 4.59071e-08 0.0695 -124.359
249 4.59071e-08 0.07 322.717
249 4.59071e-08 0.0705 244.024
249 4.59071e-08 0.071 -967.245
249 4.59071e-08 0.0715 -1521.45
249 4.59071e-08 0.072 -206.322
249 4.59071e-08 0.0725 2102.22
249 4.59071e-08 0.073 2350.4
249 4.59071e-08 0.0735 1393.87
249 4.59071e-08 0.074 2690.43
249 4.59071e-08 0.0745 2797.98
249 4.59071e-08 0.075 2084.6
249 4.59071e-08 0.0755 3282.32
249 4.59071e-08 0.076 1554.08
249 4.59071e-08 0.0765 811.507
249 4.59071e-08 0.077 -24.7396
249 4.59071e-08 0.0775 -627.736
249 4.59071e-08 0.078 -1238.18
249 4.59071e-08 0.0785 -2736.87
249 4.59071e-08 0.079 -3863.5
249 4.59071e-08 0.0795 -2435.37
249 4.59071e-08 0.08 -2078.54
249 4.59071e-08 0.0805 3683.82
249 4.59071e-08 0.081 12739.7
249 4.59071e-08 0.0815 23456.9
249 4.59071e-08 0.082 32567.1
249 4.59071e-08 0.0825 44083.8
249 4.59071e-08 0.083 57666.6
249 4.59071e-08 0.0835 68133.5
249 4.59071e-08 0.084 80492.7
249 4.59071e-08 0.0845 93153.9
249 4.59071e-08 0.085 33905.1
249 4.59071e-08 0.0855 0
249 4.59071e-08 0.086 0
249 4.59071e-08 0.0865 0
249 4.59071e-08 0.087 0
249 4.59071e-08 0.0875 0
249 4.59071e-08 0.088 0
249 4.59071e-08 0.0885 0
249 4.59071e-08 0.089 0
249 4.59071e-08 0.0895 0
249 4.59071e-08 0.09 0
249 4.59071e-08 0.0905 0
249 4.59071e-08 0.091 0
249 4.59071e-08 0.0915 0
249 4.59071e-08 0.092 0
249 4.59071e-08 0.0925 0
249 4.59071e-08 0.093 0
249 4.59071e-08 0.0935 0
249 4.59071e-08 0.094 0
249 4.59071e-08 0.0945 0
274 5.05162e-08 0 0
274 5.05162e-08 0.0005 0
274 5.05162e-08 0.001 0
274 5.05162e-08 0.0015 0
274 5.05162e-08 0.002 0
274 5.05162e-08 0.0025 0
274 5.05162e-08 0.003 0
274 5.05162e-08 0.0035 0
274 5.05162e-08 0.004 0
274 5.05162e-08 0.0045 0
274 5.05162e-08 0.005 0
274 5.05162e-08 0.0055 0
274 5.05162e-08 0.006 0
274 5.05162e-08 0.0065 0
274 5.05162e-08 0.007 0
274 5.05162e-08 0.0075 0
274 5.05162e-08 0.008 0
274 5.05162e-08 0.0085 0
274 5.05162e-08 0.009 0
274 5.05162e-08 0.0095 0
274 5.05162e-08 0.01 -10307.8
274 5.05162e-08 0.0105 -41171.3
274 5.05162e-08 0.011 -30582.8
274 5.05162e-08 0.0115 -21161.5
274 5.05162e-08 0.012 -11493.4
274 5.05162e-08 0.0125 -2835.2
274 5.05162e-08 0.013 2202.52
274 5.05162e-08 0.0135 484.662
274 5.05162e-08 0.014 -456.08
274 5.05162e-08 0.0145 -792.392
274 5.05162e-08 0.015 196.998
274 5.05162e-08 0.0155 1513.95
274 5.05162e-08 0.016 1016.27
274 5.05162e-08 0.0165 533.247
274 5.05162e-08 0.017 -318.352
274 5.05162e-08 0.0175 -217.479
274 5.05162e-08 0.018 -1551.46
274 5.05162e-08 0.0185 402.324
274 5.05162e-08 0.019 350.082
274 5.05162e-08 0.0195 1777.24
274 5.05162e-08 0.02 -1037.15
274 5.05162e-08 0.0205 112.011
274 5.05162e-08 0.021 -189.571
274 5.05162e-08 0.0215 931.986
274 5.05162e-08 0.022 987.462
274 5.05162e-08 0.0225 949.545
274 5.05162e-08 0.023 2544.25
274 5.05162e-08 0.0235 2695.89
274 5.05162e-08 0.024 2134.01
274 5.05162e-08 0.0245 1835.56
274 5.05162e-08 0.025 2730.05
274 5.05162e-08 0.0255 3977.83
274 5.05162e-08 0.026 4495.34
274 5.05162e-08 0.0265 1355.32
274 5.05162e-08 0.027 2091.93
274 5.05162e-08 0.0275 1818.14
274 5.05162e-08 0.028 -97.6917
274 5.05162e-08 0.0285 773.376
274 5.05162e-08 0.029 -2090.47
274 5.05162e-08 0.0295 -2739.9
274 5.05162e-08 0.03 2066.49
274 5.05162e-08 0.0305 1149.41
274 5.05162e-08 0.031 653.274
274 5.05162e-08 0.0315 1977.08
274 5.05162e-08 0.032 1257.59
274 5.05162e-08 0.0325 1109.06
274 5.05162e-08 0.033 867.499
274 5.05162e-08 0.0335 661.45
274 5.05162e-08 0.034 -547.13
274 5.05162e-08 0.0345 -1649.7
274 5.05162e-08 0.035 -1292.09
274 5.05162e-08 0.0355 -1052.07
274 5.05162e-08 0.036 -604.304
274 5.05162e-08 0.0365 -2144.29
274 5.05162e-08 0.037 -1868.02
274 5.05162e-08 0.0375 672.521
274 5.05162e-08 0.038 -450.983
274 5.05162e-08 0.0385 -575.285
274 5.05162e-08 0.039 1128.83
274 5.05162e-08 0.0395 988.909
274 5.05162e-08 0.04 27.4943
274 5.05162e-08 0.0405 -599.268
274 5.05162e-08 0.041 1603.1
274 5.05162e-08 0.0415 1075.59
274 5.05162e-08 0.042 -2170.69
274 5.05162e-08 0.0425 -351.688
274 5.05162e-08 0.043 -35.6155
274 5.05162e-08 0.0435 86.8806
274 5.05162e-08 0.044 230.336
274 5.05162e-08 0.0445 -1022.98
274 5.05162e-08 0.045 1301.03
274 5.05162e-08 0.0455 871.572
274 5.05162e-08 0.046 1573.59
274 5.05162e-08 0.0465 2338.91
274 5.05162e-08 0.047 3684.07
274 5.05162e-08 0.0475 3993.26
274 5.05162e-08 0.048 3516.46
274 5.05162e-08 0.0485 3997.21
274 5.05162e-08 0.049 6894.66
274 5.05162e-08 0.0495 5986.55
274 5.05162e-08 0.05 3312.94
274 5.05162e-08 0.0505 3887.1
274 5.05162e-08 0.051 4700.84
274 5.05162e-08 0.0515 2572.24
274 5.05162e-08 0.052 -564.836
274 5.05162e-08 0.0525 986.463
274 5.05162e-08 0.053 466.585
274 5.05162e-08 0.0535 -1746.57
274 5.05162e-08 0.054 -770.628
274 5.05162e-08 0.0545 -571.694
274 5.05162e-08 0.055 -1732.18
274 5.05162e-08 0.0555 -466.634
274 5.05162e-08 0.056 -2159.56
274 5.05162e-08 0.0565 -2193.02
274 5.05162e-08 0.057 -3359.93
274 5.05162e-08 0.0575 -3331.56
274 5.05162e-08 0.058 -2829
274 5.05162e-08 0.0585 -1441.41
274 5.05162e-08 0.059 78.3629
274 5.05162e-08 0.0595 485.6
274 5.05162e-08 0.06 1723.94
274 5.05162e-08 0.0605 2830.22
274 5.05162e-08 0.061 1167.91
274 5.05162e-08 0.0615 799.137
274 5.05162e-08 0.062 3834.31
274 5.05162e-08 0.0625 2865.45
274 5.05162e-08 0.063 2632.54
274 5.05162e-08 0.0635 4347.83
274 5.05162e-08 0.064 4585.85
274 5.05162e-08 0.0645 5188.06
274 5.05162e-08 0.065 5108.08
274 5.05162e-08 0.0655 4717.06
274 5.05162e-08 0.066 4886.3
274 5.05162e-08 0.0665 4693.58
274 5.05162e-08 0.067 7321.08
274 5.05162e-08 0.0675 5114.93
274 5.05162e-08 0.068 3385.67
274 5.05162e-08 0.0685 5063.11
274 5.05162e-08 0.069 5261.44
274 5.05162e-08 0.0695 5064.41
274 5.05162e-08 0.07 4360.48
274 5.05162e-08 0.0705 3708.38
274 5.05162e-08 0.071 356.34
274 5.05162e-08 0.0715 -2464.61
274 5.05162e-08 0.072 -1938.46
274 5.05162e-08 0.0725 -2179.93
274 5.05162e-08 0.073 -3572.71
274 5.05162e-08 0.0735 -3124.85
274 5.05162e-08 0.074 -2399.23
274 5.05162e-08 0.0745 -2859.54
274 5.05162e-08 0.075 -3383.7
274 5.05162e-08 0.0755 -675.846
274 5.05162e-08 0.076 -945.885
274 5.05162e-08 0.0765 -1639.68
274 5.05162e-08 0.077 -2184.58
274 5.05162e-08 0.0775 -2759.65
274 5.05162e-08 0.078 -2461.61
274 5.05162e-08 0.0785 504.455
274 5.05162e-08 0.079 -9.84721
274 5.05162e-08 0.0795 309.781
274 5.05162e-08 0.08 1913.15
274 5.05162e-08 0.0805 2593.18
274 5.05162e-08 0.081 1467.56
274 5.05162e-08 0.0815 1264.17
274 5.05162e-08 0.082 2674.87
274 5.05162e-08 0.0825 9665.65
274 5.05162e-08 0.083 22166.2
274 5.05162e-08 0.0835 32403.9
274 5.05162e-08 0.084 44637.4
274 5.05162e-08 0.0845 57035.5
274 5.05162e-08 0.085 21971.9
274 5.05162e-08 0.0855 0
274 5.05162e-08 0.086 0
274 5.05162e-08 0.0865 0
274 5.05162e-08 0.087 0
274 5.05162e-08 0.0875 0
274 5.05162e-08 0.088 0
274 5.05162e-08 0.0885 0
274 5.05162e-08 0.089 0
274 5.05162e-08 0.0895 0
274 5.05162e-08 0.09 0
274 5.05162e-08 0.0905 0
274 5.05162e-08 0.091 0
274 5.05162e-08 0.0915 0
274 5.05162e-08 0.092 0
274 5.05162e-08 0.0925 0
274 5.05162e-08 0.093 0
274 5.05162e-08 0.0935 0
274 5.05162e-08 0.094 0
274 5.05162e-08 0.0945 0
299 5.51254e-08 0 0
299 5.51254e-08 0.0005 0
299 5.51254e-08 0.001 0
299 5.51254e-08 0.0015 0
299 5.51254e-08 0.002 0
299 5.51254e-08 0.0025 0
299 5.51254e-08 0.003 0
299 5.51254e-08 0.0035 0
299 5.51254e-08 0.004 0
299 5.51254e-08 0.0045 0
299 5.51254e-08 0.005 0
299 5.51254e-08 0.0055 0
299 5.51254e-08 0.006 0
299 5.51254e-08 0.0065 0
299 5.51254e-08 0.007 0
299 5.51254e-08 0.0075 0
299 5.51254e-08 0.008 0
299 5.51254e-08 0.0085 0
299 5.51254e-08 0.009 0
299 5.51254e-08 0.0095 0
299 5.51254e-08 0.01 -30560.5
299 5.51254e-08 0.0105 -36776.4
299 5.51254e-08 0.011 -26415.8
299 5.51254e-08 0.0115 -16836.4
299 5.51254e-08 0.012 -7469.24
299 5.51254e-08 0.0125 -308.31
299 5.51254e-08 0.013 707.625
299 5.51254e-08 0.0135 1816.51
299 5.51254e-08 0.014 168.249
299 5.51254e-08 0.0145 -0.0953459
299 5.51254e-08 0.015 -579.294
299 5.51254e-08 0.0155 -514.477
299 5.51254e-08 0.016 -208.181
299 5.51254e-08 0.0165 144.379
299 5.51254e-08 0.017 1061.69
299 5.51254e-08 0.0175 1049.67
299 5.51254e-08 0.018 -205.315
299 5.51254e-08 0.0185 619.827
299 5.51254e-08 0.019 1561.17
299 5.51254e-08 0.0195 512.037
299 5.51254e-08 0.02 486.284
299 5.51254e-08 0.0205 503.151
299 5.51254e-08 0.021 -1005.79
299 5.51254e-08 0.0215 -277.278
299 5.51254e-08 0.022 140.038
299 5.51254e-08 0.0225 12.9195
299 5.51254e-08 0.023 -816.213
299 5.51254e-08 0.0235 -2686.94
299 5.51254e-08 0.024 -1240.1
299 5.51254e-08 0.0245 -2240.52
299 5.51254e-08 0.025 -2030.79
299 5.51254e-08 0.0255 -2783.12
299 5.51254e-08 0.026 -1825.33
299 5.51254e-08 0.0265 -1744.08
299 5.51254e-08 0.027 -647.391
299 5.51254e-08 0.0275 -733.822
299 5.51254e-08 0.028 -750.931
299 5.51254e-08 0.0285 -80.5658
299 5.51254e-08 0.029 1564.34
299 5.51254e-08 0.0295 465.998
299 5.51254e-08 0.03 423.812
299 5.51254e-08 0.0305 1457.44
299 5.51254e-08 0.031 1171.67
299 5.51254e-08 0.0315 -184.552
299 5.51254e-08 0.032 -693.911
299 5.51254e-08 0.0325 459.129
299 5.51254e-08 0.033 -1017.19
299 5.51254e-08 0.0335 -425.608
299 5.51254e-08 0.034 1367.66
299 5.51254e-08 0.0345 1143.23
299 5.51254e-08 0.035 1178.22
299 5.51254e-08 0.0355 2610.04
299 5.51254e-08 0.036 2699.33
299 5.51254e-08 0.0365 3094.15
299 5.51254e-08 0.037 1660.9
299 5.51254e-08 0.0375 751.967
299 5.51254e-08 0.038 -1222.9
299 5.51254e-08 0.0385 -177.906
299 5.51254e-08 0.039 -723.643
299 5.51254e-08 0.0395 -848.839
299 5.51254e-08 0.04 271.699
299 5.51254e-08 0.0405 -265.929
299 5.51254e-08 0.041 2071.09
299 5.51254e-08 0.0415 3049.83
299 5.51254e-08 0.042 1794.86
299 5.51254e-08 0.0425 2820.96
299 5.51254e-08 0.043 1551
299 5.51254e-08 0.0435 -1585.33
299 5.51254e-08 0.044 -663.337
299 5.51254e-08 0.0445 -1608.44
299 5.51254e-08 0.045 -2339.03
299 5.51254e-08 0.0455 -1908.9
299 5.51254e-08 0.046 -4435.54
299 5.51254e-08 0.0465 -2936.73
299 5.51254e-08 0.047 -4192.45
299 5.51254e-08 0.0475 -3083.58
299 5.51254e-08 0.048 -3804.67
299 5.51254e-08 0.0485 -4165.95
299 5.51254e-08 0.049 -3387.33
299 5.51254e-08 0.0495 -4554.22
299 5.51254e-08 0.05 -3113.86
299 5.51254e-08 0.0505 -3916.07
299 5.51254e-08 0.051 -2103.84
299 5.51254e-08 0.0515 -1379.98
299 5.51254e-08 0.052 -1275.13
299 5.51254e-08 0.0525 41.1791
299 5.51254e-08 0.053 1947.24
299 5.51254e-08 0.0535 1088.34
299 5.51254e-08 0.054 450.387
299 5.51254e-08 0.0545 1897.98
299 5.51254e-08 0.055 2432.88
299 5.51254e-08 0.0555 2575.12
299 5.51254e-08 0.056 3324.31
299 5.51254e-08 0.0565 2090.16
299 5.51254e-08 0.057 666.227
299 5.51254e-08 0.0575 1067.46
299 5.51254e-08 0.058 806.78
299 5.51254e-08 0.0585 897.959
299 5.51254e-08 0.059 -14.7692
299 5.51254e-08 0.0595 81.802
299 5.51254e-08 0.06 -1484.67
299 5.51254e-08 0.0605 -1161.97
299 5.51254e-08 0.061 -1487.42
299 5.51254e-08 0.0615 -3735.46
299 5.51254e-08 0.062 -1387.19
299 5.51254e-08 0.0625 -4760.62
299 5.51254e-08 0.063 -5024.64
299 5.51254e-08 0.0635 -5220.73
299 5.51254e-08 0.064 -4857.04
299 5.51254e-08 0.0645 -4651.71
299 5.51254e-08 0.065 -3965.03
299 5.51254e-08 0.0655 -4746.08
299 5.51254e-08 0.066 -3681.86
299 5.51254e-08 0.0665 -6050.76
299 5.51254e-08 0.067 -4808.73
299 5.51254e-08 0.0675 -4839.5
299 5.51254e-08 0.068 -5336.64
299 5.51254e-08 0.0685 -4887.51
299 5.51254e-08 0.069 -3661.02
299 5.51254e-08 0.0695 -1157.48
299 5.51254e-08 0.07 -1970.52
299 5.51254e-08 0.0705 151.827
299 5.51254e-08 0.071 1362.24
299 5.51254e-08 0.0715 998.997
299 5.51254e-08 0.072 3069.2
299 5.51254e-08 0.0725 5166.01
299 5.51254e-08 0.073 3689.18
299 5.51254e-08 0.0735 2604.38
299 5.51254e-08 0.074 3547.87
299 5.51254e-08 0.0745 4665.3
299 5.51254e-08 0.075 3596.38
299 5.51254e-08 0.0755 1796.4
299 5.51254e-08 0.076 1777.25
299 5.51254e-08 0.0765 1430.66
299 5.51254e-08 0.077 1806.26
299 5.51254e-08 0.0775 1319.78
299 5.51254e-08 0.078 1181.48
299 5.51254e-08 0.0785 2242.3
299 5.51254e-08 0.079 1839.68
299 5.51254e-08 0.0795 2546.87
299 5.51254e-08 0.08 525.231
299 5.51254e-08 0.0805 -426.216
299 5.51254e-08 0.081 -1510.32
299 5.51254e-08 0.0815 22.9144
299 5.51254e-08 0.082 1710.57
299 5.51254e-08 0.0825 11719.3
299 5.51254e-08 0.083 25134.3
299 5.51254e-08 0.0835 35493.9
299 5.51254e-08 0.084 47541.9
299 5.51254e-08 0.0845 59724.2
299 5.51254e-08 0.085 22963.7
299 5.51254e-08 0.0855 0
299 5.51254e-08 0.086 0
299 5.51254e-08 0.0865 0
299 5.51254e-08 0.087 0
299 5.51254e-08 0.0875 0
299 5.51254e-08 0.088 0
299 5.51254e-08 0.0885 0
299 5.51254e-08 0.089 0
299 5.51254e-08 0.0895 0
299 5.51254e-08 0.09 0
299 5.51254e-08 0.0905 0
299 5.51254e-08 0.091 0
299 5.51254e-08 0.0915 0
299 5.51254e-08 0.092 0
299 5.51254e-08 0.0925 0
299 5.51254e-08 0.093 0
299 5.51254e-08 0.0935 0
299 5.51254e-08 0.094 0
299 5.51254e-08 0.0945 0
324 5.97345e-08 0 0
324 5.97345e-08 0.0005 0
324 5.97345e-08 0.001 0
324 5.97345e-08 0.0015 0
324 5.97345e-08 0.002 0
324 5.97345e-08 0.0025 0
324 5.97345e-08 0.003 0
324 5.97345e-08 0.0035 0
324 5.97345e-08 0.004 0
324 5.97345e-08 0.0045 0
324 5.97345e-08 0.005 0
324 5.97345e-08 0.0055 0
324 5.97345e-08 0.006 0
324 5.97345e-08 0.0065 0
324 5.97345e-08 0.007 0
324 5.97345e-08 0.0075 0
324 5.97345e-08 0.008 0
324 5.97345e-08 0.0085 0
324 5.97345e-08 0.009 0
324 5.97345e-08 0.0095 0
324 5.97345e-08 0.01 -65469.3
324 5.97345e-08 0.0105 -50652.7
324 5.97345e-08 0.011 -40408
324 5.97345e-08 0.0115 -30692.8
324 5.97345e-08 0.012 -21331.3
324 5.97345e-08 0.0125 -12169.7
324 5.97345e-08 0.013 -3202
324 5.97345e-08 0.0135 -1586.37
324 5.97345e-08 0.014 -1260.91
324 5.97345e-08 0.0145 -1679.83
324 5.97345e-08 0.015 -2433.29
324 5.97345e-08 0.0155 -57.9193
324 5.97345e-08 0.016 71.2477
324 5.97345e-08 0.0165 -558.75
324 5.97345e-08 0.017 -213.688
324 5.97345e-08 0.0175 -1451.62
324 5.97345e-08 0.018 -2130.69
324 5.97345e-08 0.0185 -1048.54
324 5.97345e-08 0.019 -2752.75
324 5.97345e-08 0.0195 -1960.84
324 5.97345e-08 0.02 -2299.36
324 5.97345e-08 0.0205 -1259.87
324 5.97345e-08 0.021 668.551
324 5.97345e-08 0.0215 660.698
324 5.97345e-08 0.022 -1132.78
324 5.97345e-08 0.0225 -237.135
324 5.97345e-08 0.023 564.117
324 5.97345e-08 0.0235 1245.31
324 5.97345e-08 0.024 1621.53
324 5.97345e-08 0.0245 -575.924
324 5.97345e-08 0.025 1319.15
324 5.97345e-08 0.0255 1489.66
324 5.97345e-08 0.026 958.292
324 5.97345e-08 0.0265 1140.11
324 5.97345e-08 0.027 1153.62
324 5.97345e-08 0.0275 -892.603
324 5.97345e-08 0.028 -1129.58
324 5.97345e-08 0.0285 -595.201
324 5.97345e-08 0.029 -226.676
324 5.97345e-08 0.0295 -2212.33
324 5.97345e-08 0.03 -918.289
324 5.97345e-08 0.0305 -1389.77
324 5.97345e-08 0.031 -1750.41
324 5.97345e-08 0.0315 -1081.43
324 5.97345e-08 0.032 -1979.86
324 5.97345e-08 0.0325 -1149.97
324 5.97345e-08 0.033 -2047.54
324 5.97345e-08 0.0335 -217.097
324 5.97345e-08 0.034 -1353.4
324 5.97345e-08 0.0345 -902.362
324 5.97345e-08 0.035 -1744.56
324 5.97345e-08 0.0355 -1704.42
324 5.97345e-08 0.036 -1013.48
324 5.97345e-08 0.0365 -1842.45
324 5.97345e-08 0.037 -2690.13
324 5.97345e-08 0.0375 -1343.56
324 5.97345e-08 0.038 -1282.65
324 5.97345e-08 0.0385 -1887.18
324 5.97345e-08 0.039 -1430.96
324 5.97345e-08 0.0395 -830.139
324 5.97345e-08 0.04 -2080.08
324 5.97345e-08 0.0405 -2899.4
324 5.97345e-08 0.041 -842.116
324 5.97345e-08 0.0415 -2069.01
324 5.97345e-08 0.042 -2505.24
324 5.97345e-08 0.0425 -2562.61
324 5.97345e-08 0.043 -563.758
324 5.97345e-08 0.0435 -729.955
324 5.97345e-08 0.044 -364.728
324 5.97345e-08 0.0445 -869.756
324 5.97345e-08 0.045 1180.82
324 5.97345e-08 0.0455 561.33
324 5.97345e-08 0.046 1878.67
324 5.97345e-08 0.0465 3824.65
324 5.97345e-08 0.047 2497.57
324 5.97345e-08 0.0475 923.189
324 5.97345e-08 0.048 1746.35
324 5.97345e-08 0.0485 3535.5
324 5.97345e-08 0.049 4238.35
324 5.97345e-08 0.0495 2325.57
324 5.97345e-08 0.05 1273.73
324 5.97345e-08 0.0505 2599.1
324 5.97345e-08 0.051 4502.88
324 5.97345e-08 0.0515 2863.41
324 5.97345e-08 0.052 1421.28
324 5.97345e-08 0.0525 2247.49
324 5.97345e-08 0.053 671.287
324 5.97345e-08 0.0535 -683.331
324 5.97345e-08 0.054 -2300.12
324 5.97345e-08 0.0545 -3453.96
324 5.97345e-08 0.055 -1818.18
324 5.97345e-08 0.0555 -2702.86
324 5.97345e-08 0.056 -3561.01
324 5.97345e-08 0.0565 -4455.36
324 5.97345e-08 0.057 -1354.18
324 5.97345e-08 0.0575 -1342.37
324 5.97345e-08 0.058 -1282.52
324 5.97345e-08 0.0585 -722.657
324 5.97345e-08 0.059 -489.703
324 5.97345e-08 0.0595 -608.446
324 5.97345e-08 0.06 1380.75
324 5.97345e-08 0.0605 2567.46
324 5.97345e-08 0.061 768.695
324 5.97345e-08 0.0615 1355.4
324 5.97345e-08 0.062 3154.83
324 5.97345e-08 0.0625 906.493
324 5.97345e-08 0.063 2260.12
324 5.97345e-08 0.0635 3592.28
324 5.97345e-08 0.064 2300.46
324 5.97345e-08 0.0645 3591.66
324 5.97345e-08 0.065 4243.08
324 5.97345e-08 0.0655 3685.86
324 5.97345e-08 0.066 1865.39
324 5.97345e-08 0.0665 3225.83
324 5.97345e-08 0.067 5512.53
324 5.97345e-08 0.0675 2729.74
324 5.97345e-08 0.068 4124.49
324 5.97345e-08 0.0685 4570.11
324 5.97345e-08 0.069 4122.82
324 5.97345e-08 0.0695 4157.28
324 5.97345e-08 0.07 1799
324 5.97345e-08 0.0705 1973.94
324 5.97345e-08 0.071 -1169.51
324 5.97345e-08 0.0715 -3683.41
324 5.97345e-08 0.072 -2428.36
324 5.97345e-08 0.0725 -2366.87
324 5.97345e-08 0.073 -5520.25
324 5.97345e-08 0.0735 -5356.86
324 5.97345e-08 0.074 -4317.04
324 5.97345e-08 0.0745 -4038.05
324 5.97345e-08 0.075 -2790.45
324 5.97345e-08 0.0755 -1946.87
324 5.97345e-08 0.076 -1197.15
324 5.97345e-08 0.0765 -1682.92
324 5.97345e-08 0.077 -2479.17
324 5.97345e-08 0.0775 -1964.29
324 5.97345e-08 0.078 -2727.82
324 5.97345e-08 0.0785 -3816.03
324 5.97345e-08 0.079 -3379.03
324 5.97345e-08 0.0795 -2271.68
324 5.97345e-08 0.08 -2132.35
324 5.97345e-08 0.0805 -1703.81
324 5.97345e-08 0.081 -1000.76
324 5.97345e-08 0.0815 328.187
324 5.97345e-08 0.082 -138.943
324 5.97345e-08 0.0825 2669.05
324 5.97345e-08 0.083 10995.5
324 5.97345e-08 0.0835 20432.2
324 5.97345e-08 0.084 32226
324 5.97345e-08 0.0845 44224.8
324 5.97345e-08 0.085 17806.2
324 5.97345e-08 0.0855 0
324 5.97345e-08 0.086 0
324 5.97345e-08 0.0865 0
324 5.97345e-08 0.087 0
324 5.97345e-08 0.0875 0
324 5.97345e-08 0.088 0
324 5.97345e-08 0.0885 0
324 5.97345e-08 0.089 0
324 5.97345e-08 0.0895 0
324 5.97345e-08 0.09 0
324 5.97345e-08 0.0905 0
324 5.97345e-08 0.091 0
324 5.97345e-08 0.0915 0
324 5.97345e-08 0.092 0
324 5.97345e-08 0.0925 0
324 5.97345e-08 0.093 0
324 5.97345e-08 0.0935 0
324 5.97345e-08 0.094 0
324 5.97345e-08 0.0945 0
349 6.43437e-08 0 0
349 6.43437e-08 0.0005 0
349 6.43437e-08 0.001 0
349 6.43437e-08 0.0015 0
349 6.43437e-08 0.002 0
349 6.43437e-08 0.0025 0
349 6.43437e-08 0.003 0
349 6.43437e-08 0.0035 0
349 6.43437e-08 0.004 0
349 6.43437e-08 0.0045 0
349 6.43437e-08 0.005 0
349 6.43437e-08 0.0055 0
349 6.43437e-08 0.006 0
349 6.43437e-08 0.0065 0
349 6.43437e-08 0.007 0
349 6.43437e-08 0.0075 0
349 6.43437e-08 0.008 0
349 6.43437e-08 0.0085 0
349 6.43437e-08 0.009 0
349 6.43437e-08 0.0095 0
349 6.43437e-08 0.01 -93432.1
349 6.43437e-08 0.0105 -74095.9
349 6.43437e-08 0.011 -64130.7
349 6.43437e-08 0.0115 -54377
349 6.43437e-08 0.012 -44885.6
349 6.43437e-08 0.0125 -35030.7
349 6.43437e-08 0.013 -23667.3
349 6.43437e-08 0.0135 -12256
349 6.43437e-08 0.014 -1670.59
349 6.43437e-08 0.0145 3865.83
349 6.43437e-08 0.015 2837.07
349 6.43437e-08 0.0155 4505.4
349 6.43437e-08 0.016 1583.56
349 6.43437e-08 0.0165 1186.52
349 6.43437e-08 0.017 2206.07
349 6.43437e-08 0.0175 1736.09
349 6.43437e-08 0.018 435.518
349 6.43437e-08 0.0185 3771.66
349 6.43437e-08 0.019 3106.84
349 6.43437e-08 0.0195 2678.32
349 6.43437e-08 0.02 2195.48
349 6.43437e-08 0.0205 2802.25
349 6.43437e-08 0.021 1361.52
349 6.43437e-08 0.0215 -191.905
349 6.43437e-08 0.022 1275.9
349 6.43437e-08 0.0225 580.957
349 6.43437e-08 0.023 186.728
349 6.43437e-08 0.0235 958.579
349 6.43437e-08 0.024 1097
349 6.43437e-08 0.0245 633.613
349 6.43437e-08 0.025 1051.26
349 6.43437e-08 0.0255 843.968
349 6.43437e-08 0.026 794.67
349 6.43437e-08 0.0265 915.875
349 6.43437e-08 0.027 930.779
349 6.43437e-08 0.0275 1029.43
349 6.43437e-08 0.028 414.87
349 6.43437e-08 0.0285 960.384
349 6.43437e-08 0.029 2007.22
349 6.43437e-08 0.0295 -105.616
349 6.43437e-08 0.03 386.355
349 6.43437e-08 0.0305 293.734
349 6.43437e-08 0.031 140.912
349 6.43437e-08 0.0315 2391.78
349 6.43437e-08 0.032 1280.4
349 6.43437e-08 0.0325 3857.72
349 6.43437e-08 0.033 2727.83
349 6.43437e-08 0.0335 4439.65
349 6.43437e-08 0.034 4909.26
349 6.43437e-08 0.0345 4060.74
349 6.43437e-08 0.035 2232.72
349 6.43437e-08 0.0355 1179.93
349 6.43437e-08 0.036 1265.24
349 6.43437e-08 0.0365 1154.25
349 6.43437e-08 0.037 2779.85
349 6.43437e-08 0.0375 2981.14
349 6.43437e-08 0.038 2795.28
349 6.43437e-08 0.0385 2127.08
349 6.43437e-08 0.039 2147.83
349 6.43437e-08 0.0395 2052.04
349 6.43437e-08 0.04 1571.33
349 6.43437e-08 0.0405 1516.8
349 6.43437e-08 0.041 2702.51
349 6.43437e-08 0.0415 2594.2
349 6.43437e-08 0.042 3258.37
349 6.43437e-08 0.0425 4317.02
349 6.43437e-08 0.043 2420.2
349 6.43437e-08 0.0435 3430.67
349 6.43437e-08 0.044 4117.69
349 6.43437e-08 0.0445 2218.82
349 6.43437e-08 0.045 280.902
349 6.43437e-08 0.0455 141.34
349 6.43437e-08 0.046 -550.053
349 6.43437e-08 0.0465 -1545.87
349 6.43437e-08 0.047 -57.4917
349 6.43437e-08 0.0475 401.428
349 6.43437e-08 0.048 540.835
349 6.43437e-08 0.0485 -515.329
349 6.43437e-08 0.049 -883.788
349 6.43437e-08 0.0495 -1452.79
349 6.43437e-08 0.05 -3084.64
349 6.43437e-08 0.0505 -3476.28
349 6.43437e-08 0.051 -2402.93
349 6.43437e-08 0.0515 -2911.07
349 6.43437e-08 0.052 -3633.15
349 6.43437e-08 0.0525 -2965.16
349 6.43437e-08 0.053 -2980.04
349 6.43437e-08 0.0535 -1213.5
349 6.43437e-08 0.054 -321.554
349 6.43437e-08 0.0545 666.042
349 6.43437e-08 0.055 1264.9
349 6.43437e-08 0.0555 2913.87
349 6.43437e-08 0.056 2876.43
349 6.43437e-08 0.0565 4035.56
349 6.43437e-08 0.057 4749.89
349 6.43437e-08 0.0575 4862.62
349 6.43437e-08 0.058 2630.93
349 6.43437e-08 0.0585 1544.1
349 6.43437e-08 0.059 2328.35
349 6.43437e-08 0.0595 -152.571
349 6.43437e-08 0.06 -454.255
349 6.43437e-08 0.0605 -1263.49
349 6.43437e-08 0.061 -1362.92
349 6.43437e-08 0.0615 -1740.29
349 6.43437e-08 0.062 210.634
349 6.43437e-08 0.0625 -1262.58
349 6.43437e-08 0.063 -913.132
349 6.43437e-08 0.0635 -236.357
349 6.43437e-08 0.064 -746.212
349 6.43437e-08 0.0645 -256.357
349 6.43437e-08 0.065 -1231.8
349 6.43437e-08 0.0655 -853.147
349 6.43437e-08 0.066 -1565.31
349 6.43437e-08 0.0665 -4247.81
349 6.43437e-08 0.067 -2679.86
349 6.43437e-08 0.0675 -2649.02
349 6.43437e-08 0.068 -3954.07
349 6.43437e-08 0.0685 -5083.32
349 6.43437e-08 0.069 -4973.9
349 6.43437e-08 0.0695 -3071.05
349 6.43437e-08 0.07 -1443.74
349 6.43437e-08 0.0705 -814.683
349 6.43437e-08 0.071 414.406
349 6.43437e-08 0.0715 897.629
349 6.43437e-08 0.072 2158.4
349 6.43437e-08 0.0725 3504.85
349 6.43437e-08 0.073 3420.88
349 6.43437e-08 0.0735 3700.25
349 6.43437e-08 0.074 3431.53
349 6.43437e-08 0.0745 5013.01
349 6.43437e-08 0.075 3430.27
349 6.43437e-08 0.0755 3395.49
349 6.43437e-08 0.076 4035.08
349 6.43437e-08 0.0765 2540.87
349 6.43437e-08 0.077 4231
349 6.43437e-08 0.0775 3765.99
349 6.43437e-08 0.078 3073.11
349 6.43437e-08 0.0785 2539.37
349 6.43437e-08 0.079 2550.34
349 6.43437e-08 0.0795 3193.61
349 6.43437e-08 0.08 3896.97
349 6.43437e-08 0.0805 5315.7
349 6.43437e-08 0.081 3447.71
349 6.43437e-08 0.0815 1768.37
349 6.43437e-08 0.082 601.015
349 6.43437e-08 0.0825 772.959
349 6.43437e-08 0.083 571.446
349 6.43437e-08 0.0835 1422.99
349 6.43437e-08 0.084 8087.27
349 6.43437e-08 0.0845 19245.4
349 6.43437e-08 0.085 9521.36
349 6.43437e-08 0.0855 0
349 6.43437e-08 0.086 0
349 6.43437e-08 0.0865 0
349 6.43437e-08 0.087 0
349 6.43437e-08 0.0875 0
349 6.43437e-08 0.088 0
349 6.43437e-08 0.0885 0
349 6.43437e-08 0.089 0
349 6.43437e-08 0.0895 0
349 6.43437e-08 0.09 0
349 6.43437e-08 0.0905 0
349 6.43437e-08 0.091 0
349 6.43437e-08 0.0915 0
349 6.43437e-08 0.092 0
349 6.43437e-08 0.0925 0
349 6.43437e-08 0.093 0
349 6.43437e-08 0.0935 0
349 6.43437e-08 0.094 0
349 6.43437e-08 0.0945 0
374 6.89528e-08 0 0
374 6.89528e-08 0.0005 0
374 6.89528e-08 0.001 0
374 6.89528e-08 0.0015 0
374 6.89528e-08 0.002 0
374 6.89528e-08 0.0025 0
374 6.89528e-08 0.003 0
374 6.89528e-08 0.0035 0
374 6.89528e-08 0.004 0
374 6.89528e-08 0.0045 0
374 6.89528e-08 0.005 0
374 6.89528e-08 0.0055 0
374 6.89528e-08 0.006 0
374 6.89528e-08 0.0065 0
374 6.89528e-08 0.007 0
374 6.89528e-08 0.0075 0
374 6.89528e-08 0.008 0
374 6.89528e-08 0.0085 0
374 6.89528e-08 0.009 0
374 6.89528e-08 0.0095 0
374 6.89528e-08 0.01 -57117.6
374 6.89528e-08 0.0105 -39377.9
374 6.89528e-08 0.011 -29871.5
374 6.89528e-08 0.0115 -20283
374 6.89528e-08 0.012 -11459.4
374 6.89528e-08 0.0125 -4619.62
374 6.89528e-08 0.013 -3036.92
374 6.89528e-08 0.0135 -2426.32
374 6.89528e-08 0.014 -3333.1
374 6.89528e-08 0.0145 -1794.56
374 6.89528e-08 0.015 -3548.33
374 6.89528e-08 0.0155 -3278.39
374 6.89528e-08 0.016 -2947.72
374 6.89528e-08 0.0165 -297.787
374 6.89528e-08 0.017 -1221.48
374 6.89528e-08 0.0175 -2456.23
374 6.89528e-08 0.018 -791.214
374 6.89528e-08 0.0185 -930.19
374 6.89528e-08 0.019 -2418.12
374 6.89528e-08 0.0195 -1887.62
374 6.89528e-08 0.02 -83.3844
374 6.89528e-08 0.0205 -633.635
374 6.89528e-08 0.021 -1114.66
374 6.89528e-08 0.0215 -773.78
374 6.89528e-08 0.022 -63.2734
374 6.89528e-08 0.0225 -1070.3
374 6.89528e-08 0.023 -105.647
374 6.89528e-08 0.0235 -1478.24
374 6.89528e-08 0.024 -1168.36
374 6.89528e-08 0.0245 205.811
374 6.89528e-08 0.025 -749.782
374 6.89528e-08 0.0255 -2601.18
374 6.89528e-08 0.026 -1559.64
374 6.89528e-08 0.0265 -2097.12
374 6.89528e-08 0.027 -1024.92
374 6.89528e-08 0.0275 625.896
374 6.89528e-08 0.028 -2183.72
374 6.89528e-08 0.0285 -223.614
374 6.89528e-08 0.029 1244.8
374 6.89528e-08 0.0295 -1441.79
374 6.89528e-08 0.03 -2823.4
374 6.89528e-08 0.0305 -2463.24
374 6.89528e-08 0.031 -2602.08
374 6.89528e-08 0.0315 -2277.56
374 6.89528e-08 0.032 -2861.97
374 6.89528e-08 0.0325 -2264.12
374 6.89528e-08 0.033 -2755.05
374 6.89528e-08 0.0335 -3005.98
374 6.89528e-08 0.034 -3490.77
374 6.89528e-08 0.0345 -2634.19
374 6.89528e-08 0.035 -2667.16
374 6.89528e-08 0.0355 -2194.35
374 6.89528e-08 0.036 -828.628
374 6.89528e-08 0.0365 -2519.16
374 6.89528e-08 0.037 -2575.66
374 6.89528e-08 0.0375 -2440.95
374 6.89528e-08 0.038 -1423.93
374 6.89528e-08 0.0385 -2403.34
374 6.89528e-08 0.039 -3176.42
374 6.89528e-08 0.0395 -2971.93
374 6.89528e-08 0.04 -3284.75
374 6.89528e-08 0.0405 -3096.72
374 6.89528e-08 0.041 -3174.87
374 6.89528e-08 0.0415 -2361.18
374 6.89528e-08 0.042 -2477.08
374 6.89528e-08 0.0425 -1642.86
374 6.89528e-08 0.043 -450.117
374 6.89528e-08 0.0435 -36.8611
374 6.89528e-08 0.044 -454.509
374 6.89528e-08 0.0445 -392.059
374 6.89528e-08 0.045 -1480.5
374 6.89528e-08 0.0455 16.9428
374 6.89528e-08 0.046 93.6122
374 6.89528e-08 0.0465 47.4641
374 6.89528e-08 0.047 1601.87
374 6.89528e-08 0.0475 1437.88
374 6.89528e-08 0.048 2597.49
374 6.89528e-08 0.0485 1227.04
374 6.89528e-08 0.049 1919.77
374 6.89528e-08 0.0495 2278.28
374 6.89528e-08 0.05 2051.67
374 6.89528e-08 0.0505 2785.17
374 6.89528e-08 0.051 2541.49
374 6.89528e-08 0.0515 979.461
374 6.89528e-08 0.052 1482.95
374 6.89528e-08 0.0525 667.428
374 6.89528e-08 0.053 780.02
374 6.89528e-08 0.0535 -707.918
374 6.89528e-08 0.054 -2081.22
374 6.89528e-08 0.0545 -3214.48
374 6.89528e-08 0.055 -3962.17
374 6.89528e-08 0.0555 -3668.32
374 6.89528e-08 0.056 -3372.33
374 6.89528e-08 0.0565 -2739.75
374 6.89528e-08 0.057 -1378.89
374 6.89528e-08 0.0575 -112.508
374 6.89528e-08 0.058 2.93616
374 6.89528e-08 0.0585 445.225
374 6.89528e-08 0.059 782.004
374 6.89528e-08 0.0595 977.901
374 6.89528e-08 0.06 -1321.68
374 6.89528e-08 0.0605 1251.11
374 6.89528e-08 0.061 994.023
374 6.89528e-08 0.0615 -591.011
374 6.89528e-08 0.062 -107.689
374 6.89528e-08 0.0625 -315.345
374 6.89528e-08 0.063 -1250.79
374 6.89528e-08 0.0635 221.286
374 6.89528e-08 0.064 387.943
374 6.89528e-08 0.0645 2471.32
374 6.89528e-08 0.065 2594.29
374 6.89528e-08 0.0655 3950.28
374 6.89528e-08 0.066 3991.63
374 6.89528e-08 0.0665 4772.59
374 6.89528e-08 0.067 5087.99
374 6.89528e-08 0.0675 4833.74
374 6.89528e-08 0.068 3085.57
374 6.89528e-08 0.0685 889.571
374 6.89528e-08 0.069 -138.197
374 6.89528e-08 0.0695 -619.865
374 6.89528e-08 0.07 -1977.12
374 6.89528e-08 0.0705 -1757.21
374 6.89528e-08 0.071 -2342.16
374 6.89528e-08 0.0715 -4322.58
374 6.89528e-08 0.072 -3855.53
374 6.89528e-08 0.0725 -2853.43
374 6.89528e-08 0.073 -3572.93
374 6.89528e-08 0.0735 -3725.89
374 6.89528e-08 0.074 -3105.66
374 6.89528e-08 0.0745 -2215.49
374 6.89528e-08 0.075 -3010.72
374 6.89528e-08 0.0755 -4078.71
374 6.89528e-08 0.076 -4172.91
374 6.89528e-08 0.0765 -3476.84
374 6.89528e-08 0.077 -2210.39
374 6.89528e-08 0.0775 -2288.61
374 6.89528e-08 0.078 -1484.6
374 6.89528e-08 0.0785 -2442.23
374 6.89528e-08 0.079 -2402.12
374 6.89528e-08 0.0795 -1444.25
374 6.89528e-08 0.08 -3239.3
374 6.89528e-08 0.0805 -1876.35
374 6.89528e-08 0.081 -1261.43
374 6.89528e-08 0.0815 219.893
374 6.89528e-08 0.082 1472.03
374 6.89528e-08 0.0825 7965.1
374 6.89528e-08 0.083 19347.3
374 6.89528e-08 0.0835 29623
374 6.89528e-08 0.084 40818.8
374 6.89528e-08 0.0845 52481.6
374 6.89528e-08 0.085 20726.8
374 6.89528e-08 0.0855 0
374 6.89528e-08 0.086 0
374 6.89528e-08 0.0865 0
374 6.89528e-08 0.087 0
374 6.89528e-08 0.0875 0
374 6.89528e-08 0.088 0
374 6.89528e-08 0.0885 0
374 6.89528e-08 0.089 0
374 6.89528e-08 0.0895 0
374 6.89528e-08 0.09 0
374 6.89528e-08 0.0905 0
374 6.89528e-08 0.091 0
374 6.89528e-08 0.0915 0
374 6.89528e-08 0.092 0
374 6.89528e-08 0.0925 0
374 6.89528e-08 0.093 0
374 6.89528e-08 0.0935 0
374 6.89528e-08 0.094 0
374 6.89528e-08 0.0945 0
399 7.35619e-08 0 0
399 7.35619e-08 0.0005 0
399 7.35619e-08 0.001 0
399 7.35619e-08 0.0015 0
399 7.35619e-08 0.002 0
399 7.35619e-08 0.0025 0
399 7.35619e-08 0.003 0
399 7.35619e-08 0.0035 0
399 7.35619e-08 0.004 0
399 7.35619e-08 0.0045 0
399 7.35619e-08 0.005 0
399 7.35619e-08 0.0055 0
399 7.35619e-08 0.006 0
399 7.35619e-08 0.0065 0
399 7.35619e-08 0.007 0
399 7.35619e-08 0.0075 0
399 7.35619e-08 0.008 0
399 7.35619e-08 0.0085 0
399 7.35619e-08 0.009 0
399 7.35619e-08 0.0095 0
399 7.35619e-08 0.01 -40309.2
399 7.35619e-08 0.0105 -50978.3
399 7.35619e-08 0.011 -41608
399 7.35619e-08 0.0115 -31814.6
399 7.35619e-08 0.012 -22635.3
399 7.35619e-08 0.0125 -13174.6
399 7.35619e-08 0.013 -3517.65
399 7.35619e-08 0.0135 1923.93
399 7.35619e-08 0.014 2993.54
399 7.35619e-08 0.0145 3791.14
399 7.35619e-08 0.015 2837.51
399 7.35619e-08 0.0155 1494.76
399 7.35619e-08 0.016 818.479
399 7.35619e-08 0.0165 1002.05
399 7.35619e-08 0.017 712.808
399 7.35619e-08 0.0175 84.2293
399 7.35619e-08 0.018 67.1885
399 7.35619e-08 0.0185 468.966
399 7.35619e-08 0.019 1035.78
399 7.35619e-08 0.0195 1485.15
399 7.35619e-08 0.02 1518.84
399 7.35619e-08 0.0205 2615.25
399 7.35619e-08 0.021 1408.77
399 7.35619e-08 0.0215 1486.06
399 7.35619e-08 0.022 825.838
399 7.35619e-08 0.0225 -94.9569
399 7.35619e-08 0.023 416.818
399 7.35619e-08 0.0235 931.807
399 7.35619e-08 0.024 1464.55
399 7.35619e-08 0.0245 561.27
399 7.35619e-08 0.025 889.486
399 7.35619e-08 0.0255 538.517
399 7.35619e-08 0.026 438.316
399 7.35619e-08 0.0265 715.926
399 7.35619e-08 0.027 657.757
399 7.35619e-08 0.0275 1877.79
399 7.35619e-08 0.028 556.262
399 7.35619e-08 0.0285 44.761
399 7.35619e-08 0.029 1821.53
399 7.35619e-08 0.0295 949.257
399 7.35619e-08 0.03 1086.43
399 7.35619e-08 0.0305 848.224
399 7.35619e-08 0.031 1021.38
399 7.35619e-08 0.0315 2454.64
399 7.35619e-08 0.032 2035.77
399 7.35619e-08 0.0325 2274.73
399 7.35619e-08 0.033 2396.17
399 7.35619e-08 0.0335 3758.77
399 7.35619e-08 0.034 3538.05
399 7.35619e-08 0.0345 3911.68
399 7.35619e-08 0.035 4388.75
399 7.35619e-08 0.0355 2413.42
399 7.35619e-08 0.036 1023.67
399 7.35619e-08 0.0365 1175.48
399 7.35619e-08 0.037 1791.47
399 7.35619e-08 0.0375 3674.64
399 7.35619e-08 0.038 2209.51
399 7.35619e-08 0.0385 2337.16
399 7.35619e-08 0.039 2902.84
399 7.35619e-08 0.0395 3142.62
399 7.35619e-08 0.04 2502.11
399 7.35619e-08 0.0405 2749.96
399 7.35619e-08 0.041 2882.28
399 7.35619e-08 0.0415 2242.29
399 7.35619e-08 0.042 1592.55
399 7.35619e-08 0.0425 1108.1
399 7.35619e-08 0.043 2150.98
399 7.35619e-08 0.0435 1142.11
399 7.35619e-08 0.044 942.636
399 7.35619e-08 0.0445 -51.8006
399 7.35619e-08 0.045 1352.99
399 7.35619e-08 0.0455 1512.59
399 7.35619e-08 0.046 861.027
399 7.35619e-08 0.0465 -773.38
399 7.35619e-08 0.047 -1038.26
399 7.35619e-08 0.0475 -1068.9
399 7.35619e-08 0.048 -274.604
399 7.35619e-08 0.0485 -1964.32
399 7.35619e-08 0.049 -2735.82
399 7.35619e-08 0.0495 -3404.38
399 7.35619e-08 0.05 -2832.18
399 7.35619e-08 0.0505 -3006.88
399 7.35619e-08 0.051 -1638.65
399 7.35619e-08 0.0515 -637.907
399 7.35619e-08 0.052 -469.931
399 7.35619e-08 0.0525 -59.6472
399 7.35619e-08 0.053 1165.39
399 7.35619e-08 0.0535 1558.26
399 7.35619e-08 0.054 691.549
399 7.35619e-08 0.0545 1117.97
399 7.35619e-08 0.055 1119.73
399 7.35619e-08 0.0555 1736.36
399 7.35619e-08 0.056 694.352
399 7.35619e-08 0.0565 387.228
399 7.35619e-08 0.057 2784.75
399 7.35619e-08 0.0575 1797.48
399 7.35619e-08 0.058 1142.75
399 7.35619e-08 0.0585 1325.44
399 7.35619e-08 0.059 521.494
399 7.35619e-08 0.0595 136.529
399 7.35619e-08 0.06 15.6239
399 7.35619e-08 0.0605 1011.66
399 7.35619e-08 0.061 895.739
399 7.35619e-08 0.0615 144.822
399 7.35619e-08 0.062 2139.75
399 7.35619e-08 0.0625 246.645
399 7.35619e-08 0.063 -20.086
399 7.35619e-08 0.0635 38.5929
399 7.35619e-08 0.064 -846.507
399 7.35619e-08 0.0645 -278.859
399 7.35619e-08 0.065 -1538.74
399 7.35619e-08 0.0655 -1739.45
399 7.35619e-08 0.066 -3318.48
399 7.35619e-08 0.0665 -3175.59
399 7.35619e-08 0.067 -3611.54
399 7.35619e-08 0.0675 -3205.32
399 7.35619e-08 0.068 -4448.74
399 7.35619e-08 0.0685 -2995.73
399 7.35619e-08 0.069 -1743.66
399 7.35619e-08 0.0695 -745.398
399 7.35619e-08 0.07 1848.28
399 7.35619e-08 0.0705 2350.2
399 7.35619e-08 0.071 2899.12
399 7.35619e-08 0.0715 1268.29
399 7.35619e-08 0.072 1074.85
399 7.35619e-08 0.0725 1972.87
399 7.35619e-08 0.073 2283.08
399 7.35619e-08 0.0735 1596.88
399 7.35619e-08 0.074 908.647
399 7.35619e-08 0.0745 3115.21
399 7.35619e-08 0.075 3179.08
399 7.35619e-08 0.0755 2624.31
399 7.35619e-08 0.076 3738.88
399 7.35619e-08 0.0765 3482.46
399 7.35619e-08 0.077 4339.28
399 7.35619e-08 0.0775 3273.33
399 7.35619e-08 0.078 1995.45
399 7.35619e-08 0.0785 1599.93
399 7.35619e-08 0.079 1322.5
399 7.35619e-08 0.0795 1045.97
399 7.35619e-08 0.08 -648.618
399 7.35619e-08 0.0805 29.5521
399 7.35619e-08 0.081 785.21
399 7.35619e-08 0.0815 1395.26
399 7.35619e-08 0.082 608.198
399 7.35619e-08 0.0825 2837.12
399 7.35619e-08 0.083 7909.84
399 7.35619e-08 0.0835 17186.4
399 7.35619e-08 0.084 28019.1
399 7.35619e-08 0.0845 39401.1
399 7.35619e-08 0.085 16359.9
399 7.35619e-08 0.0855 0
399 7.35619e-08 0.086 0
399 7.35619e-08 0.0865 0
399 7.35619e-08 0.087 0
399 7.35619e-08 0.0875 0
399 7.35619e-08 0.088 0
399 7.35619e-08 0.0885 0
399 7.35619e-08 0.089 0
399 7.35619e-08 0.0895 0
399 7.35619e-08 0.09 0
399 7.35619e-08 0.0905 0
399 7.35619e-08 0.091 0
399 7.35619e-08 0.0915 0
399 7.35619e-08 0.092 0
399 7.35619e-08 0.0925 0
399 7.35619e-08 0.093 0
399 7.35619e-08 0.0935 0
399 7.35619e-08 0.094 0
399 7.35619e-08 0.0945 0
