Iteration / Electron np / Ion np
24 99319 100000
49 94874 100000
74 93008 99997
99 93011 99989
124 93013 99978
149 93013 99966
174 93015 99939
199 93015 99918
224 93017 99888
249 92984 99850
274 92943 99816
299 92951 99776
324 92953 99729
349 92941 99672
374 92944 99600
399 92949 99527
424 92963 99450
449 92639 99330
474 92647 99218
499 92645 99098
524 92659 98941
549 92666 98794
574 92675 98648
599 92687 98476
624 92544 98352
649 92347 98228
674 92354 98104
699 92277 97978
724 92283 97834
749 92286 97709
774 92285 97591
799 92292 97460
824 92152 97336
849 92157 97209
874 91512 97091
899 91481 96992
924 91476 96874
949 91475 96770
974 91491 96659
999 91489 96536
1024 91495 96436
1049 90851 96322
1074 90583 96217
1099 90585 96111
1124 90578 96043
1149 90589 95934
1174 90587 95835
1199 90604 95732
1224 90418 95617
1249 90365 95523
1274 90319 95413
1299 90230 95310
1324 90227 95229
1349 90242 95130
1374 90256 95028
1399 90258 94927
1424 90267 94838
1449 89568 94746
1474 89473 94660
1499 89458 94569
1524 89459 94480
1549 89458 94403
1574 89467 94329
1599 89474 94250
1624 89431 94173
1649 89433 94089
1674 88988 94011
1699 88986 93932
1724 88977 93859
1749 88986 93772
1774 88991 93681
1799 88992 93614
1824 88915 93559
1849 88808 93477
1874 88756 93414
1899 88680 93340
1924 88681 93265
1949 88688 93176
1974 88691 93111
1999 88684 93044
2024 88688 92964
2049 88181 92881
2074 88180 92811
2099 88171 92735
2124 88159 92681
2149 88161 92616
2174 88170 92544
2199 88169 92496
2224 88162 92423
2249 87746 92367
2274 87716 92302
2299 87707 92240
2324 87708 92184
2349 87715 92119
2374 87719 92074
2399 87717 92036
2424 87715 91958
2449 87353 91904
2474 87306 91846
2499 87291 91792
2524 87297 91723
2549 87306 91647
2574 87310 91589
2599 87306 91519
2624 87297 91465
2649 87008 91404
2674 86964 91352
2699 86965 91301
2724 86953 91262
2749 86948 91221
2774 86953 91169
2799 86958 91119
2824 86952 91066
2849 86674 91016
2874 86615 90969
2899 86612 90915
2924 86613 90859
2949 86604 90814
2974 86610 90755
2999 86620 90708
3024 86608 90644
3049 86314 90596
3074 86261 90549
3099 86255 90496
3124 86254 90433
3149 86260 90381
3174 86272 90339
3199 86271 90291
3224 86246 90256
3249 85994 90207
3274 85942 90165
3299 85940 90117
3324 85939 90067
3349 85935 90028
3374 85938 89976
3399 85942 89912
3424 85921 89882
3449 85690 89832
3474 85620 89787
3499 85617 89750
3524 85617 89698
3549 85627 89651
3574 85630 89611
3599 85628 89574
3624 85595 89524
3649 85403 89475
3674 85307 89432
3699 85297 89392
3724 85292 89355
3749 85297 89310
3774 85301 89274
3799 85303 89244
3824 85283 89196
3849 85069 89142
3874 84973 89104
3899 84961 89054
3924 84969 88991
3949 84971 88955
3974 84969 88910
3999 84974 88859
4024 84958 88820
4049 84748 88769
4074 84678 88720
4099 84679 88680
4124 84679 88644
4149 84683 88600
4174 84683 88565
4199 84686 88527
4224 84669 88482
4249 84470 88444
4274 84395 88411
4299 84393 88370
4324 84390 88329
4349 84388 88293
4374 84388 88259
4399 84390 88224
4424 84390 88175
4449 84210 88130
4474 84137 88097
4499 84135 88055
4524 84130 88021
4549 84131 87978
4574 84138 87941
4599 84142 87910
4624 84129 87867
4649 83963 87830
4674 83890 87788
4699 83886 87764
4724 83887 87730
4749 83888 87690
4774 83892 87647
4799 83893 87616
4824 83882 87574
4849 83726 87544
4874 83673 87498
4899 83673 87458
4924 83670 87420
4949 83673 87389
4974 83674 87358
4999 83677 87321
5024 83677 87280
5049 83504 87231
5074 83442 87193
5099 83437 87157
5124 83435 87126
5149 83434 87083
5174 83437 87049
5199 83436 87017
5224 83425 86982
5249 83295 86949
5274 83237 86918
5299 83227 86892
5324 83230 86862
5349 83234 86833
5374 83237 86806
5399 83239 86782
5424 83230 86755
5449 83092 86726
5474 83025 86681
5499 83022 86655
5524 83021 86619
5549 83029 86589
5574 83030 86559
5599 83033 86533
5624 83034 86501
5649 82887 86457
5674 82840 86417
5699 82839 86373
5724 82837 86334
5749 82838 86306
5774 82838 86280
5799 82838 86250
5824 82829 86222
5849 82727 86193
5874 82658 86169
5899 82654 86130
5924 82656 86099
5949 82657 86064
5974 82656 86039
5999 82658 86008
6024 82662 85974
6049 82546 85943
6074 82490 85921
6099 82485 85896
6124 82482 85877
6149 82486 85845
6174 82489 85811
6199 82488 85776
6224 82490 85748
6249 82386 85711
6274 82329 85682
6299 82326 85643
6324 82327 85608
6349 82331 85580
6374 82330 85549
6399 82330 85518
6424 82331 85489
6449 82226 85454
6474 82169 85426
6499 82164 85406
6524 82169 85378
6549 82175 85350
6574 82176 85313
6599 82174 85285
6624 82167 85265
6649 82093 85241
6674 82047 85213
6699 82042 85190
6724 82042 85170
6749 82043 85145
6774 82047 85118
6799 82050 85094
6824 82044 85064
6849 81968 85034
6874 81916 85011
6899 81919 84974
6924 81921 84941
6949 81924 84909
6974 81929 84874
6999 81927 84843
7024 81927 84813
7049 81847 84791
7074 81787 84762
7099 81787 84744
7124 81785 84715
7149 81781 84690
7174 81780 84674
7199 81783 84643
7224 81782 84617
7249 81732 84595
7274 81692 84576
7299 81686 84554
7324 81690 84531
7349 81689 84511
7374 81691 84487
7399 81693 84463
7424 81690 84439
7449 81642 84411
7474 81606 84396
7499 81608 84370
7524 81608 84343
7549 81606 84323
7574 81605 84298
7599 81608 84277
7624 81606 84250
7649 81554 84229
7674 81530 84213
7699 81530 84180
7724 81527 84165
7749 81527 84151
7774 81529 84122
7799 81535 84098
7824 81535 84070
7849 81477 84054
7874 81439 84026
7899 81442 83990
7924 81443 83966
7949 81443 83947
7974 81441 83931
7999 81443 83920
8024 81444 83899
8049 81394 83871
8074 81371 83844
8099 81373 83812
8124 81377 83791
8149 81379 83772
8174 81377 83757
8199 81375 83744
8224 81378 83721
8249 81350 83703
8274 81314 83686
8299 81316 83668
8324 81316 83653
8349 81322 83630
8374 81323 83612
8399 81321 83598
8424 81319 83578
8449 81285 83558
8474 81261 83545
8499 81262 83527
8524 81263 83508
8549 81258 83495
8574 81260 83469
8599 81262 83456
8624 81264 83446
8649 81231 83429
8674 81208 83410
8699 81209 83392
8724 81207 83374
8749 81210 83357
8774 81213 83336
8799 81216 83311
8824 81215 83301
8849 81200 83278
8874 81170 83262
8899 81169 83242
8924 81175 83222
8949 81176 83204
8974 81183 83180
8999 81179 83162
9024 81175 83142
9049 81157 83126
9074 81145 83112
9099 81143 83092
9124 81145 83067
9149 81147 83044
9174 81148 83022
9199 81148 83000
9224 81148 82978
9249 81133 82964
9274 81112 82949
9299 81112 82935
9324 81111 82912
9349 81112 82892
9374 81117 82879
9399 81119 82857
9424 81122 82843
9449 81114 82831
9474 81104 82808
9499 81100 82790
9524 81097 82779
9549 81098 82764
9574 81097 82749
9599 81100 82735
9624 81105 82722
9649 81089 82711
9674 81083 82693
9699 81081 82672
9724 81080 82662
9749 81068 82644
9774 80983 82637
9799 80987 82621
9824 80990 82607
9849 80988 82593
9874 80991 82581
9899 80991 82566
9924 80988 82550
9949 80926 82539
9974 80766 82522
9999 80767 82505
10024 80766 82492
10049 80768 82480
10074 80768 82464
10099 80767 82456
10124 80767 82448
10149 80668 82438
10174 80493 82426
10199 80488 82416
10224 80491 82400
10249 80496 82387
10274 80500 82378
10299 80498 82360
10324 80498 82349
10349 80397 82339
10374 80214 82323
10399 80206 82312
10424 80207 82297
10449 80213 82284
10474 80217 82270
10499 80219 82256
10524 80221 82248
10549 80094 82229
10574 79948 82218
10599 79934 82206
10624 79932 82197
10649 79938 82182
10674 79949 82170
10699 79951 82162
10724 79949 82151
10749 79845 82135
10774 79672 82119
10799 79667 82109
10824 79675 82090
10849 79680 82069
10874 79688 82057
10899 79699 82041
10924 79704 82022
10949 79560 82011
10974 79379 81997
10999 79370 81983
11024 79373 81970
11049 79374 81957
11074 79380 81947
11099 79390 81926
11124 79394 81916
11149 79234 81909
11174 79091 81896
11199 79082 81886
11224 79082 81873
11249 79090 81858
11274 79094 81840
11299 79098 81826
11324 79103 81810
11349 78957 81791
11374 78801 81775
11399 78791 81759
11424 78798 81745
11449 78803 81727
11474 78802 81708
11499 78807 81686
11524 78808 81661
11549 78722 81636
11574 78564 81612
11599 78543 81589
11624 78538 81569
11649 78544 81543
11674 78556 81516
11699 78559 81498
11724 78560 81481
11749 78428 81471
11774 78280 81457
11799 78269 81437
11824 78273 81407
11849 78279 81391
11874 78285 81367
11899 78288 81351
11924 78290 81336
11949 78196 81313
11974 78038 81294
11999 78022 81275
12024 78022 81260
12049 78025 81240
12074 78034 81216
12099 78045 81187
12124 78050 81160
12149 77901 81138
12174 77761 81121
12199 77739 81091
12224 77742 81073
12249 77745 81051
12274 77748 81035
12299 77755 81015
12324 77758 80995
12349 77616 80979
12374 77484 80948
12399 77445 80936
12424 77449 80920
12449 77455 80903
12474 77469 80882
12499 77479 80865
12524 77473 80839
12549 77369 80809
12574 77214 80775
12599 77189 80745
12624 77193 80704
12649 77206 80668
12674 77214 80644
12699 77218 80611
12724 77214 80585
12749 77082 80546
12774 76950 80519
12799 76931 80492
12824 76939 80452
12849 76944 80431
12874 76941 80407
12899 76945 80388
12924 76948 80358
12949 76826 80334
12974 76683 80312
12999 76667 80277
13024 76670 80247
13049 76671 80224
13074 76672 80207
13099 76680 80185
13124 76682 80151
13149 76566 80127
13174 76417 80097
13199 76406 80061
13224 76407 80034
13249 76412 79999
13274 76419 79967
13299 76423 79926
13324 76423 79889
13349 76289 79859
13374 76176 79826
13399 76144 79789
13424 76143 79764
13449 76153 79727
13474 76160 79700
13499 76155 79675
13524 76163 79648
13549 76035 79613
13574 75907 79587
13599 75882 79561
13624 75889 79530
13649 75894 79506
13674 75895 79481
13699 75906 79452
13724 75907 79431
13749 75790 79409
13774 75685 79390
13799 75660 79366
13824 75668 79337
13849 75671 79305
13874 75682 79269
13899 75683 79238
13924 75687 79211
13949 75548 79176
13974 75444 79144
13999 75418 79109
14024 75418 79077
14049 75420 79052
14074 75428 79015
14099 75436 78986
14124 75446 78949
14149 75336 78915
14174 75216 78884
14199 75193 78865
14224 75193 78836
14249 75200 78813
14274 75202 78796
14299 75213 78764
14324 75225 78735
14349 75125 78713
14374 75012 78680
14399 74997 78657
14424 74989 78628
14449 74994 78594
14474 74995 78568
14499 74996 78546
14524 75002 78511
14549 74893 78484
14574 74802 78442
14599 74789 78412
14624 74787 78383
14649 74786 78347
14674 74794 78302
14699 74798 78281
14724 74803 78245
14749 74695 78207
14774 74587 78180
14799 74579 78162
14824 74577 78126
14849 74583 78095
14874 74593 78071
14899 74596 78049
14924 74593 78023
14949 74503 77993
14974 74406 77968
14999 74395 77942
15024 74399 77927
15049 74399 77897
15074 74406 77872
15099 74407 77849
15124 74414 77816
15149 74316 77784
15174 74232 77749
15199 74194 77715
15224 74189 77683
15249 74195 77653
15274 74200 77628
15299 74211 77592
15324 74214 77567
15349 74138 77532
15374 74043 77511
15399 74021 77484
15424 74021 77463
15449 74025 77434
15474 74031 77398
15499 74040 77364
15524 74040 77344
15549 73965 77321
15574 73899 77297
15599 73890 77269
15624 73883 77248
15649 73884 77230
15674 73891 77207
15699 73896 77187
15724 73900 77159
15749 73805 77134
15774 73726 77115
15799 73705 77086
15824 73710 77054
15849 73714 77019
15874 73717 76987
15899 73722 76957
15924 73730 76930
15949 73641 76899
15974 73565 76862
15999 73539 76833
16024 73540 76809
16049 73550 76775
16074 73551 76747
16099 73557 76710
16124 73562 76681
16149 73500 76644
16174 73424 76625
16199 73409 76610
16224 73413 76582
16249 73418 76561
16274 73422 76544
16299 73421 76519
16324 73421 76490
16349 73372 76467
16374 73305 76442
16399 73299 76413
16424 73302 76388
16449 73306 76377
16474 73309 76355
16499 73311 76327
16524 73316 76306
16549 73263 76285
16574 73211 76258
16599 73199 76231
16624 73196 76211
16649 73200 76181
16674 73199 76151
16699 73205 76121
16724 73202 76096
16749 73139 76069
16774 73076 76048
16799 73069 76019
16824 73071 75995
16849 73071 75977
16874 73078 75957
16899 73080 75933
16924 73080 75911
16949 73038 75882
16974 72972 75863
16999 72968 75839
17024 72976 75814
17049 72975 75795
17074 72974 75767
17099 72979 75747
17124 72983 75729
17149 72936 75708
17174 72897 75684
17199 72894 75664
17224 72892 75645
17249 72897 75622
17274 72904 75608
17299 72901 75590
17324 72903 75574
17349 72868 75561
17374 72821 75541
17399 72811 75530
17424 72815 75518
17449 72819 75491
17474 72823 75469
17499 72830 75447
17524 72827 75424
17549 72789 75402
17574 72740 75376
17599 72736 75347
17624 72740 75319
17649 72737 75297
17674 72743 75277
17699 72744 75258
17724 72750 75233
17749 72712 75212
17774 72668 75190
17799 72643 75174
17824 72647 75150
17849 72654 75127
17874 72662 75113
17899 72665 75093
17924 72671 75072
17949 72643 75051
17974 72607 75032
17999 72597 75024
18024 72595 75005
18049 72602 74989
18074 72611 74972
18099 72611 74962
18124 72614 74940
18149 72597 74922
18174 72565 74900
18199 72561 74883
18224 72563 74858
18249 72561 74841
18274 72567 74826
18299 72572 74806
18324 72580 74789
18349 72568 74772
18374 72524 74761
18399 72516 74750
18424 72517 74739
18449 72520 74728
18474 72524 74707
18499 72525 74694
18524 72533 74672
18549 72516 74655
18574 72489 74638
18599 72464 74625
18624 72462 74610
18649 72469 74593
18674 72476 74568
18699 72479 74551
18724 72486 74534
18749 72479 74515
18774 72452 74496
18799 72440 74483
18824 72437 74470
18849 72442 74454
18874 72450 74432
18899 72458 74404
18924 72457 74388
18949 72443 74373
18974 72429 74358
18999 72418 74339
19024 72421 74326
19049 72420 74307
19074 72427 74286
19099 72429 74266
19124 72433 74256
19149 72428 74242
19174 72400 74235
19199 72400 74217
19224 72403 74201
19249 72409 74192
19274 72416 74177
19299 72421 74161
19324 72426 74153
19349 72423 74139
19374 72411 74123
19399 72385 74115
19424 72389 74101
19449 72388 74093
19474 72392 74079
19499 72393 74068
19524 72392 74055
19549 72395 74043
19574 72381 74036
19599 72372 74024
19624 72372 74017
19649 72380 74006
19674 72385 73995
19699 72385 73981
19724 72391 73973
19749 72395 73958
19774 72391 73948
19799 72376 73934
19824 72375 73921
19849 72380 73907
19874 72380 73900
19899 72384 73884
19924 72384 73871
19949 72392 73861
19974 72393 73847
19999 72383 73838
20024 72388 73823
20049 72386 73815
20074 72392 73796
20099 72385 73780
20124 72380 73773
20149 72381 73765
20174 72380 73751
20199 72381 73736
20224 72374 73720
20249 72365 73704
20274 72352 73694
20299 72340 73685
20324 72333 73674
20349 72339 73661
20374 72341 73649
20399 72345 73634
20424 72348 73625
20449 72288 73614
20474 72241 73605
20499 72235 73598
20524 72227 73587
20549 72229 73575
20574 72234 73557
20599 72239 73546
20624 72247 73529
20649 72142 73522
20674 72068 73504
20699 72046 73493
20724 72049 73481
20749 72051 73472
20774 72052 73459
20799 72057 73448
20824 72057 73441
20849 71985 73429
20874 71908 73422
20899 71895 73414
20924 71892 73403
20949 71896 73388
20974 71906 73377
20999 71913 73365
21024 71912 73357
21049 71815 73353
21074 71739 73342
21099 71728 73336
21124 71726 73325
21149 71731 73320
21174 71736 73311
21199 71740 73306
21224 71749 73295
21249 71657 73286
21274 71583 73274
21299 71570 73266
21324 71568 73251
21349 71575 73236
21374 71579 73231
21399 71588 73222
21424 71588 73213
21449 71505 73207
21474 71441 73201
21499 71432 73190
21524 71428 73183
21549 71427 73178
21574 71432 73172
21599 71435 73166
21624 71439 73154
21649 71344 73144
21674 71275 73138
21699 71265 73127
21724 71260 73119
21749 71262 73111
21774 71266 73096
21799 71268 73085
21824 71273 73078
21849 71193 73067
21874 71120 73058
21899 71116 73047
21924 71114 73042
21949 71117 73034
21974 71120 73025
21999 71123 73016
22024 71124 73012
22049 71045 73005
22074 70985 72996
22099 70974 72988
22124 70971 72982
22149 70979 72973
22174 70984 72966
22199 70983 72957
22224 70980 72950
22249 70911 72940
22274 70850 72929
22299 70836 72919
22324 70838 72909
22349 70839 72902
22374 70842 72896
22399 70847 72884
22424 70853 72871
22449 70764 72867
22474 70702 72863
22499 70692 72856
22524 70694 72848
22549 70701 72839
22574 70702 72829
22599 70703 72819
22624 70704 72810
22649 70622 72801
22674 70562 72793
22699 70555 72786
22724 70552 72781
22749 70556 72768
22774 70563 72759
22799 70567 72740
22824 70569 72733
22849 70469 72725
22874 70402 72715
22899 70400 72702
22924 70398 72692
22949 70403 72681
22974 70413 72669
22999 70412 72663
23024 70416 72650
23049 70345 72638
23074 70275 72627
23099 70262 72618
23124 70260 72608
23149 70263 72597
23174 70270 72592
23199 70275 72578
23224 70279 72565
23249 70208 72554
23274 70140 72545
23299 70131 72533
23324 70131 72516
23349 70130 72507
23374 70134 72499
23399 70134 72490
23424 70139 72477
23449 70061 72470
23474 70004 72462
23499 69993 72446
23524 69996 72441
23549 69999 72427
23574 70003 72418
23599 70007 72411
23624 70009 72399
23649 69927 72386
23674 69867 72373
23699 69862 72355
23724 69863 72339
23749 69865 72322
23774 69871 72307
23799 69873 72294
23824 69873 72280
23849 69803 72271
23874 69748 72255
23899 69739 72240
23924 69741 72227
23949 69740 72218
23974 69738 72206
23999 69743 72191
24024 69747 72171
24049 69686 72158
24074 69615 72144
24099 69602 72130
24124 69601 72122
24149 69605 72106
24174 69608 72090
24199 69610 72077
24224 69612 72070
24249 69555 72058
24274 69501 72048
24299 69481 72034
24324 69476 72021
24349 69480 72012
24374 69480 72002
24399 69479 71988
24424 69477 71977
24449 69409 71965
24474 69356 71951
24499 69352 71933
24524 69353 71921
24549 69362 71906
24574 69367 71896
24599 69369 71885
24624 69370 71870
24649 69316 71858
24674 69261 71844
24699 69248 71829
24724 69249 71811
24749 69254 71798
24774 69254 71783
24799 69255 71768
24824 69257 71752
24849 69195 71740
24874 69152 71725
24899 69139 71709
24924 69140 71695
24949 69144 71685
24974 69149 71668
24999 69152 71657
25024 69149 71647
25049 69082 71632
25074 69034 71618
25099 69026 71605
25124 69025 71592
25149 69029 71574
25174 69032 71568
25199 69042 71553
25224 69045 71536
25249 68973 71519
25274 68926 71503
25299 68915 71490
25324 68914 71479
25349 68918 71466
25374 68925 71444
25399 68923 71427
25424 68927 71410
25449 68871 71397
25474 68803 71379
25499 68794 71365
25524 68792 71352
25549 68799 71334
25574 68802 71320
25599 68806 71305
25624 68810 71284
25649 68771 71269
25674 68722 71252
25699 68708 71238
25724 68699 71222
25749 68705 71211
25774 68710 71196
25799 68714 71185
25824 68713 71175
25849 68679 71165
25874 68636 71146
25899 68626 71129
25924 68621 71118
25949 68620 71107
25974 68630 71086
25999 68633 71070
26024 68629 71064
26049 68576 71045
26074 68542 71025
26099 68535 71008
26124 68538 70990
26149 68542 70980
26174 68547 70970
26199 68550 70955
26224 68548 70942
26249 68498 70931
26274 68464 70915
26299 68452 70901
26324 68450 70888
26349 68457 70873
26374 68468 70850
26399 68470 70836
26424 68470 70819
26449 68428 70800
26474 68390 70785
26499 68384 70771
26524 68383 70761
26549 68385 70750
26574 68389 70733
26599 68391 70711
26624 68392 70696
26649 68358 70678
26674 68314 70669
26699 68303 70657
26724 68305 70646
26749 68307 70635
26774 68313 70620
26799 68320 70608
26824 68322 70600
26849 68282 70589
26874 68245 70568
26899 68236 70550
26924 68235 70536
26949 68239 70523
26974 68241 70511
26999 68247 70502
27024 68252 70490
27049 68210 70472
27074 68183 70457
27099 68176 70444
27124 68177 70427
27149 68180 70417
27174 68180 70402
27199 68184 70392
27224 68185 70378
27249 68163 70365
27274 68145 70345
27299 68136 70330
27324 68142 70310
27349 68143 70292
27374 68142 70279
27399 68141 70267
27424 68145 70256
27449 68120 70240
27474 68092 70228
27499 68088 70215
27524 68090 70197
27549 68098 70183
27574 68100 70175
27599 68105 70154
27624 68111 70141
27649 68094 70119
27674 68064 70112
27699 68063 70095
27724 68062 70082
27749 68060 70068
27774 68062 70052
27799 68065 70038
27824 68068 70030
27849 68042 70020
27874 68024 70005
27899 68010 69992
27924 68011 69977
27949 68013 69967
27974 68014 69956
27999 68020 69943
28024 68022 69933
28049 68010 69922
28074 67992 69909
28099 67982 69896
28124 67978 69881
28149 67981 69870
28174 67983 69864
28199 67992 69850
28224 67995 69840
28249 67990 69829
28274 67970 69821
28299 67957 69811
28324 67958 69797
28349 67959 69787
28374 67959 69778
28399 67962 69772
28424 67968 69762
28449 67957 69754
28474 67934 69744
28499 67929 69726
28524 67925 69716
28549 67924 69707
28574 67930 69698
28599 67937 69678
28624 67942 69665
28649 67936 69651
28674 67921 69637
28699 67908 69626
28724 67900 69615
28749 67903 69602
28774 67909 69586
28799 67912 69572
28824 67912 69558
28849 67910 69549
28874 67900 69534
28899 67892 69524
28924 67891 69515
28949 67900 69505
28974 67903 69497
28999 67904 69484
29024 67904 69469
29049 67898 69458
29074 67885 69447
29099 67872 69434
29124 67868 69423
29149 67876 69409
29174 67877 69398
29199 67884 69388
29224 67890 69376
29249 67896 69366
29274 67891 69351
29299 67892 69334
29324 67897 69326
29349 67898 69316
29374 67893 69308
29399 67897 69297
29424 67898 69285
29449 67899 69283
29474 67892 69273
29499 67886 69262
29524 67885 69252
29549 67885 69240
29574 67892 69230
29599 67898 69222
29624 67901 69213
29649 67908 69205
29674 67910 69195
29699 67904 69187
29724 67893 69177
29749 67894 69172
29774 67899 69167
29799 67907 69154
29824 67903 69146
29849 67909 69137
29874 67905 69127
29899 67901 69114
29924 67892 69110
29949 67893 69101
29974 67885 69086
29999 67889 69075
30024 67897 69064
30049 67905 69055
30074 67905 69046
30099 67899 69039
30124 67897 69033
30149 67885 69023
30174 67845 69018
30199 67839 69013
30224 67834 69007
30249 67838 69000
30274 67840 68995
30299 67840 68986
30324 67836 68979
30349 67790 68970
30374 67698 68963
30399 67697 68956
30424 67690 68948
30449 67693 68942
30474 67701 68934
30499 67698 68927
30524 67703 68921
30549 67637 68907
30574 67542 68898
30599 67525 68892
30624 67519 68883
30649 67521 68878
30674 67526 68868
30699 67533 68862
30724 67539 68851
30749 67466 68839
30774 67386 68833
30799 67352 68829
30824 67342 68822
30849 67344 68815
30874 67355 68808
30899 67358 68801
30924 67361 68797
30949 67300 68784
30974 67207 68772
30999 67184 68763
31024 67179 68756
31049 67182 68747
31074 67192 68736
31099 67196 68729
31124 67204 68722
31149 67173 68717
31174 67083 68710
31199 67048 68699
31224 67040 68688
31249 67044 68683
31274 67052 68678
31299 67055 68670
31324 67058 68661
31349 67001 68652
31374 66920 68646
31399 66882 68636
31424 66878 68624
31449 66884 68617
31474 66900 68603
31499 66903 68596
31524 66907 68582
31549 66838 68580
31574 66758 68571
31599 66742 68560
31624 66742 68552
31649 66748 68539
31674 66758 68532
31699 66765 68526
31724 66767 68518
31749 66698 68510
31774 66628 68504
31799 66597 68496
31824 66598 68486
31849 66604 68481
31874 66613 68472
31899 66617 68464
31924 66622 68450
31949 66571 68439
31974 66487 68432
31999 66450 68428
32024 66462 68417
32049 66467 68405
32074 66480 68396
32099 66492 68389
32124 66499 68385
32149 66443 68379
32174 66346 68368
32199 66324 68358
32224 66327 68352
32249 66339 68344
32274 66346 68335
32299 66357 68327
32324 66357 68319
32349 66312 68307
32374 66218 68297
32399 66171 68283
32424 66173 68276
32449 66186 68265
32474 66195 68253
32499 66199 68243
32524 66205 68231
32549 66154 68223
32574 66045 68213
32599 66004 68208
32624 66006 68203
32649 66013 68197
32674 66020 68183
32699 66030 68172
32724 66036 68164
32749 65991 68152
32774 65894 68143
32799 65863 68132
32824 65865 68124
32849 65873 68111
32874 65881 68102
32899 65886 68094
32924 65892 68083
32949 65864 68076
32974 65770 68071
32999 65742 68064
33024 65742 68052
33049 65748 68038
33074 65755 68026
33099 65761 68020
33124 65760 68004
33149 65712 67995
33174 65635 67987
33199 65605 67977
33224 65609 67961
33249 65618 67953
33274 65623 67943
33299 65629 67935
33324 65633 67921
33349 65602 67910
33374 65529 67904
33399 65509 67892
33424 65496 67882
33449 65500 67873
33474 65511 67865
33499 65515 67848
33524 65521 67839
33549 65478 67827
33574 65386 67817
33599 65355 67813
33624 65343 67800
33649 65351 67789
33674 65362 67779
33699 65368 67767
33724 65371 67752
33749 65330 67735
33774 65260 67727
33799 65224 67716
33824 65221 67706
33849 65227 67690
33874 65234 67680
33899 65238 67669
33924 65246 67655
33949 65211 67646
33974 65147 67636
33999 65130 67622
34024 65129 67612
34049 65135 67606
34074 65146 67590
34099 65150 67582
34124 65153 67570
34149 65106 67557
34174 65046 67539
34199 65029 67528
34224 65032 67517
34249 65040 67504
34274 65045 67488
34299 65055 67475
34324 65060 67464
34349 64995 67452
34374 64924 67439
34399 64901 67424
34424 64900 67410
34449 64908 67394
34474 64912 67381
34499 64922 67371
34524 64930 67354
34549 64888 67341
34574 64811 67325
34599 64784 67312
34624 64786 67300
34649 64792 67289
34674 64804 67277
34699 64807 67266
34724 64809 67248
34749 64777 67233
34774 64680 67221
34799 64657 67208
34824 64660 67198
34849 64667 67183
34874 64666 67177
34899 64674 67160
34924 64678 67145
34949 64641 67128
34974 64574 67114
34999 64540 67099
35024 64543 67088
35049 64557 67077
35074 64560 67062
35099 64564 67045
35124 64567 67030
35149 64542 67020
35174 64461 67005
35199 64443 66986
35224 64443 66970
35249 64445 66955
35274 64452 66940
35299 64457 66929
35324 64458 66910
35349 64430 66895
35374 64371 66875
35399 64339 66859
35424 64341 66849
35449 64349 66836
35474 64355 66823
35499 64360 66814
35524 64365 66800
35549 64336 66783
35574 64276 66774
35599 64256 66762
35624 64244 66747
35649 64249 66739
35674 64257 66727
35699 64260 66710
35724 64261 66691
35749 64229 66677
35774 64163 66663
35799 64130 66646
35824 64125 66634
35849 64133 66621
35874 64135 66608
35899 64142 66588
35924 64148 66573
35949 64128 66561
35974 64077 66547
35999 64047 66534
36024 64047 66516
36049 64054 66497
36074 64058 66488
36099 64064 66475
36124 64064 66462
36149 64048 66453
36174 63995 66442
36199 63973 66424
36224 63968 66411
36249 63974 66394
36274 63982 66377
36299 63991 66369
36324 63994 66356
36349 63973 66343
36374 63924 66329
36399 63897 66315
36424 63903 66300
36449 63916 66286
36474 63920 66270
36499 63924 66258
36524 63928 66245
36549 63906 66237
36574 63861 66222
36599 63835 66199
36624 63834 66182
36649 63844 66166
36674 63852 66152
36699 63859 66137
36724 63865 66128
36749 63843 66112
36774 63796 66102
36799 63772 66099
36824 63775 66085
36849 63786 66061
36874 63793 66050
36899 63800 66035
36924 63804 66016
36949 63782 66001
36974 63728 65989
36999 63705 65977
37024 63701 65961
37049 63718 65949
37074 63724 65932
37099 63727 65916
37124 63734 65902
37149 63722 65888
37174 63670 65874
37199 63656 65856
37224 63656 65842
37249 63661 65830
37274 63671 65817
37299 63674 65804
37324 63682 65793
37349 63657 65783
37374 63625 65767
37399 63606 65758
37424 63601 65742
37449 63610 65732
37474 63619 65715
37499 63620 65702
37524 63621 65693
37549 63606 65680
37574 63582 65670
37599 63563 65655
37624 63554 65643
37649 63555 65630
37674 63559 65617
37699 63570 65597
37724 63574 65585
37749 63557 65567
37774 63531 65555
37799 63508 65542
37824 63512 65530
37849 63515 65518
37874 63523 65508
37899 63524 65501
37924 63530 65485
37949 63510 65474
37974 63500 65461
37999 63479 65450
38024 63481 65443
38049 63494 65434
38074 63499 65424
38099 63503 65412
38124 63501 65403
38149 63485 65399
38174 63471 65383
38199 63454 65367
38224 63454 65353
38249 63464 65339
38274 63471 65330
38299 63475 65320
38324 63470 65305
38349 63470 65290
38374 63444 65276
38399 63435 65260
38424 63442 65245
38449 63449 65227
38474 63451 65214
38499 63453 65207
38524 63455 65193
38549 63451 65181
38574 63428 65176
38599 63416 65166
38624 63419 65154
38649 63421 65143
38674 63432 65127
38699 63439 65112
38724 63447 65099
38749 63443 65091
38774 63418 65080
38799 63403 65066
38824 63400 65054
38849 63404 65047
38874 63405 65037
38899 63417 65022
38924 63416 65014
38949 63414 65004
38974 63404 64994
38999 63398 64984
39024 63399 64971
39049 63401 64960
39074 63405 64948
39099 63411 64933
39124 63416 64928
39149 63417 64911
39174 63402 64903
39199 63380 64894
39224 63376 64877
39249 63376 64868
39274 63376 64861
39299 63378 64851
39324 63385 64838
39349 63389 64832
39374 63388 64828
39399 63371 64813
39424 63372 64798
39449 63372 64790
39474 63368 64784
39499 63370 64771
39524 63369 64764
39549 63373 64752
39574 63370 64744
39599 63353 64739
39624 63344 64735
39649 63345 64722
39674 63342 64711
39699 63346 64700
39724 63346 64693
39749 63352 64684
39774 63353 64668
39799 63345 64660
39824 63348 64654
39849 63353 64646
39874 63357 64637
39899 63340 64627
39924 63337 64621
39949 63341 64616
39974 63339 64607
39999 63329 64602
