Spwt: 1e+09, np_0: 100000
Iteration / Electron np / Ion np
4 99965 100000
9 99928 100000
14 99840 99999
19 99576 99999
24 99177 99999
29 98632 99999
34 97925 99999
39 96871 99999
44 95885 99998
49 94900 99998
54 93899 99998
59 93267 99998
64 93050 99998
69 93047 99996
74 93047 99994
79 93048 99994
84 93048 99993
89 93049 99991
94 93049 99989
99 93050 99987
104 93051 99984
109 93051 99980
114 93051 99978
119 93051 99978
124 93051 99976
129 93051 99971
134 93051 99968
139 93053 99961
144 93053 99960
149 93049 99956
154 93049 99949
159 93048 99943
164 93048 99940
169 93051 99935
174 93051 99927
179 93053 99920
184 93054 99914
189 93054 99909
194 93054 99907
199 93057 99900
