Spwt: 1e+10, np_0: 10000
Iteration / Electron np / Ion np
4 9994 10000
9 9986 10000
14 9978 10000
19 9940 10000
24 9900 10000
29 9859 10000
34 9786 10000
39 9639 10000
44 9553 10000
49 9449 10000
54 9357 10000
59 9299 10000
64 9291 9999
69 9291 9999
74 9291 9999
79 9291 9999
84 9291 9999
89 9291 9999
94 9291 9999
99 9291 9999
104 9291 9998
109 9291 9998
114 9291 9998
119 9291 9998
124 9291 9998
129 9291 9998
134 9291 9997
139 9291 9996
144 9291 9996
149 9291 9996
154 9285 9994
159 9283 9992
164 9282 9992
169 9282 9992
174 9282 9991
179 9282 9991
184 9282 9990
189 9282 9989
194 9282 9989
199 9282 9988
