Iteration / Electron np / Ion np
24 99243 99999
49 94954 99999
74 93101 99996
99 93105 99985
124 93108 99979
149 93108 99966
174 93096 99946
199 93099 99926
224 93101 99886
249 92951 99844
274 92901 99810
299 92908 99763
324 92918 99716
349 92910 99655
374 92922 99573
399 92928 99501
424 92934 99404
449 92716 99308
474 92727 99192
499 92725 99045
524 92739 98891
549 92755 98750
574 92766 98596
599 92782 98450
624 92740 98309
649 92304 98181
674 92316 98064
699 92289 97945
724 92299 97825
749 92306 97705
774 92320 97579
799 92338 97461
824 92116 97339
849 92119 97218
874 91954 97108
899 91817 96993
924 91816 96885
949 91825 96788
974 91837 96672
999 91845 96553
1024 91807 96443
1049 91689 96339
1074 90914 96246
1099 90920 96151
1124 90914 96068
1149 90937 95977
1174 90945 95878
1199 90948 95786
1224 90965 95698
1249 90337 95606
1274 90342 95499
1299 90336 95399
1324 90344 95320
1349 90346 95244
1374 90359 95147
1399 90367 95058
1424 90344 94957
1449 90336 94884
1474 89787 94801
1499 89798 94702
1524 89812 94614
1549 89826 94534
1574 89823 94442
1599 89838 94363
1624 89763 94282
1649 89479 94219
1674 89474 94150
1699 89447 94090
1724 89452 94014
1749 89466 93939
1774 89490 93855
1799 89495 93784
1824 89488 93709
1849 88863 93643
1874 88786 93559
1899 88777 93502
1924 88775 93417
1949 88790 93358
1974 88797 93281
1999 88808 93195
2024 88788 93122
2049 88706 93051
2074 88386 92987
2099 88386 92927
2124 88399 92859
2149 88416 92811
2174 88425 92739
2199 88434 92680
2224 88375 92631
2249 88301 92570
2274 88088 92507
2299 88085 92448
2324 88078 92381
2349 88078 92329
2374 88088 92262
2399 88100 92198
2424 87979 92137
2449 87796 92078
2474 87723 92028
2499 87708 91972
2524 87710 91911
2549 87716 91850
2574 87724 91802
2599 87736 91742
2624 87703 91691
2649 87313 91641
2674 87265 91587
2699 87265 91535
2724 87266 91488
2749 87268 91448
2774 87276 91400
2799 87277 91357
2824 87259 91297
2849 86937 91268
2874 86902 91203
2899 86897 91151
2924 86895 91109
2949 86892 91059
2974 86892 91000
2999 86892 90938
3024 86880 90892
3049 86573 90840
3074 86512 90785
3099 86508 90733
3124 86510 90690
3149 86507 90637
3174 86510 90595
3199 86509 90551
3224 86493 90515
3249 86232 90477
3274 86174 90423
3299 86178 90363
3324 86179 90323
3349 86184 90281
3374 86189 90233
3399 86195 90191
3424 86186 90136
3449 85923 90094
3474 85865 90048
3499 85863 90007
3524 85871 89971
3549 85874 89927
3574 85877 89886
3599 85880 89843
3624 85857 89814
3649 85612 89772
3674 85542 89726
3699 85541 89682
3724 85541 89641
3749 85543 89601
3774 85551 89554
3799 85552 89512
3824 85525 89464
3849 85308 89426
3874 85224 89384
3899 85225 89345
3924 85226 89295
3949 85231 89253
3974 85238 89212
3999 85239 89169
4024 85215 89128
4049 84997 89086
4074 84928 89046
4099 84926 89011
4124 84926 88955
4149 84931 88928
4174 84937 88890
4199 84933 88854
4224 84918 88814
4249 84691 88778
4274 84631 88739
4299 84627 88703
4324 84634 88649
4349 84630 88610
4374 84631 88568
4399 84632 88530
4424 84610 88487
4449 84437 88449
4474 84375 88409
4499 84375 88355
4524 84376 88312
4549 84377 88274
4574 84385 88225
4599 84388 88187
4624 84375 88145
4649 84186 88114
4674 84124 88078
4699 84118 88030
4724 84124 88001
4749 84124 87963
4774 84127 87932
4799 84126 87902
4824 84111 87861
4849 83941 87830
4874 83874 87789
4899 83874 87745
4924 83872 87712
4949 83875 87687
4974 83877 87646
4999 83884 87603
5024 83875 87571
5049 83724 87533
5074 83658 87490
5099 83651 87452
5124 83652 87418
5149 83653 87371
5174 83656 87333
5199 83661 87303
5224 83648 87264
5249 83514 87225
5274 83443 87189
5299 83436 87157
5324 83436 87119
5349 83441 87079
5374 83443 87050
5399 83443 87017
5424 83432 86989
5449 83298 86945
5474 83239 86934
5499 83233 86907
5524 83229 86881
5549 83229 86841
5574 83233 86801
5599 83239 86768
5624 83233 86730
5649 83111 86691
5674 83064 86661
5699 83063 86630
5724 83056 86597
5749 83056 86572
5774 83064 86542
5799 83068 86515
5824 83066 86479
5849 82938 86445
5874 82883 86405
5899 82883 86374
5924 82883 86350
5949 82887 86325
5974 82888 86298
5999 82888 86265
6024 82880 86232
6049 82762 86196
6074 82712 86170
6099 82712 86147
6124 82713 86112
6149 82716 86088
6174 82720 86068
6199 82720 86044
6224 82720 86009
6249 82601 85976
6274 82555 85942
6299 82558 85907
6324 82558 85871
6349 82556 85842
6374 82559 85811
6399 82558 85779
6424 82558 85753
6449 82458 85735
6474 82394 85704
6499 82396 85677
6524 82393 85650
6549 82393 85618
6574 82394 85597
6599 82399 85563
6624 82396 85532
6649 82332 85504
6674 82286 85468
6699 82289 85437
6724 82293 85409
6749 82291 85381
6774 82288 85349
6799 82291 85325
6824 82293 85303
6849 82214 85275
6874 82178 85259
6899 82179 85232
6924 82177 85208
6949 82172 85182
6974 82173 85158
6999 82177 85126
7024 82176 85104
7049 82079 85077
7074 82036 85051
7099 82042 85029
7124 82047 85005
7149 82044 84969
7174 82045 84944
7199 82053 84910
7224 82050 84888
7249 81965 84857
7274 81924 84830
7299 81921 84806
7324 81924 84783
7349 81920 84765
7374 81922 84738
7399 81923 84720
7424 81925 84688
7449 81873 84673
7474 81833 84654
7499 81832 84627
7524 81829 84600
7549 81835 84571
7574 81837 84543
7599 81844 84518
7624 81842 84496
7649 81784 84478
7674 81739 84457
7699 81735 84439
7724 81737 84414
7749 81740 84393
7774 81742 84373
7799 81743 84358
7824 81745 84337
7849 81694 84304
7874 81651 84287
7899 81651 84263
7924 81657 84241
7949 81662 84214
7974 81666 84189
7999 81666 84162
8024 81670 84141
8049 81629 84112
8074 81603 84084
8099 81601 84058
8124 81600 84040
8149 81602 84017
8174 81605 84000
8199 81604 83978
8224 81605 83952
8249 81568 83930
8274 81523 83915
8299 81522 83892
8324 81522 83875
8349 81530 83853
8374 81530 83839
8399 81532 83817
8424 81525 83797
8449 81487 83777
8474 81461 83759
8499 81464 83729
8524 81462 83712
8549 81466 83688
8574 81469 83670
8599 81470 83652
8624 81473 83636
8649 81458 83614
8674 81439 83604
8699 81437 83585
8724 81439 83568
8749 81441 83558
8774 81445 83537
8799 81446 83517
8824 81448 83507
8849 81421 83489
8874 81398 83475
8899 81396 83457
8924 81397 83440
8949 81398 83424
8974 81402 83407
8999 81405 83395
9024 81403 83384
9049 81391 83373
9074 81375 83353
9099 81381 83334
9124 81381 83320
9149 81387 83299
9174 81391 83286
9199 81394 83269
9224 81399 83252
9249 81378 83234
9274 81356 83219
9299 81352 83209
9324 81351 83194
9349 81355 83170
9374 81361 83156
9399 81368 83141
9424 81368 83121
9449 81349 83102
9474 81334 83085
9499 81333 83075
9524 81334 83064
9549 81338 83044
9574 81339 83028
9599 81343 83012
9624 81347 83000
9649 81324 82982
9674 81318 82968
9699 81322 82948
9724 81327 82941
9749 81310 82926
9774 81245 82916
9799 81248 82901
9824 81253 82890
9849 81243 82872
9874 81241 82864
9899 81238 82853
9924 81238 82835
9949 81195 82824
9974 81001 82811
9999 81005 82795
10024 81009 82779
10049 81016 82764
10074 81029 82747
10099 81031 82734
10124 81036 82716
10149 80935 82703
10174 80733 82686
10199 80734 82668
10224 80739 82655
10249 80742 82644
10274 80752 82631
10299 80756 82617
10324 80763 82604
10349 80634 82590
10374 80450 82579
10399 80449 82563
10424 80453 82553
10449 80460 82543
10474 80464 82531
10499 80472 82516
10524 80477 82502
10549 80377 82491
10574 80168 82469
10599 80156 82456
10624 80168 82445
10649 80178 82436
10674 80191 82428
10699 80198 82414
10724 80205 82402
10749 80083 82386
10774 79920 82373
10799 79930 82353
10824 79938 82340
10849 79958 82324
10874 79972 82313
10899 79984 82300
10924 79987 82279
10949 79838 82263
10974 79632 82243
10999 79629 82234
11024 79642 82215
11049 79658 82200
11074 79660 82188
11099 79672 82176
11124 79679 82158
11149 79536 82150
11174 79340 82137
11199 79341 82129
11224 79353 82112
11249 79363 82098
11274 79378 82081
11299 79389 82068
11324 79398 82054
11349 79261 82036
11374 79105 82011
11399 79104 81996
11424 79113 81980
11449 79129 81962
11474 79144 81942
11499 79153 81928
11524 79154 81915
11549 78986 81899
11574 78802 81886
11599 78804 81873
11624 78820 81857
11649 78835 81841
11674 78858 81821
11699 78874 81801
11724 78881 81781
11749 78725 81760
11774 78531 81743
11799 78537 81719
11824 78552 81695
11849 78575 81669
11874 78594 81650
11899 78606 81636
11924 78613 81616
11949 78436 81589
11974 78262 81568
11999 78260 81544
12024 78278 81519
12049 78292 81499
12074 78310 81482
12099 78323 81458
12124 78338 81439
12149 78150 81418
12174 77977 81398
12199 77975 81376
12224 77989 81349
12249 78000 81326
12274 78020 81299
12299 78028 81281
12324 78046 81264
12349 77907 81235
12374 77738 81213
12399 77737 81186
12424 77745 81169
12449 77763 81149
12474 77782 81127
12499 77798 81110
12524 77796 81093
12549 77618 81070
12574 77460 81048
12599 77470 81017
12624 77493 80987
12649 77512 80962
12674 77527 80933
12699 77548 80897
12724 77540 80864
12749 77376 80835
12774 77189 80805
12799 77188 80775
12824 77207 80738
12849 77227 80706
12874 77235 80682
12899 77244 80654
12924 77252 80622
12949 77095 80595
12974 76919 80563
12999 76919 80536
13024 76923 80511
13049 76941 80486
13074 76956 80456
13099 76985 80428
13124 76984 80407
13149 76844 80378
13174 76677 80358
13199 76682 80329
13224 76695 80303
13249 76712 80278
13274 76733 80255
13299 76748 80227
13324 76739 80200
13349 76562 80161
13374 76424 80126
13399 76418 80090
13424 76431 80050
13449 76448 80024
13474 76466 79996
13499 76480 79969
13524 76488 79951
13549 76346 79924
13574 76196 79901
13599 76200 79876
13624 76219 79844
13649 76241 79807
13674 76256 79784
13699 76272 79757
13724 76266 79735
13749 76121 79704
13774 75965 79679
13799 75966 79649
13824 75976 79621
13849 75982 79599
13874 75993 79570
13899 76002 79540
13924 76007 79503
13949 75858 79477
13974 75729 79451
13999 75726 79428
14024 75738 79386
14049 75749 79349
14074 75770 79318
14099 75790 79282
14124 75789 79251
14149 75648 79224
14174 75510 79194
14199 75505 79169
14224 75516 79142
14249 75527 79107
14274 75538 79083
14299 75549 79057
14324 75554 79030
14349 75406 79005
14374 75287 78980
14399 75294 78955
14424 75299 78928
14449 75313 78906
14474 75331 78876
14499 75345 78856
14524 75354 78820
14549 75239 78797
14574 75101 78773
14599 75102 78739
14624 75104 78714
14649 75109 78685
14674 75115 78661
14699 75125 78633
14724 75138 78587
14749 74992 78551
14774 74867 78525
14799 74871 78490
14824 74887 78460
14849 74904 78426
14874 74916 78399
14899 74926 78372
14924 74934 78343
14949 74799 78319
14974 74694 78297
14999 74694 78273
15024 74713 78241
15049 74720 78217
15074 74728 78188
15099 74738 78161
15124 74742 78141
15149 74627 78115
15174 74524 78097
15199 74522 78074
15224 74529 78049
15249 74541 78014
15274 74551 77980
15299 74559 77942
15324 74563 77917
15349 74452 77888
15374 74348 77864
15399 74354 77835
15424 74356 77802
15449 74376 77765
15474 74386 77728
15499 74392 77709
15524 74399 77682
15549 74292 77650
15574 74189 77620
15599 74186 77586
15624 74199 77560
15649 74210 77537
15674 74224 77508
15699 74237 77481
15724 74245 77455
15749 74135 77422
15774 74033 77400
15799 74036 77376
15824 74042 77351
15849 74049 77328
15874 74058 77303
15899 74070 77280
15924 74076 77265
15949 73972 77238
15974 73880 77214
15999 73882 77175
16024 73885 77155
16049 73889 77122
16074 73903 77106
16099 73908 77081
16124 73918 77054
16149 73842 77023
16174 73767 77002
16199 73774 76977
16224 73779 76948
16249 73784 76925
16274 73801 76891
16299 73811 76868
16324 73811 76840
16349 73744 76821
16374 73642 76791
16399 73647 76767
16424 73651 76750
16449 73664 76728
16474 73680 76712
16499 73690 76679
16524 73692 76653
16549 73628 76634
16574 73527 76610
16599 73533 76590
16624 73541 76570
16649 73542 76550
16674 73550 76527
16699 73560 76499
16724 73568 76480
16749 73499 76465
16774 73422 76434
16799 73435 76409
16824 73438 76383
16849 73440 76351
16874 73447 76330
16899 73455 76306
16924 73468 76270
16949 73398 76251
16974 73336 76224
16999 73333 76203
17024 73340 76190
17049 73349 76160
17074 73360 76144
17099 73368 76116
17124 73374 76095
17149 73323 76074
17174 73249 76048
17199 73244 76032
17224 73247 76014
17249 73257 75983
17274 73271 75963
17299 73274 75943
17324 73282 75925
17349 73235 75907
17374 73177 75883
17399 73180 75862
17424 73190 75845
17449 73202 75824
17474 73205 75808
17499 73213 75792
17524 73218 75778
17549 73173 75763
17574 73109 75744
17599 73098 75725
17624 73114 75703
17649 73126 75681
17674 73135 75662
17699 73147 75635
17724 73157 75609
17749 73111 75593
17774 73061 75578
17799 73063 75558
17824 73072 75544
17849 73083 75519
17874 73094 75501
17899 73104 75475
17924 73113 75455
17949 73059 75441
17974 73011 75425
17999 73022 75404
18024 73037 75384
18049 73041 75366
18074 73053 75352
18099 73060 75334
18124 73069 75319
18149 73018 75300
18174 72972 75288
18199 72981 75267
18224 72985 75253
18249 72994 75227
18274 72996 75212
18299 73004 75193
18324 73012 75176
18349 72982 75160
18374 72937 75142
18399 72934 75128
18424 72942 75108
18449 72947 75089
18474 72957 75070
18499 72970 75056
18524 72974 75043
18549 72938 75025
18574 72899 75006
18599 72901 74998
18624 72907 74989
18649 72914 74975
18674 72924 74961
18699 72930 74952
18724 72940 74937
18749 72912 74921
18774 72888 74904
18799 72886 74890
18824 72892 74873
18849 72898 74858
18874 72910 74843
18899 72919 74822
18924 72932 74797
18949 72905 74785
18974 72874 74774
18999 72878 74761
19024 72886 74744
19049 72888 74730
19074 72898 74721
19099 72904 74706
19124 72910 74687
19149 72904 74671
19174 72874 74658
19199 72877 74643
19224 72879 74634
19249 72881 74616
19274 72891 74603
19299 72904 74587
19324 72914 74566
19349 72904 74554
19374 72877 74547
19399 72881 74537
19424 72887 74524
19449 72893 74509
19474 72907 74496
19499 72918 74488
19524 72927 74473
19549 72927 74463
19574 72902 74450
19599 72899 74439
19624 72906 74426
19649 72917 74412
19674 72927 74398
19699 72939 74384
19724 72945 74374
19749 72934 74358
19774 72917 74345
19799 72917 74332
19824 72926 74324
19849 72937 74310
19874 72950 74301
19899 72953 74292
19924 72959 74276
19949 72965 74269
19974 72950 74262
19999 72951 74248
20024 72960 74236
20049 72959 74221
20074 72958 74215
20099 72960 74205
20124 72962 74192
20149 72967 74177
20174 72955 74168
20199 72964 74162
20224 72968 74152
20249 72923 74141
20274 72839 74133
20299 72847 74124
20324 72842 74113
20349 72848 74107
20374 72864 74098
20399 72875 74088
20424 72890 74076
20449 72770 74070
20474 72688 74063
20499 72684 74053
20524 72686 74049
20549 72695 74044
20574 72708 74033
20599 72722 74022
20624 72720 74013
20649 72591 73998
20674 72518 73983
20699 72522 73970
20724 72531 73960
20749 72539 73951
20774 72552 73942
20799 72559 73937
20824 72551 73926
20849 72445 73914
20874 72355 73907
20899 72360 73898
20924 72360 73890
20949 72367 73879
20974 72374 73874
20999 72398 73861
21024 72399 73848
21049 72284 73839
21074 72208 73830
21099 72213 73819
21124 72217 73815
21149 72222 73801
21174 72228 73790
21199 72237 73787
21224 72238 73772
21249 72150 73767
21274 72053 73755
21299 72060 73746
21324 72064 73735
21349 72067 73727
21374 72073 73720
21399 72081 73715
21424 72086 73710
21449 71997 73701
21474 71896 73695
21499 71893 73686
21524 71905 73677
21549 71910 73662
21574 71922 73655
21599 71926 73648
21624 71933 73642
21649 71834 73631
21674 71749 73625
21699 71748 73618
21724 71748 73610
21749 71760 73597
21774 71764 73589
21799 71776 73575
21824 71783 73567
21849 71675 73561
21874 71603 73551
21899 71603 73541
21924 71615 73533
21949 71626 73527
21974 71637 73515
21999 71646 73515
22024 71646 73504
22049 71542 73490
22074 71472 73481
22099 71479 73476
22124 71484 73466
22149 71500 73460
22174 71507 73454
22199 71512 73447
22224 71515 73436
22249 71411 73427
22274 71316 73420
22299 71318 73412
22324 71322 73399
22349 71330 73394
22374 71340 73386
22399 71351 73380
22424 71359 73367
22449 71266 73356
22474 71175 73345
22499 71175 73341
22524 71178 73329
22549 71190 73320
22574 71201 73309
22599 71209 73303
22624 71209 73299
22649 71119 73293
22674 71044 73280
22699 71049 73270
22724 71056 73259
22749 71062 73251
22774 71069 73240
22799 71080 73232
22824 71086 73220
22849 70999 73210
22874 70900 73200
22899 70901 73188
22924 70906 73177
22949 70915 73169
22974 70920 73157
22999 70929 73143
23024 70936 73137
23049 70849 73126
23074 70768 73117
23099 70771 73107
23124 70774 73097
23149 70781 73089
23174 70788 73076
23199 70794 73069
23224 70798 73059
23249 70714 73053
23274 70637 73040
23299 70638 73033
23324 70643 73021
23349 70650 73010
23374 70656 72999
23399 70663 72992
23424 70663 72983
23449 70569 72970
23474 70508 72962
23499 70506 72951
23524 70507 72939
23549 70510 72930
23574 70520 72919
23599 70533 72907
23624 70540 72900
23649 70455 72884
23674 70380 72871
23699 70382 72859
23724 70385 72849
23749 70397 72837
23774 70400 72828
23799 70406 72815
23824 70408 72802
23849 70332 72785
23874 70261 72774
23899 70269 72769
23924 70278 72757
23949 70288 72745
23974 70305 72736
23999 70313 72727
24024 70319 72711
24049 70213 72704
24074 70137 72690
24099 70137 72678
24124 70141 72668
24149 70144 72655
24174 70150 72644
24199 70149 72634
24224 70152 72624
24249 70067 72614
24274 69992 72598
24299 69992 72585
24324 69999 72571
24349 70009 72560
24374 70012 72546
24399 70019 72531
24424 70020 72517
24449 69945 72501
24474 69891 72492
24499 69894 72482
24524 69897 72467
24549 69903 72447
24574 69908 72437
24599 69913 72424
24624 69919 72411
24649 69834 72399
24674 69768 72389
24699 69772 72380
24724 69781 72363
24749 69791 72346
24774 69793 72337
24799 69796 72323
24824 69803 72308
24849 69734 72294
24874 69677 72274
24899 69682 72254
24924 69684 72240
24949 69690 72228
24974 69705 72212
24999 69716 72200
25024 69722 72189
25049 69628 72179
25074 69556 72168
25099 69558 72148
25124 69566 72136
25149 69571 72121
25174 69574 72102
25199 69579 72095
25224 69581 72080
25249 69512 72061
25274 69459 72044
25299 69459 72031
25324 69465 72024
25349 69468 72007
25374 69476 71993
25399 69484 71975
25424 69489 71955
25449 69419 71939
25474 69361 71929
25499 69368 71913
25524 69369 71898
25549 69373 71886
25574 69382 71871
25599 69386 71861
25624 69391 71854
25649 69337 71842
25674 69277 71828
25699 69278 71818
25724 69282 71801
25749 69292 71782
25774 69300 71771
25799 69307 71758
25824 69311 71741
25849 69247 71729
25874 69195 71715
25899 69190 71701
25924 69196 71681
25949 69199 71671
25974 69204 71656
25999 69214 71645
26024 69218 71627
26049 69157 71612
26074 69114 71591
26099 69112 71571
26124 69122 71560
26149 69134 71546
26174 69136 71533
26199 69145 71513
26224 69151 71499
26249 69077 71488
26274 69032 71476
26299 69036 71458
26324 69044 71448
26349 69044 71443
26374 69049 71432
26399 69056 71415
26424 69065 71401
26449 69017 71379
26474 68969 71366
26499 68971 71353
26524 68977 71343
26549 68978 71331
26574 68985 71314
26599 68988 71308
26624 68991 71290
26649 68925 71269
26674 68882 71255
26699 68884 71241
26724 68893 71230
26749 68895 71216
26774 68896 71205
26799 68904 71193
26824 68907 71180
26849 68878 71164
26874 68846 71155
26899 68849 71139
26924 68850 71131
26949 68860 71116
26974 68873 71104
26999 68880 71089
27024 68883 71081
27049 68836 71072
27074 68787 71063
27099 68789 71048
27124 68790 71037
27149 68797 71029
27174 68802 71015
27199 68808 71000
27224 68817 70990
27249 68769 70969
27274 68742 70950
27299 68746 70932
27324 68748 70921
27349 68752 70908
27374 68761 70887
27399 68767 70864
27424 68770 70854
27449 68731 70836
27474 68694 70824
27499 68691 70807
27524 68696 70796
27549 68705 70782
27574 68710 70763
27599 68713 70752
27624 68714 70739
27649 68674 70721
27674 68659 70708
27699 68660 70694
27724 68661 70676
27749 68664 70661
27774 68672 70650
27799 68673 70638
27824 68675 70624
27849 68656 70610
27874 68628 70600
27899 68632 70593
27924 68634 70585
27949 68635 70574
27974 68641 70561
27999 68649 70548
28024 68654 70530
28049 68628 70518
28074 68603 70506
28099 68603 70497
28124 68604 70483
28149 68617 70474
28174 68624 70458
28199 68635 70448
28224 68641 70442
28249 68606 70434
28274 68581 70425
28299 68582 70421
28324 68588 70410
28349 68596 70397
28374 68599 70381
28399 68603 70366
28424 68607 70353
28449 68594 70342
28474 68574 70337
28499 68574 70328
28524 68573 70318
28549 68576 70307
28574 68581 70295
28599 68589 70278
28624 68594 70271
28649 68586 70260
28674 68569 70253
28699 68570 70242
28724 68568 70235
28749 68573 70225
28774 68580 70212
28799 68590 70199
28824 68599 70187
28849 68581 70173
28874 68565 70159
28899 68563 70145
28924 68560 70136
28949 68564 70127
28974 68567 70116
28999 68573 70103
29024 68577 70090
29049 68570 70081
29074 68554 70071
29099 68560 70062
29124 68559 70054
29149 68567 70041
29174 68574 70028
29199 68581 70017
29224 68590 70002
29249 68593 69995
29274 68577 69987
29299 68574 69978
29324 68577 69969
29349 68583 69963
29374 68591 69952
29399 68604 69948
29424 68611 69942
29449 68605 69930
29474 68591 69914
29499 68600 69902
29524 68608 69895
29549 68611 69888
29574 68618 69879
29599 68627 69867
29624 68633 69857
29649 68625 69846
29674 68606 69832
29699 68608 69825
29724 68608 69813
29749 68614 69804
29774 68616 69797
29799 68624 69789
29824 68633 69782
29849 68632 69776
29874 68603 69771
29899 68600 69760
29924 68607 69754
29949 68618 69746
29974 68576 69737
29999 68595 69726
30024 68604 69717
30049 68614 69707
30074 68600 69701
30099 68603 69693
30124 68615 69677
30149 68571 69669
30174 68458 69659
30199 68466 69654
30224 68471 69645
30249 68480 69640
30274 68488 69636
30299 68497 69625
30324 68504 69619
30349 68419 69615
30374 68307 69604
30399 68309 69594
30424 68320 69588
30449 68330 69573
30474 68343 69570
30499 68362 69561
30524 68367 69554
30549 68256 69547
30574 68139 69538
30599 68147 69532
30624 68141 69522
30649 68162 69513
30674 68176 69503
30699 68197 69496
30724 68204 69493
30749 68111 69488
30774 67982 69478
30799 67976 69470
30824 67991 69463
30849 68015 69460
30874 68037 69448
30899 68060 69442
30924 68067 69431
30949 67946 69424
30974 67823 69417
30999 67817 69411
31024 67836 69405
31049 67857 69398
31074 67872 69384
31099 67891 69381
31124 67902 69371
31149 67825 69361
31174 67690 69353
31199 67673 69341
31224 67687 69335
31249 67700 69329
31274 67716 69326
31299 67737 69319
31324 67748 69311
31349 67628 69299
31374 67519 69292
31399 67502 69285
31424 67509 69280
31449 67526 69275
31474 67543 69272
31499 67554 69267
31524 67563 69262
31549 67503 69255
31574 67397 69246
31599 67379 69241
31624 67393 69232
31649 67403 69221
31674 67417 69211
31699 67433 69203
31724 67444 69196
31749 67367 69188
31774 67256 69179
31799 67249 69170
31824 67265 69163
31849 67288 69158
31874 67313 69145
31899 67329 69137
31924 67337 69126
31949 67230 69121
31974 67120 69114
31999 67116 69109
32024 67124 69101
32049 67142 69096
32074 67163 69088
32099 67184 69082
32124 67194 69074
32149 67086 69068
32174 66972 69061
32199 66956 69060
32224 66967 69049
32249 66982 69042
32274 66997 69029
32299 67010 69022
32324 67024 69013
32349 66950 69004
32374 66850 68990
32399 66854 68972
32424 66865 68965
32449 66883 68956
32474 66898 68948
32499 66911 68941
32524 66916 68928
32549 66805 68920
32574 66700 68911
32599 66689 68901
32624 66703 68893
32649 66719 68886
32674 66735 68874
32699 66751 68866
32724 66758 68856
32749 66677 68847
32774 66589 68833
32799 66585 68827
32824 66592 68811
32849 66611 68802
32874 66622 68790
32899 66643 68780
32924 66653 68766
32949 66554 68758
32974 66433 68743
32999 66421 68733
33024 66429 68725
33049 66445 68707
33074 66458 68696
33099 66468 68687
33124 66481 68678
33149 66408 68667
33174 66325 68654
33199 66319 68644
33224 66331 68631
33249 66348 68623
33274 66364 68616
33299 66374 68609
33324 66376 68593
33349 66299 68585
33374 66193 68576
33399 66188 68568
33424 66199 68557
33449 66219 68543
33474 66235 68534
33499 66249 68527
33524 66259 68510
33549 66152 68500
33574 66059 68489
33599 66048 68477
33624 66059 68467
33649 66071 68457
33674 66091 68447
33699 66104 68438
33724 66109 68427
33749 66039 68412
33774 65948 68401
33799 65936 68391
33824 65940 68378
33849 65954 68362
33874 65968 68350
33899 65983 68343
33924 65992 68329
33949 65912 68314
33974 65832 68302
33999 65834 68288
34024 65842 68277
34049 65857 68268
34074 65869 68258
34099 65878 68247
34124 65883 68240
34149 65804 68230
34174 65701 68221
34199 65691 68209
34224 65695 68194
34249 65707 68181
34274 65721 68169
34299 65735 68157
34324 65749 68145
34349 65694 68132
34374 65593 68119
34399 65582 68103
34424 65582 68093
34449 65594 68080
34474 65604 68069
34499 65618 68055
34524 65625 68043
34549 65586 68031
34574 65497 68013
34599 65488 68000
34624 65489 67979
34649 65503 67967
34674 65518 67951
34699 65529 67940
34724 65535 67933
34749 65471 67919
34774 65376 67900
34799 65368 67882
34824 65375 67872
34849 65390 67864
34874 65396 67848
34899 65416 67836
34924 65417 67821
34949 65360 67804
34974 65290 67799
34999 65291 67793
35024 65294 67779
35049 65302 67762
35074 65309 67743
35099 65321 67733
35124 65332 67722
35149 65269 67711
35174 65177 67695
35199 65176 67682
35224 65185 67669
35249 65201 67657
35274 65214 67641
35299 65228 67629
35324 65233 67618
35349 65187 67604
35374 65106 67590
35399 65089 67576
35424 65098 67554
35449 65110 67545
35474 65117 67528
35499 65129 67513
35524 65139 67500
35549 65080 67487
35574 64989 67473
35599 64985 67455
35624 64995 67446
35649 65005 67435
35674 65017 67419
35699 65026 67406
35724 65034 67389
35749 64992 67378
35774 64923 67363
35799 64925 67350
35824 64922 67338
35849 64932 67323
35874 64947 67309
35899 64962 67297
35924 64971 67282
35949 64922 67270
35974 64832 67261
35999 64828 67252
36024 64836 67241
36049 64842 67227
36074 64851 67208
36099 64863 67196
36124 64874 67177
36149 64850 67159
36174 64783 67149
36199 64782 67131
36224 64793 67114
36249 64802 67103
36274 64811 67094
36299 64820 67083
36324 64833 67065
36349 64775 67058
36374 64709 67047
36399 64706 67032
36424 64706 67022
36449 64719 67006
36474 64735 66989
36499 64742 66977
36524 64743 66961
36549 64700 66947
36574 64630 66933
36599 64638 66920
36624 64643 66907
36649 64648 66892
36674 64659 66875
36699 64670 66867
36724 64677 66858
36749 64643 66843
36774 64581 66836
36799 64574 66827
36824 64585 66807
36849 64593 66792
36874 64601 66776
36899 64616 66759
36924 64623 66754
36949 64591 66745
36974 64533 66736
36999 64531 66723
37024 64539 66707
37049 64554 66692
37074 64566 66684
37099 64581 66668
37124 64588 66656
37149 64558 66646
37174 64498 66637
37199 64492 66626
37224 64492 66608
37249 64497 66595
37274 64505 66581
37299 64518 66568
37324 64525 66554
37349 64507 66542
37374 64455 66531
37399 64449 66521
37424 64457 66506
37449 64467 66495
37474 64468 66481
37499 64477 66467
37524 64482 66456
37549 64459 66438
37574 64418 66428
37599 64419 66414
37624 64424 66404
37649 64432 66393
37674 64442 66378
37699 64449 66365
37724 64450 66359
37749 64431 66351
37774 64376 66337
37799 64375 66327
37824 64383 66317
37849 64393 66302
37874 64405 66291
37899 64413 66283
37924 64420 66268
37949 64401 66257
37974 64355 66246
37999 64346 66232
38024 64353 66225
38049 64360 66212
38074 64373 66207
38099 64380 66180
38124 64386 66170
38149 64362 66165
38174 64318 66150
38199 64315 66137
38224 64321 66126
38249 64330 66112
38274 64342 66099
38299 64351 66082
38324 64363 66073
38349 64349 66063
38374 64304 66052
38399 64295 66039
38424 64305 66028
38449 64317 66010
38474 64330 65993
38499 64345 65985
38524 64351 65977
38549 64348 65969
38574 64306 65961
38599 64305 65955
38624 64303 65946
38649 64313 65936
38674 64325 65926
38699 64335 65921
38724 64343 65908
38749 64343 65896
38774 64303 65889
38799 64299 65883
38824 64305 65872
38849 64312 65856
38874 64321 65844
38899 64330 65836
38924 64339 65825
38949 64338 65816
38974 64310 65804
38999 64315 65795
39024 64314 65788
39049 64325 65780
39074 64333 65773
39099 64339 65765
39124 64351 65761
39149 64340 65752
39174 64300 65741
39199 64295 65733
39224 64303 65718
39249 64315 65710
39274 64326 65701
39299 64331 65692
39324 64342 65679
39349 64341 65673
39374 64301 65664
39399 64301 65657
39424 64307 65647
39449 64315 65638
39474 64325 65632
39499 64335 65624
39524 64342 65608
39549 64334 65601
39574 64300 65592
39599 64303 65586
39624 64303 65576
39649 64312 65570
39674 64321 65557
39699 64325 65551
39724 64336 65548
39749 64334 65537
39774 64311 65528
39799 64309 65519
39824 64317 65507
39849 64327 65498
39874 64332 65496
39899 64339 65488
39924 64350 65478
39949 64359 65465
39974 64359 65457
39999 64360 65449
