
Iteration / Electron np / Ion np
4 99936 100000
9 99848 99999
14 99793 99998
19 99569 99997
24 99089 99997
29 98582 99997
34 97785 99997
39 96856 99997
44 95823 99997
49 94784 99997
54 93942 99997
59 93271 99997
64 92800 99994
69 92797 99991
74 92797 99990
79 92797 99988
84 92797 99986
89 92797 99984
94 92797 99984
99 92798 99982
104 92798 99980
109 92798 99979
114 92798 99978
119 92796 99974
124 92796 99972
129 92797 99968
134 92798 99964
139 92798 99960
144 92799 99954
149 92798 99953
154 92797 99950
159 92794 99944
164 92793 99939
169 92793 99936
174 92794 99930
179 92794 99926
184 92795 99922
189 92795 99915
194 92795 99907
199 92795 99903
