Iteration / Electron np / Ion np
24 98890 100000
49 94678 99998
74 93121 99987
99 93125 99971
124 93125 99948
149 93130 99920
174 93135 99877
199 93141 99834
224 93152 99775
249 93082 99711
274 93072 99636
299 93076 99557
324 93090 99478
349 93062 99401
374 93070 99303
399 93083 99204
424 93103 99112
449 92815 99009
474 92815 98916
499 92816 98800
524 92826 98680
549 92846 98572
574 92850 98462
599 92868 98355
624 92735 98242
649 92478 98136
674 92490 98018
699 92467 97910
724 92480 97793
749 92488 97678
774 92510 97567
799 92514 97457
824 92186 97348
849 92182 97243
874 92067 97127
899 91989 97009
924 91991 96914
949 91998 96800
974 92014 96699
999 92012 96595
1024 91962 96492
1049 91939 96391
1074 90964 96295
1099 90967 96188
1124 90977 96091
1149 90992 95990
1174 91011 95897
1199 91019 95821
1224 91029 95740
1249 90385 95645
1274 90397 95562
1299 90391 95467
1324 90406 95372
1349 90414 95284
1374 90428 95194
1399 90441 95105
1424 90429 95020
1449 90423 94935
1474 89918 94842
1499 89921 94767
1524 89927 94687
1549 89933 94612
1574 89943 94536
1599 89960 94449
1624 89926 94359
1649 89512 94290
1674 89509 94227
1699 89494 94148
1724 89489 94072
1749 89505 94004
1774 89513 93929
1799 89519 93865
1824 89519 93800
1849 89030 93715
1874 88875 93643
1899 88877 93574
1924 88888 93484
1949 88890 93429
1974 88899 93364
1999 88904 93309
2024 88881 93236
2049 88839 93162
2074 88514 93082
2099 88510 93022
2124 88512 92962
2149 88519 92885
2174 88525 92827
2199 88533 92766
2224 88467 92712
2249 88409 92666
2274 88253 92604
2299 88243 92526
2324 88247 92469
2349 88252 92413
2374 88264 92353
2399 88255 92306
2424 88183 92250
2449 87816 92206
2474 87794 92161
2499 87796 92109
2524 87798 92059
2549 87799 91996
2574 87807 91952
2599 87819 91895
2624 87806 91839
2649 87336 91779
2674 87310 91722
2699 87311 91653
2724 87320 91593
2749 87326 91538
2774 87333 91471
2799 87338 91412
2824 87328 91356
2849 86958 91304
2874 86913 91255
2899 86917 91201
2924 86922 91147
2949 86924 91091
2974 86930 91030
2999 86938 90990
3024 86926 90956
3049 86624 90905
3074 86571 90860
3099 86572 90823
3124 86574 90777
3149 86584 90736
3174 86593 90695
3199 86583 90646
3224 86576 90611
3249 86268 90551
3274 86222 90507
3299 86221 90463
3324 86224 90410
3349 86230 90365
3374 86232 90327
3399 86234 90283
3424 86227 90222
3449 85959 90175
3474 85917 90128
3499 85910 90092
3524 85919 90045
3549 85920 90005
3574 85923 89970
3599 85933 89926
3624 85915 89885
3649 85672 89842
3674 85633 89798
3699 85633 89768
3724 85637 89726
3749 85640 89684
3774 85640 89649
3799 85651 89603
3824 85629 89558
3849 85396 89519
3874 85317 89467
3899 85319 89425
3924 85321 89372
3949 85321 89333
3974 85324 89297
3999 85327 89249
4024 85315 89197
4049 85079 89158
4074 85009 89119
4099 85007 89076
4124 85016 89039
4149 85018 88996
4174 85022 88954
4199 85024 88917
4224 85009 88874
4249 84780 88841
4274 84723 88803
4299 84721 88775
4324 84730 88718
4349 84738 88684
4374 84740 88652
4399 84748 88616
4424 84726 88581
4449 84513 88539
4474 84450 88485
4499 84446 88436
4524 84454 88381
4549 84452 88350
4574 84451 88299
4599 84457 88255
4624 84443 88221
4649 84257 88184
4674 84217 88156
4699 84215 88123
4724 84211 88091
4749 84216 88058
4774 84223 88020
4799 84225 87990
4824 84213 87947
4849 84005 87908
4874 83947 87866
4899 83943 87836
4924 83941 87808
4949 83947 87780
4974 83951 87743
4999 83955 87704
5024 83952 87652
5049 83783 87614
5074 83725 87576
5099 83733 87530
5124 83740 87499
5149 83738 87459
5174 83743 87418
5199 83744 87380
5224 83729 87343
5249 83554 87309
5274 83506 87279
5299 83501 87246
5324 83497 87209
5349 83500 87176
5374 83502 87146
5399 83501 87118
5424 83498 87079
5449 83362 87053
5474 83319 87014
5499 83323 86974
5524 83329 86945
5549 83327 86902
5574 83330 86868
5599 83333 86836
5624 83329 86808
5649 83158 86777
5674 83116 86748
5699 83120 86707
5724 83122 86672
5749 83130 86633
5774 83131 86603
5799 83131 86570
5824 83124 86539
5849 83003 86498
5874 82957 86469
5899 82951 86446
5924 82950 86418
5949 82952 86388
5974 82953 86354
5999 82951 86327
6024 82944 86302
6049 82828 86279
6074 82783 86248
6099 82783 86216
6124 82785 86188
6149 82794 86160
6174 82792 86136
6199 82796 86116
6224 82788 86095
6249 82690 86068
6274 82632 86045
6299 82633 86018
6324 82637 85981
6349 82639 85952
6374 82643 85909
6399 82644 85882
6424 82641 85843
6449 82515 85808
6474 82473 85775
6499 82474 85740
6524 82474 85712
6549 82477 85685
6574 82481 85641
6599 82480 85613
6624 82478 85583
6649 82397 85559
6674 82346 85540
6699 82346 85509
6724 82342 85492
6749 82346 85468
6774 82350 85431
6799 82350 85403
6824 82346 85378
6849 82237 85360
6874 82208 85329
6899 82206 85309
6924 82215 85283
6949 82216 85254
6974 82222 85226
6999 82227 85196
7024 82222 85163
7049 82131 85133
7074 82089 85107
7099 82084 85086
7124 82087 85060
7149 82093 85015
7174 82096 84996
7199 82096 84965
7224 82101 84937
7249 82021 84912
7274 81990 84894
7299 81986 84867
7324 81985 84841
7349 81993 84810
7374 81994 84791
7399 81993 84766
7424 81990 84745
7449 81930 84725
7474 81896 84704
7499 81897 84681
7524 81902 84646
7549 81903 84633
7574 81907 84611
7599 81913 84590
7624 81914 84563
7649 81858 84538
7674 81817 84514
7699 81816 84492
7724 81819 84466
7749 81818 84453
7774 81821 84430
7799 81824 84406
7824 81829 84384
7849 81781 84365
7874 81750 84348
7899 81750 84331
7924 81756 84309
7949 81759 84289
7974 81756 84266
7999 81762 84242
8024 81761 84222
8049 81712 84197
8074 81685 84176
8099 81683 84160
8124 81687 84133
8149 81685 84116
8174 81689 84098
8199 81692 84078
8224 81693 84054
8249 81655 84035
8274 81631 84006
8299 81630 83984
8324 81631 83964
8349 81633 83951
8374 81634 83926
8399 81636 83905
8424 81640 83885
8449 81606 83860
8474 81580 83839
8499 81579 83813
8524 81578 83795
8549 81582 83775
8574 81583 83753
8599 81585 83730
8624 81590 83708
8649 81559 83687
8674 81533 83673
8699 81535 83655
8724 81535 83645
8749 81534 83632
8774 81538 83619
8799 81541 83599
8824 81538 83579
8849 81519 83563
8874 81492 83549
8899 81492 83533
8924 81497 83516
8949 81498 83502
8974 81499 83493
8999 81501 83470
9024 81501 83460
9049 81473 83447
9074 81457 83431
9099 81458 83414
9124 81460 83399
9149 81464 83378
9174 81462 83370
9199 81463 83348
9224 81467 83335
9249 81444 83318
9274 81421 83300
9299 81419 83276
9324 81420 83253
9349 81426 83235
9374 81427 83221
9399 81429 83206
9424 81434 83194
9449 81408 83175
9474 81400 83156
9499 81400 83141
9524 81406 83124
9549 81403 83111
9574 81403 83101
9599 81403 83089
9624 81408 83069
9649 81390 83050
9674 81381 83035
9699 81382 83015
9724 81381 83003
9749 81371 82988
9774 81308 82976
9799 81311 82957
9824 81319 82939
9849 81312 82925
9874 81315 82906
9899 81318 82885
9924 81328 82863
9949 81247 82845
9974 81075 82832
9999 81077 82818
10024 81083 82810
10049 81088 82802
10074 81096 82786
10099 81099 82769
10124 81105 82762
10149 81014 82747
10174 80806 82738
10199 80808 82720
10224 80816 82705
10249 80822 82690
10274 80828 82685
10299 80833 82672
10324 80832 82655
10349 80743 82641
10374 80538 82626
10399 80541 82612
10424 80547 82600
10449 80557 82590
10474 80563 82576
10499 80570 82566
10524 80577 82557
10549 80460 82543
10574 80262 82532
10599 80263 82519
10624 80274 82511
10649 80285 82500
10674 80300 82489
10699 80308 82476
10724 80321 82459
10749 80210 82450
10774 80010 82437
10799 80009 82427
10824 80017 82418
10849 80032 82393
10874 80040 82382
10899 80053 82363
10924 80055 82350
10949 79923 82333
10974 79753 82314
10999 79743 82302
11024 79749 82292
11049 79766 82271
11074 79780 82256
11099 79789 82242
11124 79795 82233
11149 79671 82225
11174 79481 82214
11199 79479 82205
11224 79492 82193
11249 79503 82177
11274 79520 82163
11299 79530 82154
11324 79537 82139
11349 79387 82121
11374 79217 82104
11399 79218 82086
11424 79228 82073
11449 79240 82055
11474 79253 82039
11499 79265 82019
11524 79273 82001
11549 79097 81986
11574 78927 81965
11599 78934 81945
11624 78947 81927
11649 78957 81907
11674 78970 81888
11699 78978 81870
11724 78985 81853
11749 78829 81835
11774 78652 81821
11799 78651 81802
11824 78670 81776
11849 78684 81755
11874 78699 81737
11899 78720 81720
11924 78733 81702
11949 78569 81680
11974 78389 81665
11999 78394 81651
12024 78403 81630
12049 78419 81610
12074 78430 81594
12099 78453 81571
12124 78467 81547
12149 78314 81514
12174 78141 81496
12199 78144 81472
12224 78155 81451
12249 78169 81426
12274 78184 81410
12299 78199 81389
12324 78204 81370
12349 78030 81355
12374 77880 81334
12399 77881 81325
12424 77903 81304
12449 77921 81287
12474 77938 81263
12499 77955 81238
12524 77956 81224
12549 77752 81192
12574 77587 81157
12599 77597 81137
12624 77607 81112
12649 77623 81082
12674 77634 81050
12699 77647 81021
12724 77662 80984
12749 77495 80953
12774 77325 80927
12799 77332 80890
12824 77344 80859
12849 77351 80828
12874 77361 80806
12899 77380 80781
12924 77386 80754
12949 77213 80728
12974 77055 80701
12999 77066 80676
13024 77070 80648
13049 77082 80620
13074 77086 80602
13099 77099 80580
13124 77096 80556
13149 76947 80521
13174 76827 80494
13199 76834 80472
13224 76844 80450
13249 76865 80420
13274 76878 80395
13299 76894 80359
13324 76902 80320
13349 76732 80291
13374 76586 80260
13399 76588 80224
13424 76600 80194
13449 76610 80151
13474 76621 80125
13499 76639 80096
13524 76644 80065
13549 76472 80039
13574 76327 80021
13599 76327 79995
13624 76334 79976
13649 76356 79947
13674 76371 79916
13699 76383 79891
13724 76386 79870
13749 76241 79850
13774 76105 79816
13799 76113 79793
13824 76122 79767
13849 76140 79741
13874 76156 79710
13899 76173 79670
13924 76167 79634
13949 76022 79601
13974 75895 79578
13999 75889 79538
14024 75901 79511
14049 75919 79467
14074 75931 79443
14099 75948 79421
14124 75957 79398
14149 75801 79350
14174 75684 79325
14199 75678 79302
14224 75688 79275
14249 75703 79248
14274 75714 79222
14299 75730 79193
14324 75737 79160
14349 75584 79125
14374 75461 79106
14399 75462 79075
14424 75465 79045
14449 75476 79023
14474 75485 79005
14499 75493 78984
14524 75499 78945
14549 75387 78914
14574 75272 78891
14599 75282 78856
14624 75296 78826
14649 75308 78801
14674 75321 78777
14699 75337 78738
14724 75334 78712
14749 75180 78692
14774 75070 78668
14799 75067 78645
14824 75076 78612
14849 75087 78581
14874 75092 78550
14899 75102 78523
14924 75115 78482
14949 74985 78461
14974 74885 78440
14999 74882 78408
15024 74890 78380
15049 74904 78361
15074 74912 78342
15099 74928 78311
15124 74935 78277
15149 74798 78249
15174 74680 78225
15199 74679 78207
15224 74683 78177
15249 74695 78141
15274 74702 78113
15299 74717 78079
15324 74723 78048
15349 74603 78011
15374 74508 77981
15399 74505 77954
15424 74515 77931
15449 74526 77910
15474 74537 77891
15499 74545 77872
15524 74554 77846
15549 74450 77811
15574 74377 77782
15599 74378 77763
15624 74388 77735
15649 74395 77715
15674 74413 77690
15699 74422 77664
15724 74431 77640
15749 74302 77611
15774 74212 77584
15799 74212 77554
15824 74228 77529
15849 74239 77506
15874 74249 77483
15899 74255 77462
15924 74262 77428
15949 74164 77402
15974 74082 77376
15999 74087 77353
16024 74095 77323
16049 74099 77289
16074 74111 77262
16099 74119 77237
16124 74131 77203
16149 74032 77180
16174 73966 77152
16199 73974 77127
16224 73981 77103
16249 73992 77086
16274 74001 77058
16299 74015 77034
16324 74018 77015
16349 73900 76989
16374 73822 76966
16399 73825 76934
16424 73833 76914
16449 73838 76882
16474 73847 76857
16499 73856 76828
16524 73863 76809
16549 73775 76795
16574 73692 76772
16599 73694 76748
16624 73696 76731
16649 73711 76701
16674 73722 76670
16699 73724 76653
16724 73730 76628
16749 73658 76599
16774 73610 76581
16799 73608 76560
16824 73616 76540
16849 73621 76516
16874 73628 76493
16899 73636 76463
16924 73643 76440
16949 73587 76418
16974 73512 76400
16999 73516 76373
17024 73522 76344
17049 73528 76319
17074 73536 76298
17099 73546 76281
17124 73554 76265
17149 73480 76244
17174 73427 76225
17199 73434 76205
17224 73435 76187
17249 73436 76164
17274 73446 76144
17299 73452 76128
17324 73461 76112
17349 73402 76091
17374 73355 76075
17399 73349 76064
17424 73353 76046
17449 73358 76028
17474 73366 76005
17499 73375 75988
17524 73384 75966
17549 73333 75939
17574 73297 75917
17599 73303 75889
17624 73301 75864
17649 73308 75850
17674 73321 75826
17699 73320 75804
17724 73335 75780
17749 73284 75758
17774 73225 75731
17799 73224 75715
17824 73227 75694
17849 73243 75679
17874 73250 75667
17899 73260 75651
17924 73272 75634
17949 73222 75605
17974 73179 75591
17999 73179 75578
18024 73184 75551
18049 73190 75537
18074 73199 75522
18099 73204 75503
18124 73222 75480
18149 73185 75463
18174 73139 75443
18199 73144 75428
18224 73149 75413
18249 73160 75394
18274 73164 75375
18299 73179 75361
18324 73188 75341
18349 73161 75325
18374 73126 75314
18399 73134 75293
18424 73137 75281
18449 73143 75267
18474 73152 75253
18499 73165 75240
18524 73172 75230
18549 73137 75219
18574 73083 75201
18599 73088 75181
18624 73099 75165
18649 73112 75152
18674 73121 75137
18699 73125 75122
18724 73137 75107
18749 73108 75088
18774 73074 75068
18799 73083 75053
18824 73091 75039
18849 73094 75027
18874 73097 75013
18899 73108 74992
18924 73114 74979
18949 73101 74959
18974 73084 74945
18999 73087 74925
19024 73094 74909
19049 73100 74897
19074 73108 74884
19099 73113 74869
19124 73130 74854
19149 73105 74836
19174 73074 74824
19199 73064 74816
19224 73074 74796
19249 73082 74778
19274 73096 74771
19299 73114 74755
19324 73118 74749
19349 73096 74740
19374 73077 74727
19399 73076 74707
19424 73086 74692
19449 73094 74670
19474 73103 74659
19499 73108 74647
19524 73113 74637
19549 73109 74628
19574 73079 74621
19599 73075 74607
19624 73083 74599
19649 73091 74588
19674 73101 74577
19699 73111 74564
19724 73120 74557
19749 73104 74543
19774 73089 74530
19799 73082 74518
19824 73091 74507
19849 73103 74499
19874 73115 74491
19899 73138 74476
19924 73145 74464
19949 73128 74448
19974 73114 74435
19999 73112 74420
20024 73117 74412
20049 73121 74403
20074 73105 74397
20099 73112 74389
20124 73118 74377
20149 73132 74369
20174 73125 74362
20199 73136 74351
20224 73146 74340
20249 73085 74331
20274 73008 74323
20299 73015 74305
20324 73026 74291
20349 73032 74278
20374 73043 74266
20399 73051 74263
20424 73049 74247
20449 72939 74240
20474 72839 74228
20499 72846 74221
20524 72854 74206
20549 72871 74190
20574 72886 74184
20599 72896 74177
20624 72901 74162
20649 72747 74151
20674 72659 74145
20699 72657 74137
20724 72662 74122
20749 72671 74112
20774 72687 74108
20799 72698 74101
20824 72696 74094
20849 72578 74088
20874 72487 74085
20899 72489 74075
20924 72500 74066
20949 72508 74060
20974 72527 74048
20999 72535 74040
21024 72536 74028
21049 72431 74021
21074 72340 74007
21099 72344 73996
21124 72356 73985
21149 72365 73973
21174 72367 73964
21199 72375 73955
21224 72386 73944
21249 72282 73936
21274 72180 73928
21299 72182 73920
21324 72190 73909
21349 72209 73901
21374 72223 73892
21399 72232 73883
21424 72232 73878
21449 72112 73871
21474 72032 73862
21499 72036 73851
21524 72043 73848
21549 72053 73839
21574 72067 73831
21599 72086 73818
21624 72092 73807
21649 71972 73802
21674 71898 73799
21699 71892 73790
21724 71900 73778
21749 71919 73766
21774 71928 73753
21799 71937 73747
21824 71943 73736
21849 71836 73726
21874 71731 73713
21899 71733 73702
21924 71741 73693
21949 71753 73681
21974 71758 73671
21999 71773 73663
22024 71778 73656
22049 71669 73645
22074 71580 73636
22099 71587 73626
22124 71595 73621
22149 71604 73606
22174 71611 73598
22199 71620 73593
22224 71634 73581
22249 71532 73571
22274 71442 73558
22299 71444 73549
22324 71456 73541
22349 71461 73529
22374 71465 73519
22399 71477 73507
22424 71492 73497
22449 71389 73489
22474 71306 73477
22499 71310 73469
22524 71318 73463
22549 71325 73456
22574 71336 73443
22599 71348 73438
22624 71348 73432
22649 71253 73423
22674 71158 73414
22699 71163 73405
22724 71165 73396
22749 71178 73383
22774 71183 73369
22799 71189 73358
22824 71193 73351
22849 71095 73337
22874 71015 73325
22899 71009 73320
22924 71014 73312
22949 71025 73300
22974 71038 73290
22999 71045 73283
23024 71048 73272
23049 70956 73264
23074 70878 73260
23099 70879 73252
23124 70885 73243
23149 70895 73233
23174 70903 73226
23199 70912 73219
23224 70915 73212
23249 70826 73197
23274 70765 73184
23299 70760 73176
23324 70767 73163
23349 70782 73153
23374 70791 73141
23399 70798 73129
23424 70798 73120
23449 70700 73108
23474 70640 73100
23499 70643 73086
23524 70647 73078
23549 70655 73061
23574 70663 73050
23599 70670 73042
23624 70675 73031
23649 70568 73014
23674 70506 73003
23699 70508 72986
23724 70517 72977
23749 70526 72966
23774 70531 72957
23799 70538 72941
23824 70545 72924
23849 70437 72918
23874 70370 72911
23899 70368 72899
23924 70370 72889
23949 70373 72876
23974 70388 72860
23999 70403 72846
24024 70409 72835
24049 70322 72821
24074 70247 72808
24099 70249 72803
24124 70255 72796
24149 70261 72786
24174 70268 72771
24199 70278 72767
24224 70277 72756
24249 70195 72743
24274 70132 72724
24299 70134 72713
24324 70142 72695
24349 70155 72679
24374 70171 72668
24399 70186 72655
24424 70189 72638
24449 70058 72618
24474 69994 72607
24499 69993 72600
24524 69996 72584
24549 70009 72572
24574 70019 72559
24599 70030 72546
24624 70037 72528
24649 69936 72509
24674 69864 72498
24699 69859 72478
24724 69867 72468
24749 69870 72453
24774 69877 72447
24799 69884 72435
24824 69888 72420
24849 69819 72407
24874 69757 72395
24899 69759 72375
24924 69758 72366
24949 69764 72350
24974 69770 72326
24999 69777 72312
25024 69785 72299
25049 69702 72286
25074 69640 72272
25099 69644 72249
25124 69650 72236
25149 69656 72228
25174 69668 72211
25199 69674 72191
25224 69676 72174
25249 69605 72164
25274 69556 72147
25299 69559 72139
25324 69554 72122
25349 69560 72105
25374 69566 72096
25399 69567 72081
25424 69571 72061
25449 69514 72048
25474 69449 72030
25499 69453 72018
25524 69457 72009
25549 69464 71995
25574 69468 71988
25599 69478 71974
25624 69485 71963
25649 69423 71953
25674 69371 71941
25699 69379 71923
25724 69389 71905
25749 69403 71892
25774 69408 71873
25799 69414 71854
25824 69423 71841
25849 69342 71827
25874 69282 71811
25899 69287 71799
25924 69287 71783
25949 69292 71763
25974 69300 71749
25999 69305 71734
26024 69312 71712
26049 69250 71697
26074 69186 71685
26099 69185 71671
26124 69196 71660
26149 69206 71648
26174 69209 71630
26199 69217 71619
26224 69224 71608
26249 69155 71595
26274 69110 71580
26299 69111 71565
26324 69114 71548
26349 69126 71534
26374 69141 71518
26399 69144 71509
26424 69158 71490
26449 69104 71473
26474 69049 71462
26499 69045 71442
26524 69053 71428
26549 69059 71408
26574 69066 71397
26599 69066 71383
26624 69072 71371
26649 69018 71354
26674 68970 71340
26699 68973 71326
26724 68978 71313
26749 68985 71304
26774 68994 71295
26799 69008 71276
26824 69017 71261
26849 68968 71241
26874 68933 71228
26899 68933 71217
26924 68937 71203
26949 68943 71188
26974 68945 71176
26999 68949 71162
27024 68950 71147
27049 68916 71129
27074 68877 71116
27099 68881 71103
27124 68882 71097
27149 68885 71084
27174 68890 71070
27199 68898 71054
27224 68908 71044
27249 68864 71036
27274 68822 71026
27299 68827 71023
27324 68829 71008
27349 68837 70989
27374 68841 70980
27399 68847 70967
27424 68851 70952
27449 68817 70938
27474 68790 70929
27499 68795 70912
27524 68798 70900
27549 68804 70892
27574 68807 70874
27599 68808 70867
27624 68811 70856
27649 68778 70840
27674 68764 70820
27699 68758 70808
27724 68763 70795
27749 68765 70782
27774 68769 70776
27799 68780 70762
27824 68786 70749
27849 68753 70730
27874 68714 70716
27899 68706 70702
27924 68712 70691
27949 68723 70679
27974 68735 70667
27999 68742 70656
28024 68751 70643
28049 68711 70632
28074 68696 70611
28099 68697 70602
28124 68694 70596
28149 68701 70585
28174 68708 70572
28199 68711 70556
28224 68718 70545
28249 68691 70534
28274 68671 70522
28299 68669 70511
28324 68672 70502
28349 68680 70483
28374 68686 70475
28399 68694 70460
28424 68698 70449
28449 68684 70440
28474 68655 70420
28499 68660 70410
28524 68663 70399
28549 68672 70389
28574 68679 70372
28599 68688 70366
28624 68694 70358
28649 68672 70347
28674 68648 70340
28699 68646 70331
28724 68653 70321
28749 68658 70308
28774 68674 70298
28799 68678 70288
28824 68686 70283
28849 68671 70273
28874 68648 70260
28899 68652 70253
28924 68653 70244
28949 68654 70238
28974 68659 70234
28999 68663 70225
29024 68668 70213
29049 68652 70203
29074 68636 70192
29099 68633 70182
29124 68639 70173
29149 68648 70162
29174 68655 70148
29199 68666 70133
29224 68667 70125
29249 68667 70114
29274 68654 70104
29299 68656 70093
29324 68659 70087
29349 68666 70075
29374 68671 70063
29399 68673 70059
29424 68681 70045
29449 68675 70030
29474 68656 70018
29499 68647 70006
29524 68651 69995
29549 68654 69985
29574 68661 69980
29599 68667 69977
29624 68670 69963
29649 68673 69955
29674 68659 69945
29699 68659 69928
29724 68662 69919
29749 68670 69911
29774 68676 69901
29799 68686 69889
29824 68689 69885
29849 68698 69868
29874 68680 69861
29899 68683 69851
29924 68690 69843
29949 68696 69836
29974 68673 69827
29999 68693 69816
30024 68697 69805
30049 68706 69797
30074 68701 69788
30099 68707 69781
30124 68714 69769
30149 68672 69754
30174 68563 69748
30199 68564 69735
30224 68570 69727
30249 68583 69714
30274 68598 69706
30299 68610 69696
30324 68613 69691
30349 68530 69683
30374 68408 69672
30399 68407 69665
30424 68413 69657
30449 68430 69648
30474 68448 69640
30499 68468 69630
30524 68479 69625
30549 68374 69619
30574 68231 69608
30599 68236 69603
30624 68235 69594
30649 68253 69587
30674 68265 69580
30699 68276 69573
30724 68287 69564
30749 68160 69557
30774 68063 69551
30799 68052 69545
30824 68063 69538
30849 68080 69529
30874 68096 69521
30899 68115 69513
30924 68135 69505
30949 68030 69495
30974 67900 69483
30999 67890 69475
31024 67901 69471
31049 67926 69464
31074 67940 69460
31099 67956 69457
31124 67969 69451
31149 67888 69445
31174 67767 69433
31199 67767 69426
31224 67784 69422
31249 67801 69414
31274 67815 69404
31299 67831 69390
31324 67838 69385
31349 67737 69378
31374 67607 69367
31399 67605 69365
31424 67612 69357
31449 67633 69351
31474 67648 69340
31499 67668 69331
31524 67680 69326
31549 67615 69322
31574 67498 69314
31599 67494 69304
31624 67509 69299
31649 67528 69294
31674 67541 69285
31699 67558 69279
31724 67568 69275
31749 67460 69264
31774 67352 69261
31799 67344 69246
31824 67356 69238
31849 67372 69232
31874 67389 69224
31899 67397 69213
31924 67408 69208
31949 67322 69199
31974 67213 69188
31999 67201 69181
32024 67213 69178
32049 67228 69172
32074 67239 69167
32099 67258 69163
32124 67268 69151
32149 67182 69140
32174 67070 69131
32199 67064 69125
32224 67074 69119
32249 67093 69111
32274 67114 69097
32299 67134 69089
32324 67144 69084
32349 67047 69072
32374 66937 69063
32399 66916 69057
32424 66926 69051
32449 66937 69044
32474 66951 69037
32499 66965 69026
32524 66976 69013
32549 66901 69002
32574 66805 68994
32599 66808 68983
32624 66820 68977
32649 66840 68972
32674 66855 68964
32699 66873 68954
32724 66883 68947
32749 66793 68934
32774 66694 68923
32799 66689 68910
32824 66708 68896
32849 66727 68891
32874 66746 68886
32899 66760 68874
32924 66765 68864
32949 66638 68852
32974 66543 68846
32999 66542 68835
33024 66545 68829
33049 66565 68816
33074 66579 68807
33099 66594 68795
33124 66609 68779
33149 66529 68770
33174 66408 68759
33199 66409 68753
33224 66412 68745
33249 66423 68736
33274 66437 68727
33299 66456 68713
33324 66473 68693
33349 66404 68681
33374 66300 68666
33399 66294 68651
33424 66298 68643
33449 66312 68625
33474 66324 68616
33499 66329 68609
33524 66344 68598
33549 66265 68583
33574 66153 68575
33599 66147 68569
33624 66155 68556
33649 66175 68545
33674 66191 68536
33699 66215 68528
33724 66230 68512
33749 66141 68503
33774 66041 68495
33799 66049 68488
33824 66055 68475
33849 66065 68461
33874 66083 68448
33899 66095 68435
33924 66102 68424
33949 66024 68413
33974 65943 68398
33999 65947 68392
34024 65953 68380
34049 65968 68366
34074 65976 68351
34099 65983 68340
34124 65989 68328
34149 65924 68314
34174 65824 68304
34199 65815 68294
34224 65827 68284
34249 65828 68271
34274 65843 68254
34299 65853 68244
34324 65857 68234
34349 65791 68219
34374 65701 68208
34399 65695 68194
34424 65699 68179
34449 65711 68173
34474 65714 68161
34499 65729 68146
34524 65733 68129
34549 65656 68121
34574 65581 68112
34599 65577 68101
34624 65588 68076
34649 65594 68065
34674 65603 68062
34699 65616 68049
34724 65627 68031
34749 65565 68019
34774 65482 68000
34799 65476 67989
34824 65479 67970
34849 65491 67960
34874 65498 67940
34899 65509 67927
34924 65516 67918
34949 65456 67908
34974 65379 67898
34999 65379 67881
35024 65389 67871
35049 65407 67854
35074 65423 67846
35099 65434 67832
35124 65440 67813
35149 65367 67797
35174 65275 67787
35199 65282 67778
35224 65289 67761
35249 65292 67750
35274 65298 67739
35299 65311 67734
35324 65322 67722
35349 65270 67706
35374 65199 67695
35399 65205 67687
35424 65207 67672
35449 65220 67651
35474 65241 67637
35499 65247 67615
35524 65251 67602
35549 65187 67594
35574 65116 67583
35599 65120 67566
35624 65131 67547
35649 65141 67533
35674 65146 67520
35699 65157 67506
35724 65163 67494
35749 65107 67476
35774 65032 67467
35799 65029 67449
35824 65036 67434
35849 65042 67428
35874 65055 67417
35899 65069 67403
35924 65079 67384
35949 65018 67375
35974 64952 67358
35999 64947 67344
36024 64945 67326
36049 64955 67317
36074 64972 67304
36099 64989 67292
36124 64993 67276
36149 64960 67261
36174 64862 67249
36199 64858 67239
36224 64869 67218
36249 64882 67207
36274 64897 67193
36299 64902 67179
36324 64907 67163
36349 64878 67159
36374 64810 67146
36399 64805 67124
36424 64814 67108
36449 64833 67093
36474 64840 67087
36499 64853 67072
36524 64861 67064
36549 64808 67051
36574 64766 67037
36599 64766 67024
36624 64771 67008
36649 64776 66998
36674 64788 66988
36699 64797 66971
36724 64802 66962
36749 64754 66953
36774 64687 66944
36799 64689 66926
36824 64691 66916
36849 64703 66902
36874 64716 66891
36899 64726 66876
36924 64728 66863
36949 64701 66854
36974 64647 66844
36999 64645 66826
37024 64654 66812
37049 64661 66799
37074 64674 66786
37099 64689 66774
37124 64686 66763
37149 64650 66747
37174 64608 66733
37199 64602 66720
37224 64610 66705
37249 64621 66692
37274 64629 66679
37299 64636 66661
37324 64646 66647
37349 64612 66635
37374 64553 66627
37399 64552 66610
37424 64555 66589
37449 64565 66574
37474 64571 66564
37499 64582 66559
37524 64590 66542
37549 64571 66538
37574 64525 66519
37599 64519 66505
37624 64523 66494
37649 64533 66477
37674 64549 66460
37699 64551 66449
37724 64553 66439
37749 64530 66426
37774 64490 66416
37799 64488 66407
37824 64493 66401
37849 64505 66389
37874 64516 66375
37899 64529 66360
37924 64531 66346
37949 64510 66333
37974 64446 66324
37999 64439 66313
38024 64441 66301
38049 64453 66293
38074 64465 66277
38099 64472 66262
38124 64478 66248
38149 64475 66239
38174 64426 66233
38199 64419 66224
38224 64431 66213
38249 64445 66200
38274 64459 66191
38299 64467 66178
38324 64473 66169
38349 64458 66161
38374 64418 66148
38399 64415 66140
38424 64422 66130
38449 64432 66122
38474 64438 66117
38499 64444 66102
38524 64452 66090
38549 64443 66086
38574 64413 66073
38599 64424 66059
38624 64438 66045
38649 64454 66039
38674 64462 66033
38699 64474 66023
38724 64481 66011
38749 64462 66004
38774 64400 65994
38799 64396 65981
38824 64408 65971
38849 64418 65964
38874 64426 65950
38899 64434 65934
38924 64444 65924
38949 64438 65919
38974 64398 65911
38999 64402 65902
39024 64412 65892
39049 64422 65885
39074 64438 65868
39099 64451 65856
39124 64456 65851
39149 64443 65845
39174 64402 65836
39199 64402 65827
39224 64409 65815
39249 64422 65804
39274 64443 65797
39299 64449 65783
39324 64458 65773
39349 64454 65767
39374 64413 65753
39399 64422 65745
39424 64427 65737
39449 64439 65728
39474 64448 65719
39499 64472 65709
39524 64490 65697
39549 64479 65692
39574 64432 65688
39599 64434 65678
39624 64441 65675
39649 64456 65669
39674 64469 65660
39699 64483 65653
39724 64491 65641
39749 64493 65631
39774 64437 65620
39799 64439 65612
39824 64438 65604
39849 64445 65596
39874 64451 65587
39899 64456 65579
39924 64457 65567
39949 64477 65560
39974 64450 65554
39999 64457 65547
