Iteration / Ion Density / Electric Potential / Electric Field x1 / Electric Field x2
24 3.51345e+11 0 17698.7 -0
24 4.19167e+11 0 17698.7 -0
24 3.56193e+11 0 17486.3 -0
24 3.96769e+11 0 16985.9 -0
24 3.55756e+11 0 16076.9 -0
24 4.46981e+11 0 14743.4 -0
24 3.56672e+11 0 13447.9 -0
24 3.30197e+11 0 12494.2 -0
24 3.24018e+11 0 12001.7 -0
24 3.80591e+11 0 12001.7 -0
24 8.48201e+11 -1.22164 17805.1 -0
24 8.44011e+11 -1.22164 17805.1 -106.198
24 8.51534e+11 -1.20698 17630.5 -356.384
24 8.62628e+11 -1.17244 17190.5 -704.688
24 8.43587e+11 -1.1097 16289.4 -1121.27
24 8.39475e+11 -1.01765 14724.5 -1314.5
24 8.24374e+11 -0.928235 13277.2 -1124.59
24 8.14664e+11 -0.862406 12263.8 -723.114
24 7.75759e+11 -0.82841 11755.6 -246.26
24 7.37473e+11 -0.82841 11755.6 -0
24 7.48388e+11 -2.45799 18086.5 -0
24 6.95684e+11 -2.45799 18086.5 -174.629
24 8.40352e+11 -2.43388 18040.5 -614.667
24 7.82737e+11 -2.37313 17856.4 -1341.12
24 8.46779e+11 -2.24874 17166 -2465.93
24 8.77959e+11 -2.03271 14588.5 -3012.2
24 9.02028e+11 -1.83291 12672.9 -2460.79
24 9.39047e+11 -1.693 11528.4 -1521.64
24 8.93913e+11 -1.62285 11001.6 -508.2
24 7.3499e+11 -1.62285 11001.6 -0
24 3.50338e+11 -3.71848 18413.8 -0
24 3.70797e+11 -3.71848 18413.8 -152.233
24 4.42803e+11 -3.69746 18588.4 -586.526
24 4.53956e+11 -3.63751 19028.5 -1579.2
24 4.99325e+11 -3.47945 19929.6 -4389.12
24 5.37489e+11 -3.03159 13790.7 -5807.58
24 4.57779e+11 -2.67772 11297.4 -4184.72
24 4.57835e+11 -2.45389 10175.3 -2394.46
24 4.37196e+11 -2.34717 9720.7 -773.1
24 3.69148e+11 -2.34717 9720.7 -0
24 3.80671e+10 -5 9283.09 -0
24 3.16351e+10 -5 9283.09 -0
24 3.33238e+10 -5 9435.33 -0
24 2.7977e+10 -5 9869.62 -0
24 5.41566e+10 -5 11014.5 -7703.75
24 4.36432e+10 -3.9365 9346.78 -11644.4
24 2.37093e+10 -3.3925 8550.29 -6076.15
24 3.32043e+10 -3.09769 8154.27 -3098.34
24 3.16848e+10 -2.96478 7984.8 -962.805
24 2.10696e+10 -2.96478 7984.8 -0
24 0 -5 -0 -0
24 0 -5 -0 -0
24 0 -5 -0 -0
24 0 -5 -0 -0
24 0 -5 -0 -4911.96
24 0 -4.32191 4031.45 -8271.81
24 0 -3.85808 5402.63 -5377.22
24 0 -3.57959 5906.61 -2959.95
24 0 -3.44946 6079.3 -942.577
24 0 -3.44946 6079.3 -0
24 0 -5 -771.074 -0
24 0 -5 -771.074 -0
24 0 -5 -874.78 -0
24 0 -5 -1146.81 -0
24 0 -5 -1801.43 -3672.3
24 0 -4.49304 1376.48 -6241.74
24 0 -4.13833 3122.29 -4200.99
24 0 -3.9131 3990.39 -2421.67
24 0 -3.80402 4346.62 -790.11
24 0 -3.80402 4346.62 -0
24 0 -4.89355 -1438.41 -0
24 0 -4.89355 -1438.41 -103.707
24 0 -4.87924 -1581.17 -375.74
24 0 -4.84168 -1911 -926.645
24 0 -4.75131 -2523.33 -2388.66
24 0 -4.51193 153.715 -3348.09
24 0 -4.28911 1719.8 -2763.32
24 0 -4.13046 2586.16 -1735.63
24 0 -4.04951 2970.27 -586.348
24 0 -4.04951 2970.27 -0
24 0 -4.80143 -1191.81 -0
24 0 -4.80143 -1191.81 -142.76
24 0 -4.78172 -1225.61 -472.593
24 0 -4.73619 -1245.74 -942.166
24 0 -4.65166 -1060.79 -1607.59
24 0 -4.51426 42.0332 -1998.61
24 0 -4.37575 1017.13 -1768.55
24 0 -4.27011 1664.28 -1171.19
24 0 -4.21407 1978.12 -405.992
24 0 -4.21407 1978.12 -0
24 0 -4.72902 -911.36 -0
24 0 -4.72902 -911.36 -137.499
24 0 -4.71004 -883.583 -429.663
24 0 -4.66971 -785.459 -761.828
24 0 -4.60487 -515.994 -1100.89
24 0 -4.51773 58.1631 -1270.18
24 0 -4.42953 642.496 -1141.07
24 0 -4.36021 1075.8 -774.632
24 0 -4.32259 1299.88 -272.507
24 0 -4.32259 1299.88 -0
24 0 -4.67562 -658.603 -0
24 0 -4.67562 -658.603 -114.983
24 0 -4.65974 -611.83 -346.691
24 0 -4.62776 -496.413 -574.577
24 0 -4.58042 -275.817 -763.965
24 0 -4.52229 64.2147 -840.116
24 0 -4.46445 418.966 -750.919
24 0 -4.41863 696.612 -513.805
24 0 -4.39352 845.786 -181.904
24 0 -4.39352 845.786 -0
24 0 -4.63811 -452.571 -0
24 0 -4.63811 -452.571 -90.7258
24 0 -4.62558 -408.63 -267.473
24 0 -4.60118 -312.483 -425.815
24 0 -4.5668 -154.99 -540.264
24 0 -4.5266 55.607 -575.393
24 0 -4.48736 272.617 -508.675
24 0 -4.45638 445.956 -347.812
24 0 -4.43935 540.914 -123.334
24 0 -4.43935 540.914 -0
24 0 -4.61314 -290.427 -0
24 0 -4.61314 -290.427 -71.0416
24 0 -4.60333 -257.585 -206.603
24 0 -4.58462 -189.829 -320.937
24 0 -4.55903 -87.2182 -395.876
24 0 -4.52997 40.6506 -412.509
24 0 -4.50208 169.984 -360.571
24 0 -4.48019 273.738 -245.507
24 0 -4.46819 331.034 -86.9455
24 0 -4.46819 331.034 -0
24 0 -4.59801 -161.097 -0
24 0 -4.59801 -161.097 -57.8838
24 0 -4.59002 -141.404 -166.875
24 0 -4.57498 -101.994 -255.448
24 0 -4.55476 -44.6574 -309.785
24 0 -4.53221 24.2629 -318.191
24 0 -4.51083 92.9729 -275.587
24 0 -4.49416 148.011 -186.762
24 0 -4.48505 178.479 -66.0383
24 0 -4.48505 178.479 -0
24 0 -4.5909 -51.5191 -0
24 0 -4.5909 -51.5191 -51.3484
24 0 -4.58381 -44.9837 -147.499
24 0 -4.57054 -32.1433 -224.19
24 0 -4.55286 -13.7254 -269.619
24 0 -4.53332 8.02225 -274.879
24 0 -4.51492 29.5872 -236.823
24 0 -4.50062 46.7865 -160.001
24 0 -4.49283 56.3477 -56.4771
24 0 -4.49283 56.3477 -0
24 0 -4.5909 -0 -0
24 0 -4.5909 -0 -51.3484
24 0 -4.58381 -0 -147.499
24 0 -4.57054 -0 -224.19
24 0 -4.55286 -0 -269.619
24 0 -4.53332 -0 -274.879
24 0 -4.51492 -0 -236.823
24 0 -4.50062 -0 -160.001
24 0 -4.49283 -0 -56.4771
24 0 -4.49283 -0 -0
49 3.9595e+11 0 17698.2 -0
49 4.32581e+11 0 17698.2 -0
49 4.24287e+11 0 17485.8 -0
49 4.60867e+11 0 16985.4 -0
49 3.67523e+11 0 16076.3 -0
49 3.52355e+11 0 14742.7 -0
49 3.81839e+11 0 13447.1 -0
49 4.20952e+11 0 12493.4 -0
49 4.29347e+11 0 12000.9 -0
49 3.96467e+11 0 12000.9 -0
49 7.97317e+11 -1.22161 17804.7 -0
49 7.98515e+11 -1.22161 17804.7 -106.199
49 7.68051e+11 -1.20695 17630.1 -356.409
49 8.28029e+11 -1.17241 17190 -704.744
49 7.97976e+11 -1.10966 16288.9 -1121.35
49 8.56439e+11 -1.01761 14723.9 -1314.59
49 8.86683e+11 -0.928184 13276.5 -1124.64
49 8.34853e+11 -0.862354 12263 -723.12
49 7.87085e+11 -0.828358 11754.8 -246.259
49 7.74261e+11 -0.828358 11754.8 -0
49 6.95942e+11 -2.45793 18086.3 -0
49 8.57267e+11 -2.45793 18086.3 -174.614
49 8.03214e+11 -2.43382 18040.3 -614.693
49 8.6279e+11 -2.37307 17856.2 -1341.22
49 9.28179e+11 -2.24867 17165.8 -2466.11
49 9.51115e+11 -2.03263 14588.1 -3012.39
49 9.50091e+11 -1.83281 12672.3 -2460.9
49 9.2494e+11 -1.6929 11527.8 -1521.68
49 8.48505e+11 -1.62275 11000.9 -508.204
49 7.70737e+11 -1.62275 11000.9 -0
49 7.41265e+11 -3.71842 18414.2 -0
49 9.08034e+11 -3.71842 18414.2 -152.215
49 7.80907e+11 -3.69741 18588.8 -586.544
49 8.62224e+11 -3.63745 19028.9 -1579.31
49 8.16225e+11 -3.47938 19930.1 -4389.46
49 9.26914e+11 -3.03149 13790.6 -5808.02
49 8.01467e+11 -2.67759 11297.1 -4184.98
49 8.55866e+11 -2.45375 10174.9 -2394.57
49 8.05019e+11 -2.34702 9720.26 -773.121
49 6.9682e+11 -2.34702 9720.26 -0
49 4.24714e+11 -5 9283.5 -0
49 4.88898e+11 -5 9283.5 -0
49 4.68282e+11 -5 9435.71 -0
49 4.77304e+11 -5 9870.04 -0
49 6.49247e+11 -5 11015 -7704.45
49 9.08665e+11 -3.93641 9347.06 -11645.4
49 8.28522e+11 -3.39237 8550.53 -6076.57
49 8.49607e+11 -3.09754 8154.49 -3098.52
49 7.67679e+11 -2.96462 7984.98 -962.849
49 6.00021e+11 -2.96462 7984.98 -0
49 0 -5 -0 -0
49 0 -5 -0 -0
49 0 -5 -0 -0
49 0 -5 -0 -0
49 3.65879e+11 -5 -0 -4912.45
49 7.68112e+11 -4.32184 4032 -8272.51
49 7.07226e+11 -3.85799 5403.39 -5377.55
49 7.25225e+11 -3.57947 5907.45 -2960.12
49 7.31708e+11 -3.44934 6080.14 -942.629
49 5.805e+11 -3.44934 6080.14 -0
49 0 -5 -770.743 -0
49 0 -5 -770.743 -0
49 0 -5 -874.439 -0
49 3.51458e+08 -5 -1146.47 -0
49 2.49223e+11 -5 -1801.08 -3672.45
49 4.67073e+11 -4.49302 1377.29 -6241.96
49 3.67837e+11 -4.1383 3123.31 -4201.12
49 3.76431e+11 -3.91306 3991.49 -2421.76
49 3.39451e+11 -3.80398 4347.76 -790.158
49 2.7198e+11 -3.80398 4347.76 -0
49 0 -4.8936 -1437.75 -0
49 0 -4.8936 -1437.75 -103.696
49 0 -4.87928 -1580.51 -375.728
49 8.36398e+08 -4.84173 -1910.32 -926.643
49 6.22819e+10 -4.75136 -2522.64 -2388.69
49 8.04472e+10 -4.51197 154.571 -3348.12
49 3.10903e+10 -4.28916 1720.74 -2763.35
49 5.66929e+10 -4.1305 2587.15 -1735.67
49 4.38442e+10 -4.04955 2971.29 -586.363
49 2.467e+10 -4.04955 2971.29 -0
49 0 -4.80152 -1191.21 -0
49 0 -4.80152 -1191.21 -142.757
49 0 -4.78181 -1224.99 -472.565
49 0 -4.73628 -1245.11 -942.134
49 2.90247e+09 -4.65175 -1060.13 -1607.56
49 1.71487e+09 -4.51436 42.7305 -1998.58
49 0 -4.37585 1017.86 -1768.54
49 3.73402e+08 -4.27021 1665.03 -1171.21
49 1.36953e+09 -4.21416 1978.9 -406.018
49 0 -4.21416 1978.9 -0
49 0 -4.72915 -910.823 -0
49 0 -4.72915 -910.823 -137.473
49 0 -4.71018 -883.048 -429.629
49 0 -4.66984 -784.912 -761.784
49 0 -4.60501 -515.447 -1100.85
49 0 -4.51787 58.725 -1270.13
49 0 -4.42967 643.058 -1141.05
49 0 -4.36035 1076.37 -774.63
49 0 -4.32273 1300.46 -272.499
49 0 -4.32273 1300.46 -0
49 0 -4.67578 -658.158 -0
49 0 -4.67578 -658.158 -114.982
49 0 -4.65991 -611.377 -346.655
49 0 -4.62793 -495.966 -574.534
49 0 -4.58059 -275.367 -763.919
49 0 -4.52247 64.6566 -840.075
49 0 -4.46462 419.409 -750.892
49 0 -4.41881 697.05 -513.801
49 0 -4.39369 846.23 -181.926
49 0 -4.39369 846.23 -0
49 0 -4.6383 -452.217 -0
49 0 -4.6383 -452.217 -90.6923
49 0 -4.62578 -408.28 -267.438
49 0 -4.60138 -312.131 -425.774
49 0 -4.567 -154.647 -540.223
49 0 -4.5268 55.9479 -575.358
49 0 -4.48757 272.948 -508.653
49 0 -4.45658 446.287 -347.808
49 0 -4.43956 541.241 -123.318
49 0 -4.43956 541.241 -0
49 0 -4.61335 -290.18 -0
49 0 -4.61335 -290.18 -71.0455
49 0 -4.60354 -257.336 -206.569
49 0 -4.58484 -189.585 -320.901
49 0 -4.55924 -86.9761 -395.84
49 0 -4.53019 40.8843 -412.48
49 0 -4.5023 170.215 -360.553
49 0 -4.48042 273.963 -245.507
49 0 -4.46841 331.259 -86.971
49 0 -4.46841 331.259 -0
49 0 -4.59824 -160.957 -0
49 0 -4.59824 -160.957 -57.8477
49 0 -4.59025 -141.266 -166.843
49 0 -4.5752 -101.856 -255.415
49 0 -4.55499 -44.5242 -309.754
49 0 -4.53244 24.394 -318.167
49 0 -4.51107 93.0988 -275.574
49 0 -4.4944 148.135 -186.764
49 0 -4.48529 178.601 -66.0221
49 0 -4.48529 178.601 -0
49 0 -4.59113 -51.4559 -0
49 0 -4.59113 -51.4559 -51.3547
49 0 -4.58404 -44.9629 -147.468
49 0 -4.57077 -32.0806 -224.159
49 0 -4.5531 -13.7068 -269.591
49 0 -4.53356 8.08281 -274.857
49 0 -4.51515 29.6028 -236.812
49 0 -4.50087 46.8449 -160.005
49 0 -4.49307 56.3617 -56.5053
49 0 -4.49307 56.3617 -0
49 0 -4.59113 -0 -0
49 0 -4.59113 -0 -51.3547
49 0 -4.58404 -0 -147.468
49 0 -4.57077 -0 -224.159
49 0 -4.5531 -0 -269.591
49 0 -4.53356 -0 -274.857
49 0 -4.51515 -0 -236.812
49 0 -4.50087 -0 -160.005
49 0 -4.49307 -0 -56.5053
49 0 -4.49307 -0 -0
74 3.70839e+11 0 17698.1 -0
74 4.46867e+11 0 17698.1 -0
74 4.12925e+11 0 17485.7 -0
74 4.3662e+11 0 16985.3 -0
74 3.27921e+11 0 16076.2 -0
74 3.87278e+11 0 14742.5 -0
74 3.87218e+11 0 13446.9 -0
74 3.71441e+11 0 12493.1 -0
74 4.21612e+11 0 12000.5 -0
74 4.57932e+11 0 12000.5 -0
74 8.20698e+11 -1.22161 17804.7 -0
74 8.84906e+11 -1.22161 17804.7 -106.213
74 8.92412e+11 -1.20694 17630.1 -356.43
74 8.96612e+11 -1.1724 17190 -704.765
74 8.75991e+11 -1.10965 16288.8 -1121.37
74 7.53171e+11 -1.0176 14723.8 -1314.64
74 8.45483e+11 -0.928167 13276.2 -1124.72
74 7.87206e+11 -0.862331 12262.7 -723.191
74 8.05894e+11 -0.828331 11754.4 -246.291
74 8.57366e+11 -0.828331 11754.4 -0
74 8.07451e+11 -2.45793 18086.4 -0
74 8.55326e+11 -2.45793 18086.4 -174.636
74 8.22946e+11 -2.43382 18040.4 -614.741
74 8.90626e+11 -2.37306 17856.2 -1341.29
74 9.97941e+11 -2.24865 17165.8 -2466.2
74 8.7534e+11 -2.03261 14588 -3012.53
74 8.94217e+11 -1.83278 12672.1 -2461.08
74 9.26713e+11 -1.69286 11527.4 -1521.8
74 8.90281e+11 -1.62269 11000.5 -508.245
74 8.92613e+11 -1.62269 11000.5 -0
74 7.95789e+11 -3.71842 18414.2 -0
74 8.47577e+11 -3.71842 18414.2 -152.247
74 8.59211e+11 -3.6974 18588.9 -586.595
74 9.02494e+11 -3.63744 19029 -1579.36
74 7.74766e+11 -3.47937 19930.2 -4389.63
74 8.17251e+11 -3.03145 13790.5 -5808.32
74 8.57352e+11 -2.67754 11296.9 -4185.28
74 9.5574e+11 -2.45368 10174.6 -2394.74
74 8.90204e+11 -2.34694 9719.96 -773.172
74 7.57976e+11 -2.34694 9719.96 -0
74 4.29178e+11 -5 9283.5 -0
74 3.71141e+11 -5 9283.5 -0
74 3.80372e+11 -5 9435.75 -0
74 4.42208e+11 -5 9870.1 -0
74 5.88827e+11 -5 11015.1 -7704.73
74 8.78702e+11 -3.93637 9346.91 -11645.9
74 8.56458e+11 -3.3923 8550.3 -6076.92
74 8.13851e+11 -3.09745 8154.23 -3098.7
74 7.42977e+11 -2.96452 7984.71 -962.904
74 6.25481e+11 -2.96452 7984.71 -0
74 0 -5 -0 -0
74 0 -5 -0 -0
74 0 -5 -0 -0
74 0 -5 -0 -0
74 3.97688e+11 -5 -0 -4912.82
74 8.76906e+11 -4.32179 4031.82 -8273.14
74 8.05952e+11 -3.8579 5403.16 -5377.95
74 7.83162e+11 -3.57937 5907.2 -2960.33
74 7.88818e+11 -3.44923 6079.88 -942.698
74 6.34707e+11 -3.44923 6079.88 -0
74 0 -5 -770.527 -0
74 0 -5 -770.527 -0
74 0 -5 -874.258 -0
74 1.25861e+09 -5 -1146.38 -0
74 4.19303e+11 -5 -1801.24 -3672.91
74 8.36644e+11 -4.49296 1377.16 -6242.69
74 7.09259e+11 -4.1382 3123.23 -4201.55
74 7.19759e+11 -3.91294 3991.44 -2421.99
74 7.30513e+11 -3.80385 4347.72 -790.223
74 5.58326e+11 -3.80385 4347.72 -0
74 0 -4.89363 -1437.32 -0
74 0 -4.89363 -1437.32 -103.731
74 0 -4.87931 -1580.11 -375.857
74 1.03891e+10 -4.84174 -1910.05 -926.981
74 5.1077e+11 -4.75134 -2522.63 -2389.27
74 8.37001e+11 -4.51191 154.784 -3348.67
74 7.256e+11 -4.28906 1721.09 -2763.68
74 7.30514e+11 -4.13038 2587.56 -1735.85
74 6.20769e+11 -4.04943 2971.72 -586.422
74 4.79069e+11 -4.04943 2971.72 -0
74 0 -4.80158 -1190.75 -0
74 0 -4.80158 -1190.75 -142.79
74 0 -4.78187 -1224.54 -472.729
74 2.92844e+10 -4.73632 -1244.65 -942.52
74 4.67211e+11 -4.65175 -1059.63 -1608.08
74 7.23895e+11 -4.51433 43.4206 -1998.97
74 5.71287e+11 -4.3758 1018.66 -1768.77
74 6.02726e+11 -4.27015 1665.9 -1171.36
74 5.62755e+11 -4.21409 1979.76 -406.063
74 3.94558e+11 -4.21409 1979.76 -0
74 0 -4.72925 -910.376 -0
74 0 -4.72925 -910.376 -137.514
74 0 -4.71026 -882.57 -429.757
74 3.33843e+10 -4.66992 -784.371 -762.071
74 3.18001e+11 -4.60506 -514.734 -1101.2
74 4.35333e+11 -4.5179 59.6155 -1270.38
74 3.57289e+11 -4.42968 644.04 -1141.2
74 3.42666e+11 -4.36036 1077.4 -774.747
74 3.22407e+11 -4.32273 1301.51 -272.562
74 2.57334e+11 -4.32273 1301.51 -0
74 0 -4.6759 -657.752 -0
74 0 -4.6759 -657.752 -114.985
74 0 -4.66003 -610.947 -346.724
74 2.12836e+10 -4.62804 -495.455 -574.684
74 1.20343e+11 -4.58069 -274.708 -764.092
74 1.14977e+11 -4.52256 65.4489 -840.199
74 6.68432e+10 -4.46471 420.254 -750.989
74 9.75536e+10 -4.41888 697.935 -513.889
74 7.50788e+10 -4.39376 847.133 -181.952
74 4.17169e+10 -4.39376 847.133 -0
74 0 -4.63844 -451.892 -0
74 0 -4.63844 -451.892 -90.7087
74 0 -4.62592 -407.932 -267.46
74 9.05625e+08 -4.60152 -311.735 -425.832
74 1.5413e+10 -4.56714 -154.163 -540.293
74 7.30407e+09 -4.52693 56.4923 -575.419
74 3.34788e+09 -4.4877 273.529 -508.711
74 8.54702e+09 -4.45671 446.894 -347.869
74 4.64949e+09 -4.43968 541.87 -123.364
74 1.04659e+09 -4.43968 541.87 -0
74 0 -4.61352 -289.948 -0
74 0 -4.61352 -289.948 -71.024
74 0 -4.60371 -257.095 -206.567
74 0 -4.585 -189.318 -320.915
74 0 -4.55941 -86.6744 -395.864
74 0 -4.53035 41.2171 -412.508
74 0 -4.50247 170.566 -360.587
74 0 -4.48058 274.334 -245.548
74 0 -4.46857 331.642 -86.9761
74 0 -4.46857 331.642 -0
74 0 -4.59842 -160.828 -0
74 0 -4.59842 -160.828 -57.8558
74 0 -4.59043 -141.132 -166.83
74 0 -4.57539 -101.713 -255.412
74 0 -4.55517 -44.3667 -309.759
74 0 -4.53262 24.5624 -318.179
74 0 -4.51125 93.2784 -275.594
74 0 -4.49458 148.322 -186.793
74 0 -4.48546 178.796 -66.0568
74 0 -4.48546 178.796 -0
74 0 -4.59132 -51.4345 -0
74 0 -4.59132 -51.4345 -51.3271
74 0 -4.58423 -44.9058 -147.451
74 0 -4.57096 -32.056 -224.15
74 0 -4.55329 -13.6438 -269.589
74 0 -4.53374 8.11344 -274.863
74 0 -4.51534 29.6718 -236.827
74 0 -4.50105 46.8803 -160.03
74 0 -4.49325 56.4351 -56.502
74 0 -4.49325 56.4351 -0
74 0 -4.59132 -0 -0
74 0 -4.59132 -0 -51.3271
74 0 -4.58423 -0 -147.451
74 0 -4.57096 -0 -224.15
74 0 -4.55329 -0 -269.589
74 0 -4.53374 -0 -274.863
74 0 -4.51534 -0 -236.827
74 0 -4.50105 -0 -160.03
74 0 -4.49325 -0 -56.502
74 0 -4.49325 -0 -0
99 3.92564e+11 0 17698.1 -0
99 4.28193e+11 0 17698.1 -0
99 3.93012e+11 0 17485.7 -0
99 3.87285e+11 0 16985.3 -0
99 3.48687e+11 0 16076.2 -0
99 4.05202e+11 0 14742.4 -0
99 4.56768e+11 0 13446.8 -0
99 4.57586e+11 0 12493 -0
99 4.67384e+11 0 12000.3 -0
99 4.35793e+11 0 12000.3 -0
99 8.3833e+11 -1.2216 17804.7 -0
99 8.57971e+11 -1.2216 17804.7 -106.212
99 8.75763e+11 -1.20694 17630 -356.409
99 8.18179e+11 -1.1724 17189.9 -704.748
99 7.77838e+11 -1.10965 16288.8 -1121.42
99 8.66692e+11 -1.01759 14723.7 -1314.7
99 8.95238e+11 -0.928158 13276.1 -1124.74
99 7.18591e+11 -0.862322 12262.5 -723.207
99 8.07515e+11 -0.828319 11754.3 -246.306
99 7.25893e+11 -0.828319 11754.3 -0
99 8.90403e+11 -2.45792 18086.4 -0
99 8.9552e+11 -2.45792 18086.4 -174.644
99 9.61597e+11 -2.43381 18040.3 -614.712
99 8.66425e+11 -2.37306 17856.2 -1341.24
99 8.72833e+11 -2.24865 17165.7 -2466.24
99 8.41476e+11 -2.0326 14587.9 -3012.63
99 9.06183e+11 -1.83276 12672 -2461.16
99 9.12532e+11 -1.69284 11527.3 -1521.87
99 9.43944e+11 -1.62267 11000.4 -508.278
99 7.92353e+11 -1.62267 11000.4 -0
99 8.15723e+11 -3.71841 18414.3 -0
99 8.68459e+11 -3.71841 18414.3 -152.256
99 9.65071e+11 -3.69739 18588.9 -586.572
99 8.40476e+11 -3.63744 19029 -1579.34
99 7.4079e+11 -3.47937 19930.2 -4389.7
99 8.15478e+11 -3.03144 13790.4 -5808.46
99 8.40498e+11 -2.67751 11296.7 -4185.4
99 9.13843e+11 -2.45365 10174.5 -2394.82
99 8.351e+11 -2.34691 9719.78 -773.197
99 8.14526e+11 -2.34691 9719.78 -0
99 4.08509e+11 -5 9283.55 -0
99 4.1746e+11 -5 9283.55 -0
99 4.85891e+11 -5 9435.8 -0
99 4.2738e+11 -5 9870.12 -0
99 6.40891e+11 -5 11015.1 -7704.82
99 7.51364e+11 -3.93635 9346.86 -11646.1
99 8.26759e+11 -3.39227 8550.16 -6077.13
99 8.12466e+11 -3.09741 8154.04 -3098.83
99 7.53573e+11 -2.96448 7984.5 -962.947
99 5.73994e+11 -2.96448 7984.5 -0
99 0 -5 -0 -0
99 0 -5 -0 -0
99 0 -5 -0 -0
99 0 -5 -0 -0
99 3.9744e+11 -5 -0 -4912.96
99 7.4622e+11 -4.32177 4031.7 -8273.44
99 7.87518e+11 -3.85786 5402.99 -5378.23
99 8.15633e+11 -3.57931 5906.99 -2960.48
99 8.08868e+11 -3.44917 6079.67 -942.736
99 6.97236e+11 -3.44917 6079.67 -0
99 0 -5 -770.467 -0
99 0 -5 -770.467 -0
99 0 -5 -874.227 -0
99 8.19694e+08 -5 -1146.42 -0
99 3.76315e+11 -5 -1801.38 -3673.12
99 7.91879e+11 -4.49293 1376.97 -6243.09
99 7.62721e+11 -4.13815 3123.04 -4201.85
99 8.38091e+11 -3.91287 3991.25 -2422.14
99 7.35814e+11 -3.80377 4347.52 -790.262
99 5.64648e+11 -3.80377 4347.52 -0
99 0 -4.89364 -1437.17 -0
99 0 -4.89364 -1437.17 -103.759
99 0 -4.87931 -1580.03 -375.956
99 5.22112e+09 -4.84174 -1910.09 -927.154
99 4.48315e+11 -4.75132 -2522.86 -2389.56
99 8.4993e+11 -4.51186 154.571 -3349.01
99 7.33696e+11 -4.28899 1720.9 -2763.95
99 7.37023e+11 -4.1303 2587.39 -1736
99 6.59016e+11 -4.04934 2971.53 -586.466
99 4.87789e+11 -4.04934 2971.53 -0
99 0 -4.8016 -1190.57 -0
99 0 -4.8016 -1190.57 -142.854
99 0 -4.78188 -1224.39 -472.913
99 2.6397e+10 -4.73631 -1244.63 -942.835
99 5.19086e+11 -4.65172 -1059.75 -1608.46
99 8.06224e+11 -4.51427 43.2464 -1999.33
99 7.02409e+11 -4.37571 1018.52 -1769.02
99 6.8894e+11 -4.27005 1665.77 -1171.51
99 6.90402e+11 -4.21399 1979.63 -406.125
99 5.51368e+11 -4.21399 1979.63 -0
99 0 -4.72928 -910.132 -0
99 0 -4.72928 -910.132 -137.583
99 6.52145e+08 -4.71029 -882.358 -430.014
99 8.30095e+10 -4.66992 -784.237 -762.511
99 5.68772e+11 -4.60502 -514.725 -1101.69
99 7.99723e+11 -4.51783 59.5972 -1270.74
99 6.18714e+11 -4.4296 644.057 -1141.42
99 6.34016e+11 -4.36026 1077.44 -774.892
99 6.51543e+11 -4.32262 1301.57 -272.603
99 4.61728e+11 -4.32262 1301.57 -0
99 0 -4.67596 -657.465 -0
99 0 -4.67596 -657.465 -115.08
99 2.85047e+09 -4.66007 -610.653 -347.018
99 1.40491e+11 -4.62805 -495.18 -575.201
99 6.49086e+11 -4.58066 -274.441 -764.63
99 7.47308e+11 -4.52249 65.7416 -840.548
99 5.99214e+11 -4.46463 420.585 -751.181
99 6.10297e+11 -4.41879 698.293 -514
99 5.30735e+11 -4.39367 847.511 -182
99 3.58124e+11 -4.39367 847.511 -0
99 0 -4.63852 -451.592 -0
99 0 -4.63852 -451.592 -90.771
99 6.14757e+09 -4.62599 -407.601 -267.729
99 1.59377e+11 -4.60156 -311.337 -426.299
99 5.14666e+11 -4.56714 -153.654 -540.766
99 6.13845e+11 -4.52691 57.0884 -575.717
99 5.18924e+11 -4.48766 274.163 -508.874
99 5.12958e+11 -4.45666 447.544 -347.966
99 4.22225e+11 -4.43962 542.515 -123.385
99 3.28144e+11 -4.43962 542.515 -0
99 0 -4.61361 -289.693 -0
99 0 -4.61361 -289.693 -71.0894
99 6.79625e+09 -4.6038 -256.794 -206.763
99 1.19745e+11 -4.58507 -188.914 -321.254
99 3.31796e+11 -4.55945 -86.1166 -396.205
99 4.03129e+11 -4.53037 41.8849 -412.731
99 3.3227e+11 -4.50247 171.269 -360.725
99 3.54986e+11 -4.48058 275.047 -245.648
99 2.8664e+11 -4.46856 332.345 -87.0291
99 2.36943e+11 -4.46856 332.345 -0
99 0 -4.59853 -160.672 -0
99 0 -4.59853 -160.672 -57.8717
99 8.73865e+09 -4.59054 -140.941 -166.95
99 6.49644e+10 -4.57548 -101.435 -255.622
99 1.59329e+11 -4.55525 -43.9752 -309.966
99 1.2716e+11 -4.53269 25.0344 -318.332
99 1.29208e+11 -4.5113 93.7709 -275.712
99 1.15968e+11 -4.49463 148.824 -186.89
99 8.60431e+10 -4.4855 179.292 -66.087
99 5.18783e+10 -4.4855 179.292 -0
99 0 -4.59143 -51.374 -0
99 0 -4.59143 -51.374 -51.3579
99 2.02601e+09 -4.58434 -44.8602 -147.526
99 1.03289e+10 -4.57107 -31.9497 -224.288
99 3.89776e+10 -4.55338 -13.5268 -269.735
99 2.4485e+10 -4.53383 8.2812 -274.985
99 1.27372e+10 -4.51542 29.82 -236.936
99 3.13258e+10 -4.50112 47.0569 -160.127
99 1.8457e+10 -4.49331 56.5828 -56.5611
99 1.30397e+10 -4.49331 56.5828 -0
99 0 -4.59143 -0 -0
99 0 -4.59143 -0 -51.3579
99 0 -4.58434 -0 -147.526
99 0 -4.57107 -0 -224.288
99 5.52871e+09 -4.55338 -0 -269.735
99 1.70781e+09 -4.53383 -0 -274.985
99 1.91152e+08 -4.51542 -0 -236.936
99 4.95628e+09 -4.50112 -0 -160.127
99 1.18173e+09 -4.49331 -0 -56.5611
99 0 -4.49331 -0 -0
124 5.40729e+11 0 17698.2 -0
124 5.03545e+11 0 17698.2 -0
124 3.67452e+11 0 17485.8 -0
124 3.55265e+11 0 16985.3 -0
124 4.8852e+11 0 16076.1 -0
124 4.44266e+11 0 14742.4 -0
124 4.20014e+11 0 13446.7 -0
124 4.96864e+11 0 12492.8 -0
124 4.3165e+11 0 12000.2 -0
124 4.48638e+11 0 12000.2 -0
124 9.00728e+11 -1.22161 17804.7 -0
124 8.70558e+11 -1.22161 17804.7 -106.196
124 7.44265e+11 -1.20695 17630.1 -356.425
124 7.94123e+11 -1.1724 17190 -704.807
124 8.07597e+11 -1.10965 16288.7 -1121.45
124 8.19705e+11 -1.01759 14723.6 -1314.72
124 8.31271e+11 -0.928154 13276.1 -1124.78
124 8.77857e+11 -0.862314 12262.5 -723.233
124 8.4018e+11 -0.828312 11754.2 -246.298
124 8.63884e+11 -0.828312 11754.2 -0
124 9.72802e+11 -2.45793 18086.4 -0
124 8.37559e+11 -2.45793 18086.4 -174.64
124 8.40146e+11 -2.43382 18040.3 -614.753
124 8.51926e+11 -2.37306 17856.2 -1341.33
124 8.34626e+11 -2.24865 17165.7 -2466.31
124 8.7056e+11 -2.03259 14587.8 -3012.68
124 8.86227e+11 -1.83275 12671.9 -2461.16
124 8.04625e+11 -1.69283 11527.2 -1521.88
124 9.21021e+11 -1.62266 11000.3 -508.295
124 9.44814e+11 -1.62266 11000.3 -0
124 7.76324e+11 -3.71842 18414.2 -0
124 8.22832e+11 -3.71842 18414.2 -152.25
124 8.11645e+11 -3.6974 18588.9 -586.612
124 8.20941e+11 -3.63744 19029 -1579.45
124 8.68266e+11 -3.47936 19930.2 -4389.82
124 9.52162e+11 -3.03143 13790.4 -5808.53
124 9.1003e+11 -2.6775 11296.7 -4185.4
124 8.20441e+11 -2.45364 10174.4 -2394.83
124 8.64692e+11 -2.34689 9719.67 -773.225
124 8.47035e+11 -2.34689 9719.67 -0
124 4.03622e+11 -5 9283.5 -0
124 4.38577e+11 -5 9283.5 -0
124 3.9488e+11 -5 9435.75 -0
124 4.11698e+11 -5 9870.11 -0
124 6.33329e+11 -5 11015.2 -7704.93
124 8.6262e+11 -3.93634 9346.87 -11646.2
124 8.40463e+11 -3.39225 8550.11 -6077.19
124 7.94765e+11 -3.09739 8153.93 -3098.88
124 7.96674e+11 -2.96445 7984.39 -962.974
124 6.67163e+11 -2.96445 7984.39 -0
124 0 -5 -0 -0
124 0 -5 -0 -0
124 0 -5 -0 -0
124 0 -5 -0 -0
124 4.3705e+11 -5 -0 -4913.06
124 7.91047e+11 -4.32176 4031.68 -8273.61
124 8.0805e+11 -3.85783 5402.91 -5378.33
124 7.68453e+11 -3.57928 5906.87 -2960.55
124 8.30975e+11 -3.44913 6079.56 -942.772
124 6.00903e+11 -3.44913 6079.56 -0
124 0 -5 -770.498 -0
124 0 -5 -770.498 -0
124 0 -5 -874.273 -0
124 5.66479e+08 -5 -1146.49 -0
124 3.52027e+11 -5 -1801.5 -3673.25
124 7.5633e+11 -4.49291 1376.89 -6243.31
124 7.70535e+11 -4.13812 3122.91 -4202
124 8.1445e+11 -3.91283 3991.1 -2422.22
124 6.86443e+11 -3.80373 4347.36 -790.283
124 5.53347e+11 -3.80373 4347.36 -0
124 0 -4.89363 -1437.24 -0
124 0 -4.89363 -1437.24 -103.775
124 0 -4.87931 -1580.11 -375.996
124 7.22993e+09 -4.84173 -1910.23 -927.223
124 4.30438e+11 -4.7513 -2523.07 -2389.68
124 7.08667e+11 -4.51183 154.403 -3349.21
124 7.51376e+11 -4.28895 1720.71 -2764.13
124 6.88419e+11 -4.13025 2587.17 -1736.1
124 6.40223e+11 -4.04928 2971.3 -586.505
124 4.81728e+11 -4.04928 2971.3 -0
124 0 -4.80159 -1190.62 -0
124 0 -4.80159 -1190.62 -142.873
124 0 -4.78187 -1224.47 -472.99
124 2.67756e+10 -4.73629 -1244.75 -942.956
124 4.88939e+11 -4.65169 -1059.95 -1608.62
124 7.06754e+11 -4.51423 43.0253 -1999.54
124 6.97052e+11 -4.37566 1018.28 -1769.24
124 7.41512e+11 -4.26998 1665.5 -1171.63
124 7.23753e+11 -4.21392 1979.38 -406.147
124 5.48824e+11 -4.21392 1979.38 -0
124 0 -4.72927 -910.184 -0
124 0 -4.72927 -910.184 -137.626
124 0 -4.71027 -882.431 -430.126
124 7.31573e+10 -4.66989 -784.365 -762.697
124 5.9903e+11 -4.60498 -514.926 -1101.9
124 7.29121e+11 -4.51777 59.342 -1270.98
124 6.65632e+11 -4.42952 643.785 -1141.65
124 7.44286e+11 -4.36017 1077.16 -774.997
124 5.93687e+11 -4.32253 1301.29 -272.624
124 4.21183e+11 -4.32253 1301.29 -0
124 0 -4.67594 -657.513 -0
124 0 -4.67594 -657.513 -115.121
124 4.42913e+08 -4.66005 -610.738 -347.171
124 9.8843e+10 -4.62801 -495.334 -575.451
124 6.43667e+11 -4.58061 -274.689 -764.912
124 6.98008e+11 -4.52242 65.4379 -840.825
124 6.79737e+11 -4.46453 420.286 -751.414
124 6.92224e+11 -4.41869 698.003 -514.122
124 5.70207e+11 -4.39356 847.177 -182.023
124 4.44818e+11 -4.39356 847.177 -0
124 0 -4.6385 -451.645 -0
124 0 -4.6385 -451.645 -90.8509
124 1.11181e+10 -4.62596 -407.697 -267.947
124 1.64622e+11 -4.60151 -311.536 -426.648
124 6.41513e+11 -4.56706 -153.951 -541.127
124 7.15802e+11 -4.52681 56.7344 -576.007
124 6.41525e+11 -4.48754 273.847 -509.086
124 6.12117e+11 -4.45653 447.236 -348.106
124 5.91908e+11 -4.43949 542.194 -123.451
124 4.59706e+11 -4.43949 542.194 -0
124 0 -4.61359 -289.748 -0
124 1.14684e+09 -4.61359 -289.748 -71.1726
124 3.39336e+10 -4.60377 -256.893 -207.062
124 2.62223e+11 -4.58501 -189.107 -321.704
124 6.07275e+11 -4.55935 -86.3988 -396.641
124 7.25595e+11 -4.53025 41.5608 -413.028
124 5.43534e+11 -4.50234 170.978 -360.912
124 6.05996e+11 -4.48043 274.781 -245.776
124 5.59417e+11 -4.46841 332.113 -87.0648
124 3.97607e+11 -4.46841 332.113 -0
124 0 -4.5985 -160.735 -0
124 2.02109e+09 -4.5985 -160.735 -57.9957
124 5.75972e+10 -4.59049 -141.031 -167.306
124 2.84611e+11 -4.5754 -101.579 -256.154
124 6.29446e+11 -4.55513 -44.1677 -310.46
124 6.35896e+11 -4.53254 24.8142 -318.631
124 4.85136e+11 -4.51115 93.5606 -275.866
124 5.06549e+11 -4.49446 148.671 -186.97
124 4.57517e+11 -4.48533 179.24 -66.1186
124 3.3981e+11 -4.48533 179.24 -0
124 0 -4.5914 -51.4197 -0
124 1.54775e+09 -4.5914 -51.4197 -51.4681
124 7.4132e+10 -4.5843 -44.8922 -147.905
124 2.6353e+11 -4.57098 -32.0194 -224.841
124 4.89866e+11 -4.55326 -13.5792 -270.248
124 5.57589e+11 -4.53368 8.19258 -275.3
124 4.76297e+11 -4.51525 29.7521 -237.055
124 4.26493e+11 -4.50095 47.0036 -160.096
124 3.45445e+11 -4.49315 56.6257 -56.4965
124 3.12958e+11 -4.49315 56.6257 -0
124 0 -4.5914 -0 -0
124 3.50949e+08 -4.5914 -0 -51.4681
124 7.65304e+10 -4.5843 -0 -147.905
124 2.00309e+11 -4.57098 -0 -224.841
124 3.96916e+11 -4.55326 -0 -270.248
124 4.34357e+11 -4.53368 -0 -275.3
124 3.27844e+11 -4.51525 -0 -237.055
124 4.11824e+11 -4.50095 -0 -160.096
124 2.39596e+11 -4.49315 -0 -56.4965
124 2.3342e+11 -4.49315 -0 -0
149 5.09974e+11 0 17698.1 -0
149 4.65866e+11 0 17698.1 -0
149 4.30334e+11 0 17485.7 -0
149 4.1577e+11 0 16985.3 -0
149 4.82154e+11 0 16076.1 -0
149 5.36686e+11 0 14742.4 -0
149 4.33871e+11 0 13446.7 -0
149 3.79662e+11 0 12492.8 -0
149 4.93928e+11 0 12000.1 -0
149 4.64699e+11 0 12000.1 -0
149 1.02249e+12 -1.2216 17804.7 -0
149 9.53672e+11 -1.2216 17804.7 -106.184
149 8.32361e+11 -1.20694 17630.1 -356.388
149 7.58691e+11 -1.1724 17190 -704.789
149 8.37573e+11 -1.10965 16288.7 -1121.48
149 9.28423e+11 -1.01759 14723.6 -1314.72
149 7.70499e+11 -0.928153 13276 -1124.76
149 7.36869e+11 -0.862312 12262.4 -723.278
149 9.64072e+11 -0.828305 11754.1 -246.341
149 8.96377e+11 -0.828305 11754.1 -0
149 1.01454e+12 -2.45792 18086.4 -0
149 9.12851e+11 -2.45792 18086.4 -174.617
149 8.5382e+11 -2.43382 18040.4 -614.71
149 8.40583e+11 -2.37306 17856.2 -1341.31
149 8.61294e+11 -2.24865 17165.7 -2466.33
149 8.7383e+11 -2.03259 14587.9 -3012.71
149 8.97914e+11 -1.83275 12671.9 -2461.22
149 9.0693e+11 -1.69282 11527.1 -1521.91
149 9.20172e+11 -1.62265 11000.3 -508.293
149 7.52602e+11 -1.62265 11000.3 -0
149 9.97912e+11 -3.71842 18414.3 -0
149 8.73418e+11 -3.71842 18414.3 -152.225
149 7.69183e+11 -3.6974 18588.9 -586.578
149 7.88575e+11 -3.63744 19029 -1579.43
149 8.1813e+11 -3.47936 19930.2 -4389.81
149 7.73315e+11 -3.03143 13790.4 -5808.57
149 8.24657e+11 -2.67749 11296.6 -4185.5
149 9.14947e+11 -2.45362 10174.3 -2394.88
149 8.0038e+11 -2.34688 9719.62 -773.216
149 6.7673e+11 -2.34688 9719.62 -0
149 4.38109e+11 -5 9283.52 -0
149 3.94795e+11 -5 9283.52 -0
149 3.68569e+11 -5 9435.74 -0
149 3.71238e+11 -5 9870.1 -0
149 5.78118e+11 -5 11015.2 -7704.95
149 7.74551e+11 -3.93634 9346.77 -11646.3
149 8.15622e+11 -3.39224 8550.01 -6077.28
149 8.29303e+11 -3.09737 8153.87 -3098.93
149 8.09101e+11 -2.96443 7984.3 -962.982
149 7.10251e+11 -2.96443 7984.3 -0
149 0 -5 -0 -0
149 0 -5 -0 -0
149 0 -5 -0 -0
149 0 -5 -0 -0
149 4.56663e+11 -5 -0 -4913.14
149 7.67198e+11 -4.32175 4031.55 -8273.73
149 7.68238e+11 -3.85782 5402.76 -5378.4
149 6.83499e+11 -3.57926 5906.75 -2960.59
149 7.25501e+11 -3.44911 6079.41 -942.784
149 6.23496e+11 -3.44911 6079.41 -0
149 0 -5 -770.605 -0
149 0 -5 -770.605 -0
149 0 -5 -874.386 -0
149 4.14827e+08 -5 -1146.63 -0
149 4.69055e+11 -5 -1801.69 -3673.4
149 8.54809e+11 -4.49289 1376.7 -6243.52
149 8.09695e+11 -4.13809 3122.73 -4202.08
149 7.42956e+11 -3.9128 3990.89 -2422.28
149 7.4709e+11 -3.80369 4347.15 -790.321
149 5.97627e+11 -3.80369 4347.15 -0
149 0 -4.89362 -1437.45 -0
149 0 -4.89362 -1437.45 -103.781
149 0 -4.87929 -1580.34 -376.029
149 1.11669e+10 -4.84171 -1910.48 -927.305
149 5.70821e+11 -4.75128 -2523.38 -2389.8
149 7.48266e+11 -4.5118 154.18 -3349.32
149 7.45452e+11 -4.28891 1720.51 -2764.21
149 7.69272e+11 -4.1302 2586.97 -1736.17
149 7.14259e+11 -4.04923 2971.12 -586.526
149 4.91997e+11 -4.04923 2971.12 -0
149 0 -4.80156 -1190.84 -0
149 0 -4.80156 -1190.84 -142.889
149 0 -4.78184 -1224.69 -473.033
149 3.8079e+10 -4.73626 -1244.98 -943.047
149 5.71034e+11 -4.65165 -1060.15 -1608.74
149 7.96304e+11 -4.51417 42.8066 -1999.63
149 7.07436e+11 -4.3756 1018.04 -1769.29
149 6.54194e+11 -4.26993 1665.29 -1171.67
149 6.80801e+11 -4.21385 1979.17 -406.178
149 5.12242e+11 -4.21385 1979.17 -0
149 0 -4.72922 -910.401 -0
149 0 -4.72922 -910.401 -137.634
149 0 -4.71022 -882.657 -430.168
149 5.47998e+10 -4.66984 -784.594 -762.768
149 5.15853e+11 -4.60492 -515.14 -1102.02
149 7.36861e+11 -4.51771 59.1122 -1271.12
149 7.37633e+11 -4.42945 643.526 -1141.74
149 6.9333e+11 -4.36009 1076.88 -775.042
149 5.89117e+11 -4.32245 1301 -272.642
149 4.78239e+11 -4.32245 1301 -0
149 0 -4.67588 -657.738 -0
149 0 -4.67588 -657.738 -115.146
149 5.37798e+08 -4.65999 -610.973 -347.227
149 1.017e+11 -4.62795 -495.597 -575.529
149 5.54244e+11 -4.58053 -274.965 -765.033
149 6.89944e+11 -4.52233 65.1556 -840.968
149 6.08509e+11 -4.46444 419.982 -751.523
149 6.26107e+11 -4.41859 697.651 -514.196
149 5.37854e+11 -4.39345 846.84 -182.057
149 4.09963e+11 -4.39345 846.84 -0
149 0 -4.63842 -451.863 -0
149 0 -4.63842 -451.863 -90.8685
149 6.4928e+09 -4.62588 -407.933 -268.027
149 1.79895e+11 -4.60142 -311.806 -426.759
149 5.79311e+11 -4.56697 -154.268 -541.265
149 6.61802e+11 -4.5267 56.4207 -576.174
149 6.13198e+11 -4.48743 273.483 -509.24
149 6.82646e+11 -4.4564 446.87 -348.185
149 6.2068e+11 -4.43936 541.861 -123.454
149 4.83248e+11 -4.43936 541.861 -0
149 0 -4.6135 -289.943 -0
149 0 -4.6135 -289.943 -71.2167
149 2.76117e+10 -4.60367 -257.103 -207.17
149 2.71347e+11 -4.5849 -189.356 -321.864
149 6.40086e+11 -4.55924 -86.6939 -396.806
149 6.41841e+11 -4.53012 41.248 -413.217
149 6.22774e+11 -4.50219 170.641 -361.073
149 6.59091e+11 -4.48028 274.463 -245.818
149 5.04534e+11 -4.46826 331.832 -87.0664
149 4.24976e+11 -4.46826 331.832 -0
149 0 -4.5984 -160.876 -0
149 2.45528e+09 -4.5984 -160.876 -58.0288
149 3.13387e+10 -4.59039 -141.192 -167.441
149 2.86491e+11 -4.57528 -101.777 -256.35
149 6.30537e+11 -4.555 -44.4023 -310.661
149 6.10838e+11 -4.5324 24.5662 -318.839
149 6.26668e+11 -4.51098 93.336 -276.025
149 6.47558e+11 -4.49429 148.459 -186.994
149 4.64692e+11 -4.48517 179.044 -66.0855
149 4.42055e+11 -4.48517 179.044 -0
149 0 -4.59129 -51.4633 -0
149 9.48423e+09 -4.59129 -51.4633 -51.5326
149 7.88108e+10 -4.58418 -44.9671 -148.071
149 3.49475e+11 -4.57085 -32.0938 -225.074
149 6.41241e+11 -4.55311 -13.6914 -270.463
149 6.57464e+11 -4.53351 8.10439 -275.479
149 5.8957e+11 -4.51508 29.669 -237.18
149 5.57872e+11 -4.50077 46.9486 -160.11
149 4.90913e+11 -4.49298 56.553 -56.4811
149 4.45792e+11 -4.49298 56.553 -0
149 0 -4.59129 -0 -0
149 1.53099e+10 -4.59129 -0 -51.5326
149 1.48113e+11 -4.58418 -0 -148.071
149 3.88311e+11 -4.57085 -0 -225.074
149 5.96408e+11 -4.55311 -0 -270.463
149 6.31703e+11 -4.53351 -0 -275.479
149 5.06757e+11 -4.51508 -0 -237.18
149 5.42451e+11 -4.50077 -0 -160.11
149 5.38373e+11 -4.49298 -0 -56.4811
149 3.99832e+11 -4.49298 -0 -0
174 5.0435e+11 0 17698.1 -0
174 4.83284e+11 0 17698.1 -0
174 5.36329e+11 0 17485.7 -0
174 4.33121e+11 0 16985.3 -0
174 4.29621e+11 0 16076.1 -0
174 5.00892e+11 0 14742.3 -0
174 5.2934e+11 0 13446.6 -0
174 4.50123e+11 0 12492.7 -0
174 5.15771e+11 0 12000.1 -0
174 4.65805e+11 0 12000.1 -0
174 8.80037e+11 -1.2216 17804.7 -0
174 9.41316e+11 -1.2216 17804.7 -106.202
174 8.97276e+11 -1.20694 17630 -356.399
174 7.74786e+11 -1.1724 17189.9 -704.783
174 8.55331e+11 -1.10965 16288.7 -1121.47
174 8.62133e+11 -1.01758 14723.6 -1314.73
174 8.26057e+11 -0.928148 13276 -1124.8
174 8.64983e+11 -0.862305 12262.4 -723.27
174 9.01424e+11 -0.828302 11754.1 -246.317
174 8.09674e+11 -0.828302 11754.1 -0
174 8.04724e+11 -2.45792 18086.4 -0
174 8.76422e+11 -2.45792 18086.4 -174.636
174 9.18719e+11 -2.43381 18040.4 -614.722
174 8.32401e+11 -2.37306 17856.2 -1341.31
174 8.85396e+11 -2.24864 17165.7 -2466.34
174 8.6285e+11 -2.03258 14587.8 -3012.71
174 8.53084e+11 -1.83274 12671.8 -2461.24
174 9.62525e+11 -1.69281 11527.1 -1521.94
174 8.91559e+11 -1.62264 11000.2 -508.294
174 8.15235e+11 -1.62264 11000.2 -0
174 9.19143e+11 -3.71841 18414.3 -0
174 9.085e+11 -3.71841 18414.3 -152.236
174 8.54449e+11 -3.6974 18588.9 -586.573
174 7.46019e+11 -3.63744 19029 -1579.44
174 8.56025e+11 -3.47936 19930.2 -4389.87
174 9.53564e+11 -3.03142 13790.4 -5808.59
174 8.09718e+11 -2.67749 11296.6 -4185.5
174 8.14342e+11 -2.45361 10174.3 -2394.95
174 9.39857e+11 -2.34687 9719.53 -773.271
174 7.61423e+11 -2.34687 9719.53 -0
174 4.31257e+11 -5 9283.54 -0
174 4.60595e+11 -5 9283.54 -0
174 4.2429e+11 -5 9435.78 -0
174 3.69308e+11 -5 9870.11 -0
174 5.76438e+11 -5 11015.2 -7705
174 7.9069e+11 -3.93633 9346.79 -11646.4
174 7.39684e+11 -3.39223 8549.95 -6077.33
174 7.19739e+11 -3.09736 8153.77 -3099.01
174 8.91953e+11 -2.96441 7984.24 -963.039
174 6.97485e+11 -2.96441 7984.24 -0
174 0 -5 -0 -0
174 0 -5 -0 -0
174 0 -5 -0 -0
174 0 -5 -0 -0
174 4.09498e+11 -5 -0 -4913.19
174 7.06497e+11 -4.32174 4031.51 -8273.86
174 8.43713e+11 -3.8578 5402.67 -5378.52
174 7.5741e+11 -3.57924 5906.63 -2960.65
174 7.8022e+11 -3.44908 6079.35 -942.807
174 5.64378e+11 -3.44908 6079.35 -0
174 0 -5 -770.743 -0
174 0 -5 -770.743 -0
174 0 -5 -874.532 -0
174 1.16957e+09 -5 -1146.79 -0
174 3.60533e+11 -5 -1801.85 -3673.49
174 7.33041e+11 -4.49288 1376.55 -6243.69
174 7.63557e+11 -4.13806 3122.6 -4202.21
174 8.06658e+11 -3.91277 3990.78 -2422.33
174 6.80076e+11 -3.80366 4347.05 -790.32
174 5.27089e+11 -3.80366 4347.05 -0
174 0 -4.8936 -1437.72 -0
174 0 -4.8936 -1437.72 -103.788
174 0 -4.87927 -1580.62 -376.044
174 9.18433e+09 -4.84169 -1910.79 -927.318
174 4.44419e+11 -4.75126 -2523.72 -2389.86
174 7.16023e+11 -4.51177 153.92 -3349.41
174 7.15034e+11 -4.28887 1720.3 -2764.28
174 7.10692e+11 -4.13016 2586.8 -1736.21
174 6.82009e+11 -4.04919 2970.95 -586.54
174 5.40482e+11 -4.04919 2970.95 -0
174 0 -4.80152 -1191.09 -0
174 0 -4.80152 -1191.09 -142.898
174 0 -4.7818 -1224.96 -473.069
174 3.35789e+10 -4.73622 -1245.27 -943.097
174 5.99406e+11 -4.6516 -1060.48 -1608.78
174 7.28191e+11 -4.51413 42.5234 -1999.67
174 6.60642e+11 -4.37555 1017.79 -1769.33
174 6.12631e+11 -4.26987 1665.05 -1171.69
174 5.94434e+11 -4.2138 1978.93 -406.175
174 4.49647e+11 -4.2138 1978.93 -0
174 0 -4.72917 -910.623 -0
174 0 -4.72917 -910.623 -137.656
174 1.50893e+08 -4.71017 -882.884 -430.223
174 9.10812e+10 -4.66978 -784.843 -762.845
174 6.1826e+11 -4.60486 -515.396 -1102.07
174 7.46205e+11 -4.51764 58.8528 -1271.15
174 7.42305e+11 -4.42938 643.268 -1141.76
174 6.48258e+11 -4.36002 1076.63 -775.063
174 6.28616e+11 -4.32238 1300.75 -272.663
174 5.16249e+11 -4.32238 1300.75 -0
174 0 -4.67581 -657.921 -0
174 0 -4.67581 -657.921 -115.159
174 3.77407e+09 -4.65992 -611.155 -347.288
174 1.69985e+11 -4.62787 -495.773 -575.608
174 6.19432e+11 -4.58045 -275.147 -765.086
174 6.91657e+11 -4.52225 64.9573 -841.011
174 7.05965e+11 -4.46435 419.794 -751.556
174 7.27742e+11 -4.4185 697.485 -514.208
174 6.27742e+11 -4.39337 846.678 -182.056
174 4.69312e+11 -4.39337 846.678 -0
174 0 -4.63835 -452.008 -0
174 0 -4.63835 -452.008 -90.8908
174 9.81314e+09 -4.6258 -408.067 -268.076
174 2.10906e+11 -4.60134 -311.91 -426.837
174 6.75372e+11 -4.56687 -154.376 -541.336
174 7.39093e+11 -4.52661 56.2829 -576.204
174 6.36484e+11 -4.48733 273.364 -509.23
174 5.78225e+11 -4.45631 446.759 -348.18
174 5.76598e+11 -4.43926 541.749 -123.47
174 4.92545e+11 -4.43926 541.749 -0
174 0 -4.61341 -290.051 -0
174 0 -4.61341 -290.051 -71.2179
174 1.75619e+10 -4.60358 -257.208 -207.19
174 1.85436e+11 -4.58481 -189.435 -321.917
174 6.22122e+11 -4.55914 -86.7539 -396.893
174 7.14806e+11 -4.53002 41.1794 -413.27
174 6.41903e+11 -4.50209 170.56 -361.08
174 6.07476e+11 -4.48017 274.349 -245.823
174 4.81846e+11 -4.46815 331.706 -87.0663
174 4.65574e+11 -4.46815 331.706 -0
174 0 -4.5983 -160.944 -0
174 5.46872e+08 -4.5983 -160.944 -58.048
174 4.473e+10 -4.59029 -141.263 -167.46
174 2.55573e+11 -4.57519 -101.848 -256.383
174 5.99779e+11 -4.5549 -44.4382 -310.722
174 6.08657e+11 -4.53229 24.5407 -318.891
174 5.22322e+11 -4.51087 93.2785 -276.06
174 5.51921e+11 -4.49418 148.355 -187.033
174 4.58586e+11 -4.48505 178.95 -66.1132
174 3.89589e+11 -4.48505 178.95 -0
174 0 -4.5912 -51.4933 -0
174 6.90008e+09 -4.5912 -51.4933 -51.5365
174 8.68697e+10 -4.58408 -44.9818 -148.093
174 3.5427e+11 -4.57075 -32.1271 -225.093
174 5.68416e+11 -4.55301 -13.6919 -270.504
174 5.86977e+11 -4.53341 8.09044 -275.554
174 5.68733e+11 -4.51497 29.645 -237.266
174 6.24741e+11 -4.50065 46.8851 -160.151
174 5.19874e+11 -4.49286 56.527 -56.4712
174 4.17565e+11 -4.49286 56.527 -0
174 0 -4.5912 -0 -0
174 1.58894e+10 -4.5912 -0 -51.5365
174 1.17149e+11 -4.58408 -0 -148.093
174 3.63388e+11 -4.57075 -0 -225.093
174 5.48853e+11 -4.55301 -0 -270.504
174 5.42181e+11 -4.53341 -0 -275.554
174 5.76443e+11 -4.51497 -0 -237.266
174 6.0096e+11 -4.50065 -0 -160.151
174 5.25215e+11 -4.49286 -0 -56.4712
174 3.99187e+11 -4.49286 -0 -0
199 5.36675e+11 0 17698.1 -0
199 4.76315e+11 0 17698.1 -0
199 3.86067e+11 0 17485.7 -0
199 4.68382e+11 0 16985.2 -0
199 4.69219e+11 0 16076 -0
199 4.84977e+11 0 14742.3 -0
199 5.23801e+11 0 13446.5 -0
199 4.54451e+11 0 12492.6 -0
199 4.07057e+11 0 12000 -0
199 3.89503e+11 0 12000 -0
199 8.84393e+11 -1.2216 17804.7 -0
199 8.79577e+11 -1.2216 17804.7 -106.209
199 8.25073e+11 -1.20694 17630 -356.434
199 8.27598e+11 -1.1724 17189.9 -704.812
199 8.47977e+11 -1.10964 16288.7 -1121.47
199 7.68472e+11 -1.01758 14723.5 -1314.76
199 8.68413e+11 -0.928142 13275.9 -1124.83
199 8.64365e+11 -0.862299 12262.3 -723.262
199 8.46545e+11 -0.828296 11753.9 -246.309
199 9.16815e+11 -0.828296 11753.9 -0
199 8.64439e+11 -2.45792 18086.4 -0
199 9.09635e+11 -2.45792 18086.4 -174.646
199 9.36183e+11 -2.43381 18040.4 -614.754
199 8.67234e+11 -2.37305 17856.2 -1341.35
199 9.39852e+11 -2.24864 17165.7 -2466.37
199 8.90505e+11 -2.03257 14587.8 -3012.77
199 9.70551e+11 -1.83273 12671.8 -2461.27
199 9.18135e+11 -1.6928 11527 -1521.95
199 9.80423e+11 -1.62262 11000.1 -508.312
199 8.48146e+11 -1.62262 11000.1 -0
199 8.19233e+11 -3.71842 18414.3 -0
199 7.80323e+11 -3.71842 18414.3 -152.257
199 8.05835e+11 -3.6974 18588.9 -586.623
199 7.9046e+11 -3.63744 19029 -1579.47
199 8.33377e+11 -3.47935 19930.3 -4389.92
199 9.16483e+11 -3.03141 13790.3 -5808.69
199 9.2976e+11 -2.67747 11296.6 -4185.58
199 8.87983e+11 -2.45359 10174.2 -2394.95
199 9.26131e+11 -2.34685 9719.48 -773.261
199 6.88823e+11 -2.34685 9719.48 -0
199 4.35062e+11 -5 9283.51 -0
199 4.58209e+11 -5 9283.51 -0
199 4.30486e+11 -5 9435.77 -0
199 3.48571e+11 -5 9870.13 -0
199 6.29908e+11 -5 11015.2 -7705.08
199 8.23768e+11 -3.93632 9346.77 -11646.5
199 7.80337e+11 -3.39221 8549.95 -6077.43
199 8.72825e+11 -3.09734 8153.74 -3099.04
199 8.42296e+11 -2.96439 7984.18 -963.023
199 6.17078e+11 -2.96439 7984.18 -0
199 0 -5 -0 -0
199 0 -5 -0 -0
199 0 -5 -0 -0
199 0 -5 -0 -0
199 3.72983e+11 -5 -0 -4913.28
199 7.71003e+11 -4.32172 4031.46 -8273.98
199 7.48856e+11 -3.85778 5402.64 -5378.61
199 8.08186e+11 -3.57921 5906.6 -2960.73
199 7.81503e+11 -3.44906 6079.25 -942.821
199 5.8951e+11 -3.44906 6079.25 -0
199 0 -5 -770.86 -0
199 0 -5 -770.86 -0
199 0 -5 -874.647 -0
199 5.67271e+08 -5 -1146.9 -0
199 4.18092e+11 -5 -1801.97 -3673.62
199 8.70479e+11 -4.49286 1376.46 -6243.84
199 6.82222e+11 -4.13804 3122.51 -4202.29
199 7.51365e+11 -3.91274 3990.7 -2422.44
199 7.84639e+11 -3.80363 4346.94 -790.375
199 5.88239e+11 -3.80363 4346.94 -0
199 0 -4.89358 -1437.95 -0
199 0 -4.89358 -1437.95 -103.787
199 0 -4.87926 -1580.85 -376.044
199 8.09412e+09 -4.84167 -1911.01 -927.326
199 4.25461e+11 -4.75124 -2523.93 -2389.92
199 7.14437e+11 -4.51174 153.8 -3349.5
199 6.47995e+11 -4.28884 1720.15 -2764.36
199 6.60848e+11 -4.13013 2586.67 -1736.29
199 7.34013e+11 -4.04915 2970.85 -586.58
199 6.12792e+11 -4.04915 2970.85 -0
199 0 -4.80149 -1191.31 -0
199 0 -4.80149 -1191.31 -142.9
199 0 -4.78177 -1225.17 -473.062
199 3.11327e+10 -4.73619 -1245.48 -943.082
199 4.96843e+11 -4.65157 -1060.67 -1608.81
199 6.56097e+11 -4.51409 42.3674 -1999.77
199 7.235e+11 -4.37551 1017.63 -1769.42
199 6.57565e+11 -4.26983 1664.91 -1171.73
199 6.4268e+11 -4.21375 1978.84 -406.196
199 4.99954e+11 -4.21375 1978.84 -0
199 0 -4.72912 -910.824 -0
199 0 -4.72912 -910.824 -137.651
199 0 -4.71012 -883.09 -430.213
199 6.48931e+10 -4.66973 -785.045 -762.824
199 5.25327e+11 -4.60481 -515.607 -1102.08
199 6.83963e+11 -4.51759 58.6749 -1271.2
199 7.67566e+11 -4.42933 643.146 -1141.82
199 7.10805e+11 -4.35997 1076.53 -775.081
199 5.88938e+11 -4.32233 1300.66 -272.654
199 3.98407e+11 -4.32233 1300.66 -0
199 0 -4.67575 -658.099 -0
199 0 -4.67575 -658.099 -115.166
199 2.06953e+09 -4.65986 -611.341 -347.283
199 1.26831e+11 -4.62781 -495.976 -575.598
199 5.74715e+11 -4.58039 -275.358 -765.087
199 6.6385e+11 -4.52219 64.7709 -841.014
199 5.9437e+11 -4.46429 419.649 -751.561
199 6.1226e+11 -4.41844 697.356 -514.22
199 5.70714e+11 -4.39331 846.551 -182.068
199 4.53188e+11 -4.39331 846.551 -0
199 0 -4.63827 -452.151 -0
199 3.35542e+07 -4.63827 -452.151 -90.8932
199 6.983e+09 -4.62573 -408.227 -268.09
199 2.05164e+11 -4.60126 -312.099 -426.841
199 6.64694e+11 -4.5668 -154.562 -541.328
199 6.88843e+11 -4.52653 56.1036 -576.197
199 5.68186e+11 -4.48726 273.175 -509.232
199 5.615e+11 -4.45624 446.589 -348.179
199 5.06282e+11 -4.43919 541.576 -123.458
199 4.17054e+11 -4.43919 541.576 -0
199 0 -4.61333 -290.149 -0
199 5.73643e+08 -4.61333 -290.149 -71.2412
199 3.95728e+10 -4.6035 -257.317 -207.23
199 2.92094e+11 -4.58473 -189.558 -321.934
199 6.27527e+11 -4.55906 -86.8853 -396.884
199 6.95199e+11 -4.52994 41.0255 -413.277
199 6.77851e+11 -4.502 170.396 -361.075
199 5.67357e+11 -4.48009 274.208 -245.819
199 5.26598e+11 -4.46807 331.554 -87.0804
199 4.57545e+11 -4.46807 331.554 -0
199 0 -4.59822 -160.994 -0
199 2.90598e+09 -4.59822 -160.994 -58.0613
199 8.65507e+10 -4.5902 -141.312 -167.499
199 2.96555e+11 -4.5751 -101.895 -256.409
199 5.77986e+11 -4.55481 -44.5281 -310.745
199 6.58429e+11 -4.5322 24.444 -318.915
199 6.6468e+11 -4.51078 93.2136 -276.05
199 6.28816e+11 -4.49409 148.309 -187.02
199 5.73946e+11 -4.48496 178.905 -66.1118
199 4.42527e+11 -4.48496 178.905 -0
199 0 -4.59111 -51.5012 -0
199 3.45559e+09 -4.59111 -51.5012 -51.5586
199 9.36949e+10 -4.58399 -44.9985 -148.131
199 3.53925e+11 -4.57066 -32.1329 -225.15
199 6.74583e+11 -4.55291 -13.7397 -270.545
199 6.83368e+11 -4.53331 8.06659 -275.535
199 5.80897e+11 -4.51487 29.6409 -237.211
199 5.57788e+11 -4.50056 46.9054 -160.128
199 5.01018e+11 -4.49277 56.5328 -56.4844
199 4.59229e+11 -4.49277 56.5328 -0
199 0 -4.59111 -0 -0
199 7.77629e+09 -4.59111 -0 -51.5586
199 8.3607e+10 -4.58399 -0 -148.131
199 3.44339e+11 -4.57066 -0 -225.15
199 6.02174e+11 -4.55291 -0 -270.545
199 6.88312e+11 -4.53331 -0 -275.535
199 6.24291e+11 -4.51487 -0 -237.211
199 5.41836e+11 -4.50056 -0 -160.128
199 4.06941e+11 -4.49277 -0 -56.4844
199 4.98502e+11 -4.49277 -0 -0
