Time in microseconds. Iter / Coll / Push1 / Fluid / Rho / Phi / E / Push2 / Total min elapsed 
200 8452 62973 55 38669 22 7 74863 0
400 8005 61778 53 31453 20 12 68678 1
600 13636 56870 56 41150 18 17 71960 2
800 7547 59631 59 41318 21 10 74858 2
1000 0 54617 54 39529 22 8 77706 3
1200 0 56313 54 38626 22 8 70640 4
1400 11724 56979 60 34321 23 9 73584 4
1600 11630 52300 59 37938 22 10 70739 5
1800 7727 55106 57 45970 25 10 66688 6
2000 0 62501 60 38674 19 8 73753 6
2200 8513 56181 60 48144 91 10 69424 7
2400 9616 68832 137 45187 18 13 66178 7
2600 10815 51951 58 40878 21 10 67905 8
2800 8896 55091 130 40864 19 7 74116 9
3000 7594 58800 56 41585 22 9 67772 9
3200 6809 56070 56 45281 21 15 68006 10
3400 9004 61634 75 42673 26 10 85662 11
3600 11326 65768 69 42217 29 11 83756 11
3800 9031 63659 70 40007 31 8 77978 12
4000 13577 67597 142 42645 26 10 79812 13
4200 13100 61730 69 39034 20 9 78305 14
4400 0 60637 71 46390 20 9 79007 14
4600 0 67853 57 45863 25 13 77986 15
4800 13020 60759 69 40068 25 14 89721 16
5000 12442 58210 73 39816 25 10 79399 16
5200 12797 64025 84 48541 27 10 78224 17
5400 11662 67043 70 36273 24 8 74760 18
5600 5905 60619 72 35185 26 9 79751 19
5800 10791 61724 54 50382 27 9 83014 19
6000 8323 62261 69 47970 17 12 79216 20
6200 6287 57987 59 32636 22 8 67599 21
6400 7351 49492 60 37364 21 12 63096 21
6600 7568 49827 66 38444 24 7 67255 22
6800 0 50693 55 36445 19 11 61474 22
7000 7505 47700 488 32658 19 8 66001 23
7200 9657 60322 54 28263 21 12 60039 24
7400 9722 52842 57 28868 25 11 63821 24
7600 7942 51710 106 36889 23 16 58815 25
7800 10819 48390 53 42044 20 15 67491 25
8000 5874 56408 54 32684 23 9 61180 26
8200 7156 46126 55 33358 28 10 66525 27
8400 13082 59971 71 34907 21 9 72963 27
8600 11534 53602 70 32911 25 13 77937 28
8800 9731 59613 69 36024 27 8 83737 29
9000 9975 63342 163 37263 39 14 66635 29
9200 11708 71206 69 46670 25 11 75717 30
9400 8687 57897 72 36700 25 10 72035 31
9600 6537 66723 79 39407 31 13 75696 31
9800 13460 60017 69 36112 27 12 77876 32
10000 13364 57666 94 41874 89 10 76974 33
10200 9672 55739 69 37721 25 9 72269 33
10400 12134 57491 78 30129 31 10 70977 34
10600 9107 43000 53 33614 19 9 61645 35
10800 7789 57592 70 43781 24 7 69504 35
11000 12704 53098 66 34351 433 11 73799 36
11200 0 53008 66 38591 25 9 70160 37
11400 5977 58590 72 43399 28 10 74351 37
11600 8534 58555 60 37560 23 14 77777 38
11800 9106 49236 53 37707 19 11 53689 38
12000 6288 45244 54 37387 21 20 58411 39
12200 10571 52623 55 29618 24 10 57966 40
12400 0 42693 57 37042 20 300 53532 40
12600 0 61115 72 35082 22 9 69827 41
12800 8979 61825 68 33545 26 12 71345 41
13000 0 59476 70 34148 18 11 66896 42
13200 6233 57790 50 38620 28 9 71684 43
13400 6979 68396 70 29333 26 8 72638 43
13600 8056 63681 73 32925 24 9 76664 44
13800 11975 62733 69 41947 25 8 101257 45
14000 7313 58084 70 40110 25 10 67966 45
14200 0 52294 143 31433 25 12 72243 46
14400 7568 56086 69 36800 25 10 77943 47
14600 6503 56117 68 37925 27 11 73731 47
14800 11688 54483 72 37018 25 9 68151 48
15000 9265 50385 64 39156 25 10 62713 48
15200 6038 49500 73 33138 27 9 69144 49
15400 12434 53418 69 40790 27 9 66390 50
15600 11854 49378 68 41064 25 10 62064 50
15800 6231 54473 70 33704 24 9 69784 51
16000 10561 49064 52 31261 19 211 63600 52
16200 8419 49285 69 34698 24 310 64758 52
16400 9956 53960 165 32902 19 11 62183 53
16600 12703 49065 55 28813 19 11 59043 53
16800 6354 59192 57 27658 23 8 53585 54
17000 11722 47378 54 38840 20 13 56010 55
17200 13408 50395 85 25614 25 8 55876 55
17400 0 44618 53 52270 19 8 58407 56
17600 9550 49463 67 29739 23 7 58084 56
17800 7634 45924 54 27389 24 12 60168 57
18000 0 52246 99 32761 20 7 62196 57
18200 11000 40265 54 26101 30 8 59908 58
18400 10810 50331 56 26939 20 11 59728 59
18600 8919 45484 60 45435 20 8 58272 59
18800 6884 51356 48 36956 20 10 57035 60
19000 9383 50837 56 33810 19 11 70895 60
19200 8054 52251 143 32370 19 12 64442 61
19400 11776 47252 60 34633 22 9 62161 61
19600 8604 47852 51 32042 20 8 56846 62
19800 9089 44887 76 33790 18 8 58947 63
20000 13535 47580 53 32352 18 11 63285 63
