Time in microseconds. Iter / Coll / Push1 / Fluid / Rho / Phi / E / Push2 / Total min elapsed 
200 0 693982 67 422571 20 11 874233 6
400 0 690046 70 419221 26 9 873319 12
600 0 669972 56 418725 19 8 877567 19
800 0 557631 57 349740 22 8 887763 25
1000 0 664216 55 410088 32 9 846701 32
1200 0 670321 66 410284 24 9 836799 38
1400 0 548113 54 355104 19 8 708100 45
1600 0 667468 77 399143 24 11 864014 51
1800 0 637628 55 396206 26 10 820942 57
2000 0 642705 54 384694 29 10 818427 64
2200 0 525334 56 328638 21 10 685581 70
2400 0 631661 69 386549 25 10 814223 76
2600 0 619536 68 374175 21 11 805615 82
2800 0 509414 57 328106 32 10 667299 88
3000 0 526175 68 327707 25 9 681104 93
3200 0 600752 719 384201 25 11 789230 99
3400 0 521234 56 316339 21 10 663207 104
3600 0 648007 71 370636 26 11 778590 111
3800 0 607865 69 363814 28 13 778159 116
4000 0 513641 56 314216 19 8 677464 122
4200 0 590670 84 363095 28 8 844297 127
4400 0 487710 55 310256 18 9 650932 133
4600 0 601602 68 353189 19 9 756770 138
4800 0 587668 67 366111 27 9 757130 144
5000 0 491358 59 315560 65 8 629618 150
5200 0 572375 67 368498 26 11 752870 155
5400 0 574407 66 357367 28 12 747490 161
5600 0 566684 82 352848 20 13 734131 167
5800 0 480318 56 302472 19 10 648889 172
6000 0 482086 56 306591 18 9 622687 177
6200 0 593337 58 356133 33 15 766242 183
6400 0 472137 85 300477 19 11 622769 189
6600 0 480395 55 301395 20 13 622171 194
6800 28224 571584 53 352988 30 11 745130 199
7000 0 554585 123 317105 19 8 613047 205
7200 0 584412 55 350197 25 11 730150 210
7400 0 571534 73 353507 26 9 741159 216
7600 0 476074 72 304954 19 8 610486 221
7800 27762 549522 75 360203 26 11 721849 227
8000 25566 465727 55 301729 28 12 746374 233
8200 0 560156 68 349367 25 8 729204 238
8400 0 558365 69 352906 18 10 719177 243
8600 34763 566366 70 336070 27 9 724580 249
8800 0 557794 71 338124 25 9 737972 255
9000 0 475771 55 305682 19 11 606467 260
9200 0 464136 60 293614 27 9 614860 265
9400 0 548562 69 366048 82 16 747902 270
9600 29708 462320 59 293702 19 10 609317 275
9800 26169 458992 89 294439 22 10 603278 280
10000 0 582870 81 382444 26 13 811329 285
10200 31758 540758 73 348780 33 11 712290 291
10400 0 568551 83 344622 24 9 721577 297
10600 0 461983 59 297430 26 12 604520 302
10800 0 464125 68 286620 19 11 606069 307
11000 0 459547 57 290356 24 6 595437 311
11200 31440 574780 66 335099 24 11 704920 316
11400 0 554721 100 339637 25 578 724209 322
11600 0 568597 64 342615 26 9 703636 327
11800 0 563641 68 335095 25 13 721267 332
12000 0 554247 69 338938 24 9 722758 338
12200 25736 548695 121 344938 23 10 704673 343
12400 0 547446 71 337602 28 8 723383 349
12600 0 560193 61 341372 26 10 715153 354
12800 0 460872 60 296773 19 9 585602 360
13000 0 548620 70 340497 28 8 700759 365
13200 22206 464009 55 287357 55 12 789216 370
13400 25157 460924 56 287341 21 12 593908 375
13600 0 546717 51 338483 25 11 710958 380
13800 0 539989 66 336167 25 14 709194 386
14000 0 543289 69 336583 25 8 680834 391
14200 0 573582 69 333998 25 9 683350 397
14400 0 551925 68 340251 25 9 741447 402
14600 0 448881 55 292017 19 79 605028 407
14800 0 539239 60 335627 22 12 758774 412
15000 0 549718 70 341230 25 8 704409 417
15200 0 564770 73 334671 24 10 717778 422
15400 0 543474 67 336820 19 10 701446 428
15600 0 454969 53 284889 18 11 583881 433
15800 0 547439 59 352841 25 16 712849 438
16000 24401 556161 68 335721 32 12 711088 443
16200 0 539974 56 340390 71 8 705639 449
16400 0 544357 69 344107 31 10 715061 454
16600 24265 464435 53 284947 19 11 627177 459
16800 29237 536758 430 331767 17 9 700358 464
17000 0 527192 64 335973 29 12 706971 470
17200 0 557548 76 342817 25 10 708703 475
17400 0 447835 54 285604 22 9 586097 481
17600 0 452465 87 288604 18 9 599828 486
17800 0 450116 55 285968 20 9 589685 491
18000 0 545951 124 346829 34 9 723694 496
18200 0 547191 82 338439 31 12 706832 501
18400 0 469598 57 301023 18 8 588332 506
18600 0 542019 70 348651 26 8 699976 512
18800 0 535072 83 335291 26 9 712553 517
19000 0 458159 62 298280 20 9 619179 522
19200 0 566017 85 346574 31 9 696723 528
19400 0 455741 330 296693 19 9 588697 533
19600 0 550773 72 341279 18 8 736282 539
19800 0 542962 71 346972 28 12 701646 544
20000 27407 462949 55 294101 18 7 592207 549
