Time in microseconds. Iter / Coll / Push1 / Fluid / Rho / Phi / E / Push2
200 10275 70620 84 58702 27 8 73767
400 8260 62394 76 56027 30 9 69910
600 0 59889 85 58208 39 9 62866
800 12176 42960 55 76866 22 9 71137
1000 17909 69503 66 52217 31 7 74500
1200 4925 66352 58 69837 468 8 78457
1400 11016 46294 60 41251 28 9 71571
1600 0 63501 59 39474 21 4341 63442
1800 8079 57958 63 48930 26 7 60504
2000 5623 83662 63 55730 89 7 76517
2200 7402 65107 82 33770 26 9 75732
2400 5611 78775 74 81019 35 10 101770
2600 7720 61091 87 74700 29 7 83047
2800 8003 47139 54 41310 20 11 63454
3000 14185 69962 70 86955 32 11 80123
3200 13347 62282 68 94278 28 9 99978
3400 6252 48918 138 71578 32 8 75407
3600 4676 42539 73 75939 22 11 49023
3800 11165 45222 59 52790 21 8 56497
4000 5972 65500 69 75788 29 8 73814
4200 6027 56132 168 45162 28 8 100858
4400 2225 66896 77 104307 25 7 67869
4600 5591 74697 66 70604 29 7 75741
4800 7691 68789 69 47377 29 11 78056
5000 7979 53049 522 65766 35 10 89729
5200 15204 62269 85 39440 27 8 68140
5400 8760 60768 68 73128 29 10 69136
5600 13260 60895 79 76096 30 13 68119
5800 10725 61015 78 64411 29 9 65601
6000 13945 60647 62 78936 30 10 86507
6200 11051 63697 79 60940 26 9 79355
6400 7488 60340 67 53431 30 12 75627
6600 3803 68596 155 29221 25 12 71848
6800 4919 38583 56 105248 68 10 61587
7000 9297 57197 188 83789 28 8 74704
7200 6416 47619 71 25195 23 10 66196
7400 5916 63040 64 53535 34 13 61894
7600 2749 53579 67 31062 29 11 74184
7800 13861 53250 70 39655 27 9 74244
8000 6031 48575 66 69089 31 11 72180
8200 8083 46408 75 57052 30 12 82186
8400 4880 68667 8550 69696 33 64 61801
8600 8925 64968 81 44502 31 11 74895
8800 8247 56154 80 84723 33 12 62182
9000 12855 44770 81 55556 26 14 62580
9200 0 58330 69 69531 37 9 79503
9400 7781 60901 68 37164 27 10 64691
9600 12894 51855 69 85261 27 8 77845
9800 7771 67708 71 65081 29 10 62680
10000 13247 54813 68 57359 34 11 56809
10200 7103 42403 69 41263 26 11 45483
10400 13780 37503 56 65635 25 11 52295
10600 9190 45343 65 52917 28 7 68102
10800 9235 46331 65 73499 29 10 64505
11000 5525 42249 55 53259 91 8 59375
11200 10315 29247 60 51273 26 8 63123
11400 6297 59169 67 44628 32 11 75166
11600 6588 58645 56 39511 23 14 56139
11800 5770 65838 69 61871 33 12 78384
12000 4126 57025 83 70038 28 9 65357
12200 6271 43894 66 39731 30 44 70133
12400 6549 54814 79 40115 31 8 67003
12600 5528 51298 68 39957 28 9 57517
12800 5368 42453 65 49626 28 9 61849
13000 7920 47066 58 59291 33 12 70420
13200 4721 50842 78 64964 32 12 63897
13400 13512 51065 82 36144 26 11 74808
13600 9613 47335 72 93411 25 9 61961
13800 10355 53928 82 68308 26 10 70719
14000 9619 46626 67 78956 29 12 71619
14200 4755 33447 55 71829 23 7 59523
14400 9301 64982 162 40044 30 8 67750
14600 11317 31628 53 37573 24 9 48989
14800 11007 39087 52 44705 21 11 59968
15000 10646 62853 70 34535 25 9 63985
15200 7063 53952 63 64755 22 11 55844
15400 5475 45255 53 37681 23 10 60070
15600 5402 54286 190 73429 26 10 71357
15800 7809 41731 55 65535 21 14 45601
16000 6709 49867 52 42173 34 7 61955
16200 10652 45296 69 60855 18 12 58754
16400 10356 52260 67 45352 5935 10 66353
16600 9137 46994 87 78858 31 8 58480
16800 0 45640 86 79908 30 13 63341
17000 7562 41820 68 85976 30 9 69599
17200 5132 59010 77 27587 26 10 60198
17400 6785 60909 77 51113 32 8 63668
17600 16647 47061 78 59670 30 9 62815
17800 7423 54242 65 36146 30 10 79616
18000 11326 69506 70 47802 27 7 70993
18200 10995 64045 70 71665 27 8 71069
18400 8752 48573 57 84556 26 8 70351
18600 13356 39529 71 72664 26 9 68323
18800 9161 38011 68 71844 28 10 49398
19000 5126 58193 71 42923 91 8 76640
19200 6581 46026 69 48370 25 12 70035
19400 8090 62102 70 40720 25 10 70257
19600 13322 44513 68 48067 25 9 73191
19800 5611 59234 59 44980 31 13 70079
20000 9508 55764 148 73774 34 10 68634
