Time in microseconds. Total time: 56 min Iter / Coll / Push1 / Fluid / Rho / Phi / E / Push2
200 0 58109 42 35400 14 7 72981
400 4576 55872 48 34928 15 7 72830
600 4607 56663 51 34908 14 6 71784
800 5847 55832 75 34626 14 6 72345
1000 0 55794 49 35059 20 6 71674
1200 0 54543 47 34486 13 6 73965
1400 0 54002 49 34541 16 6 69879
1600 0 53680 47 34366 15 7 74210
1800 6046 65898 57 39983 17 7 82802
2000 0 56656 93 37714 14 7 81433
2200 4854 54864 57 37287 14 6 72315
2400 5537 52691 47 35992 15 34 71265
2600 0 52177 47 33051 14 6 67158
2800 4548 52780 47 33772 14 6 66872
3000 0 51600 47 33099 15 6 67742
3200 4638 51318 48 33600 14 6 67608
3400 5063 51923 47 32565 14 6 65246
3600 0 50644 47 31762 19 7 65531
3800 4358 51403 47 31823 14 6 74215
4000 5469 59729 58 37861 20 6 76702
4200 5378 60624 57 36721 16 6 79998
4400 6293 65559 60 36382 20 7 75491
4600 5525 58323 48 39900 14 7 86204
4800 5835 61391 47 34631 19 7 74978
5000 4910 58980 48 34877 15 7 77701
5200 4748 61937 60 36700 15 7 79937
5400 5440 61654 60 35998 19 7 78547
5600 5727 59319 61 35707 19 7 77723
5800 6355 56609 59 36777 15 6 78985
6000 0 58130 63 33487 15 7 71492
6200 5513 59036 59 38079 19 8 80022
6400 4709 55125 48 35983 18 7 73455
6600 5084 57270 59 34435 15 8 74560
6800 5516 54181 48 36318 19 8 79274
7000 5886 58588 117 34764 21 6 73573
7200 0 55154 61 34875 18 7 76952
7400 0 55743 48 35280 22 7 70425
7600 5018 46071 47 29344 15 6 61040
7800 4827 65409 60 37217 14 7 75628
8000 4847 47582 61 28678 18 5 60751
8200 0 50587 55 32124 18 6 62467
8400 4329 46886 53 35874 18 6 73990
8600 6183 54276 60 35306 15 6 71462
8800 4716 49633 47 29832 16 7 61798
9000 5292 49230 51 29491 14 7 59601
9200 6278 57484 59 34618 19 8 73964
9400 4655 46661 51 31094 14 6 59994
9600 0 45952 47 29335 18 7 62051
9800 0 55326 54 33593 21 7 72053
10000 5305 54915 91 33892 18 9 79143
10200 5183 53276 49 30102 15 7 58922
10400 5599 62102 64 32561 19 7 71927
10600 6789 57453 60 35338 14 7 70851
10800 4259 46113 47 33429 16 6 61490
11000 5580 53342 47 36437 15 7 68758
11200 6024 61324 60 33636 15 7 73274
11400 4315 48267 66 30982 19 6 69174
11600 5946 58996 48 34023 15 7 70297
11800 4610 46776 46 29508 19 7 58620
12000 5873 60998 60 39140 15 7 75440
12200 0 63147 48 32455 14 7 69920
12400 4325 50843 48 30319 19 6 67788
12600 5377 55562 48 33664 18 7 74225
12800 5122 59057 60 38229 19 7 80762
13000 6414 51791 56 33624 15 7 70456
13200 5123 54214 60 32658 18 6 71117
13400 0 46743 47 28791 14 7 58240
13600 6859 55766 103 35323 23 7 74987
13800 6280 65524 59 39090 18 8 81463
14000 6562 63397 48 35071 16 6 68241
14200 5913 56722 58 35921 14 7 72562
14400 6445 58411 61 41330 16 7 82657
14600 5004 54066 47 31025 15 6 59598
14800 5736 56245 55 33327 15 7 67260
15000 4119 48313 46 29621 13 6 61515
15200 5682 51337 58 35276 15 5 71784
15400 0 48171 47 27572 14 7 60398
15600 0 46579 47 27940 13 6 63596
15800 5034 51870 56 34999 15 7 70153
16000 4752 44333 47 28529 18 6 58007
16200 0 44789 48 28855 14 7 58604
16400 0 56166 63 34075 14 7 73621
16600 4067 46806 47 28411 16 7 61474
16800 4388 44333 48 28710 14 6 58938
17000 4891 44580 47 31681 14 6 57942
17200 5249 57538 59 34002 228 6 68995
17400 4426 45705 48 28602 14 6 58929
17600 5383 44682 47 29616 14 6 59535
17800 5627 57653 60 33954 18 7 70266
18000 6070 48201 53 28224 14 6 58074
18200 0 45509 47 28320 13 7 57536
18400 0 60388 61 33905 18 7 69960
18600 5801 53596 60 34054 19 6 69137
18800 6098 59577 48 32938 15 6 69326
19000 4506 46137 48 29405 15 6 57659
19200 4362 45529 52 29135 15 7 70216
19400 6548 64287 62 34879 20 6 73364
19600 5257 47499 48 31510 14 6 57930
19800 0 44806 55 30610 14 7 59083
20000 6009 54778 60 37250 14 7 72306
