Time in microseconds. Total time: 13 min Iter / Coll / Push1 / Fluid / Rho / Phi / E / Push2
200 4461 11930 75 4562 26 8 12020
400 4677 9344 71 4584 29 16 11884
600 4192 10099 60 4840 30 12 8642
800 5242 10102 54 4216 19 10 9503
1000 4197 11441 74 6460 17 8 11346
1200 3521 10440 64 4346 24 7 10319
1400 7236 8048 58 4105 20 15 8322
1600 4177 12159 73 5935 33 12 11697
1800 850 12329 66 5791 27 10 10760
2000 4888 8990 56 4349 24 1754 8054
2200 3887 10105 52 4354 26 10 9284
2400 6843 8486 51 5415 23 10 8369
2600 1830 11149 53 3853 18 8 8274
2800 4065 17618 81 6428 19 8 10120
3000 1093 11151 73 9981 21 8 14524
3200 5859 10703 73 5062 33 10 9208
3400 7628 9317 514 5095 31 9 10515
3600 0 9613 63 4118 34 15 7973
3800 0 8179 70 4137 19 12 8117
4000 5319 9796 78 4948 27 51 8747
4200 3949 9078 53 3896 63 20 7332
4400 4036 8859 61 3709 21 8 7476
4600 3794 9679 63 4043 25 10 7788
4800 4450 8348 59 3955 18 8 7585
5000 3286 8834 58 4115 19 8 7563
5200 5338 8843 66 3831 25 8 7760
5400 3655 7958 53 3919 23 7 7816
5600 5207 7074 88 3858 19 7 7734
5800 2109 11200 64 4532 20 13 9322
6000 3952 8507 53 3741 32 9 7610
6200 3532 8054 54 3750 29 13 7680
6400 3567 12060 80 6383 25 8 13175
6600 2531 9037 73 3817 30 13 12251
6800 5275 9575 64 4205 20 13 8991
7000 8014 12670 81 6117 25 9 10111
7200 4925 7626 54 3680 18 8 7182
7400 2693 8457 61 3600 23 9 7296
7600 4239 8425 61 3950 25 75 8157
7800 5038 9973 288 5096 27 9 12350
8000 4392 8308 55 3794 23 8 7859
8200 5557 7553 65 3134 185 11 7475
8400 4732 12817 81 5610 31 6 23324
8600 7917 8171 55 4278 27 14 9280
8800 5442 10426 75 4406 37 10 8689
9000 3166 8305 53 3664 20 9 7731
9200 3190 8562 62 4212 20 7 7474
9400 3418 8703 71 3438 19 19 7801
9600 5622 9603 70 4099 33 10 10405
9800 5441 7218 68 3302 20 6 8222
10000 5590 8294 59 3343 23 8 7798
10200 3301 9644 60 3078 20 15 12223
10400 3530 7275 59 3609 19 35 7612
10600 6129 6533 98 3899 25 10 6609
10800 3655 8473 54 4070 28 8 7015
11000 5259 6306 156 3308 18 10 8313
11200 6186 7581 83 4117 29 11 6969
11400 5035 5950 73 3995 19 23 6640
11600 6070 6858 382 3589 22 11 7783
11800 6266 9824 66 4006 25 9 7440
12000 1986 9260 83 3817 24 11 7445
12200 4139 8799 62 3572 19 8 7495
12400 5374 7255 50 3492 19 7 7804
12600 4073 7390 65 3618 26 11 9258
12800 3883 9599 53 3490 20 9 7874
13000 4425 9145 647 4014 21 10 7368
13200 5583 7116 63 3702 31 8 6796
13400 3523 8515 54 4332 22 9 6732
13600 5581 8579 60 3496 36 8 7079
13800 3188 8570 155 4027 19 16 7235
14000 4148 8135 58 5080 19 11 6544
14200 5576 7241 333 3504 216 9 6274
14400 6330 7604 53 3634 29 13 7795
14600 4613 8364 58 3762 21 8 7488
14800 2826 8530 58 3841 43 7 7766
15000 3323 9785 59 3431 27 10 6665
15200 4859 6979 66 3740 20 11 6823
15400 5950 7153 76 4095 20 8 6569
15600 7304 7425 53 3904 21 236 7014
15800 4843 7192 63 3331 68 22 6919
16000 4186 6793 58 2999 22 12 6985
16200 3890 9367 82 3864 20 20 6913
16400 3757 6580 54 3604 19 18 6768
16600 2780 8111 60 3529 72 8 6481
16800 5453 8572 121 4966 23 10 6630
17000 3657 8113 54 3617 20 9 6491
17200 6465 8010 66 3473 19 10 7655
17400 3648 9432 57 3086 27 6 7177
17600 6147 8320 53 4114 23 15 7153
17800 6498 7524 75 5008 26 8 9582
18000 4195 10361 89 3814 26 11 11504
18200 6031 10649 771 3804 35 14 7263
18400 4674 8367 87 3773 29 11 7305
18600 10868 5972 72 3646 23 10 8148
18800 3921 9169 96 4891 32 9 7618
19000 3392 8652 62 3287 23 8 7273
19200 3750 8903 51 2442 47 11 7613
19400 4973 8882 465 3957 29 9 8297
19600 3053 8852 55 3574 24 8 6924
19800 7994 7802 53 3418 19 20 7395
20000 7013 9435 76 4213 24 9 6969
