Iteration / Time / Node x / Electric Field
24 4.42478e-09 0 0
24 4.42478e-09 0.0005 0
24 4.42478e-09 0.001 0
24 4.42478e-09 0.0015 0
24 4.42478e-09 0.002 0
24 4.42478e-09 0.0025 0
24 4.42478e-09 0.003 0
24 4.42478e-09 0.0035 0
24 4.42478e-09 0.004 0
24 4.42478e-09 0.0045 0
24 4.42478e-09 0.005 0
24 4.42478e-09 0.0055 0
24 4.42478e-09 0.006 0
24 4.42478e-09 0.0065 0
24 4.42478e-09 0.007 0
24 4.42478e-09 0.0075 0
24 4.42478e-09 0.008 0
24 4.42478e-09 0.0085 0
24 4.42478e-09 0.009 0
24 4.42478e-09 0.0095 0
24 4.42478e-09 0.01 20268.8
24 4.42478e-09 0.0105 -7254.24
24 4.42478e-09 0.011 -8492.52
24 4.42478e-09 0.0115 -10257.4
24 4.42478e-09 0.012 -11564.3
24 4.42478e-09 0.0125 -10121.2
24 4.42478e-09 0.013 -10489.4
24 4.42478e-09 0.0135 -10549.9
24 4.42478e-09 0.014 -10454.7
24 4.42478e-09 0.0145 -8856.92
24 4.42478e-09 0.015 -7373.43
24 4.42478e-09 0.0155 -11941.7
24 4.42478e-09 0.016 -11260.8
24 4.42478e-09 0.0165 -10185.2
24 4.42478e-09 0.017 -7418.52
24 4.42478e-09 0.0175 -7450.07
24 4.42478e-09 0.018 -5855.23
24 4.42478e-09 0.0185 -3579.15
24 4.42478e-09 0.019 -5295.16
24 4.42478e-09 0.0195 -5426.38
24 4.42478e-09 0.02 -6426
24 4.42478e-09 0.0205 -5454.9
24 4.42478e-09 0.021 -4902.72
24 4.42478e-09 0.0215 -4492.25
24 4.42478e-09 0.022 -4499.54
24 4.42478e-09 0.0225 -6182.07
24 4.42478e-09 0.023 -7842.17
24 4.42478e-09 0.0235 -5567.78
24 4.42478e-09 0.024 -4590.16
24 4.42478e-09 0.0245 -2371.35
24 4.42478e-09 0.025 -2267.72
24 4.42478e-09 0.0255 -2001.49
24 4.42478e-09 0.026 -3611.31
24 4.42478e-09 0.0265 -2398.96
24 4.42478e-09 0.027 -2624.82
24 4.42478e-09 0.0275 -1543.49
24 4.42478e-09 0.028 -454.778
24 4.42478e-09 0.0285 80.1242
24 4.42478e-09 0.029 -2022.97
24 4.42478e-09 0.0295 -3974.25
24 4.42478e-09 0.03 -3952.66
24 4.42478e-09 0.0305 -2530.29
24 4.42478e-09 0.031 -2747.09
24 4.42478e-09 0.0315 -399.161
24 4.42478e-09 0.032 1909.75
24 4.42478e-09 0.0325 2299.82
24 4.42478e-09 0.033 5332.47
24 4.42478e-09 0.0335 7448.12
24 4.42478e-09 0.034 7750.1
24 4.42478e-09 0.0345 5406.77
24 4.42478e-09 0.035 3242.96
24 4.42478e-09 0.0355 4648.92
24 4.42478e-09 0.036 4165.39
24 4.42478e-09 0.0365 1403.85
24 4.42478e-09 0.037 1842.75
24 4.42478e-09 0.0375 2017.4
24 4.42478e-09 0.038 3664.17
24 4.42478e-09 0.0385 2617.55
24 4.42478e-09 0.039 2692.25
24 4.42478e-09 0.0395 3607.5
24 4.42478e-09 0.04 -535.2
24 4.42478e-09 0.0405 1468.69
24 4.42478e-09 0.041 -3241.93
24 4.42478e-09 0.0415 -3498.68
24 4.42478e-09 0.042 -3576.91
24 4.42478e-09 0.0425 -4087.29
24 4.42478e-09 0.043 -2423.8
24 4.42478e-09 0.0435 -2180.58
24 4.42478e-09 0.044 1079.19
24 4.42478e-09 0.0445 1721.28
24 4.42478e-09 0.045 3068.46
24 4.42478e-09 0.0455 3296
24 4.42478e-09 0.046 3649.34
24 4.42478e-09 0.0465 4307.13
24 4.42478e-09 0.047 1289.49
24 4.42478e-09 0.0475 2832.32
24 4.42478e-09 0.048 3539.32
24 4.42478e-09 0.0485 4340.32
24 4.42478e-09 0.049 4756.2
24 4.42478e-09 0.0495 4309.6
24 4.42478e-09 0.05 5090.93
24 4.42478e-09 0.0505 5021.02
24 4.42478e-09 0.051 6615.13
24 4.42478e-09 0.0515 8828.58
24 4.42478e-09 0.052 7940.37
24 4.42478e-09 0.0525 9583.03
24 4.42478e-09 0.053 9409.27
24 4.42478e-09 0.0535 6432.75
24 4.42478e-09 0.054 7784.12
24 4.42478e-09 0.0545 10387.1
24 4.42478e-09 0.055 12989.7
24 4.42478e-09 0.0555 14244.4
24 4.42478e-09 0.056 12596.3
24 4.42478e-09 0.0565 13485.7
24 4.42478e-09 0.057 10568.2
24 4.42478e-09 0.0575 11196.1
24 4.42478e-09 0.058 14528.6
24 4.42478e-09 0.0585 11645.2
24 4.42478e-09 0.059 11614.3
24 4.42478e-09 0.0595 10545.1
24 4.42478e-09 0.06 9519.67
24 4.42478e-09 0.0605 7889.71
24 4.42478e-09 0.061 8376.16
24 4.42478e-09 0.0615 9942.54
24 4.42478e-09 0.062 6213.52
24 4.42478e-09 0.0625 5314.92
24 4.42478e-09 0.063 4730.3
24 4.42478e-09 0.0635 2307.67
24 4.42478e-09 0.064 1913.15
24 4.42478e-09 0.0645 247.563
24 4.42478e-09 0.065 1610.13
24 4.42478e-09 0.0655 1834.65
24 4.42478e-09 0.066 2892.63
24 4.42478e-09 0.0665 4195.34
24 4.42478e-09 0.067 4931.33
24 4.42478e-09 0.0675 4303.33
24 4.42478e-09 0.068 5453.26
24 4.42478e-09 0.0685 -2359.93
24 4.42478e-09 0.069 991.245
24 4.42478e-09 0.0695 -501.431
24 4.42478e-09 0.07 1114.4
24 4.42478e-09 0.0705 -4413.29
24 4.42478e-09 0.071 -5756.39
24 4.42478e-09 0.0715 -6619.73
24 4.42478e-09 0.072 -7665.66
24 4.42478e-09 0.0725 -6566.26
24 4.42478e-09 0.073 -6609.33
24 4.42478e-09 0.0735 -3027.91
24 4.42478e-09 0.074 -2135.02
24 4.42478e-09 0.0745 -149.996
24 4.42478e-09 0.075 1155.3
24 4.42478e-09 0.0755 -68.1179
24 4.42478e-09 0.076 2043.17
24 4.42478e-09 0.0765 251.261
24 4.42478e-09 0.077 2926.42
24 4.42478e-09 0.0775 3642.48
24 4.42478e-09 0.078 3998.3
24 4.42478e-09 0.0785 3018.99
24 4.42478e-09 0.079 4802.47
24 4.42478e-09 0.0795 6691.09
24 4.42478e-09 0.08 8435.63
24 4.42478e-09 0.0805 6567.95
24 4.42478e-09 0.081 7143.35
24 4.42478e-09 0.0815 9288.63
24 4.42478e-09 0.082 7958.86
24 4.42478e-09 0.0825 4290.5
24 4.42478e-09 0.083 -3811.37
24 4.42478e-09 0.0835 -2788.21
24 4.42478e-09 0.084 570.822
24 4.42478e-09 0.0845 4269.07
24 4.42478e-09 0.085 3819.7
24 4.42478e-09 0.0855 0
24 4.42478e-09 0.086 0
24 4.42478e-09 0.0865 0
24 4.42478e-09 0.087 0
24 4.42478e-09 0.0875 0
24 4.42478e-09 0.088 0
24 4.42478e-09 0.0885 0
24 4.42478e-09 0.089 0
24 4.42478e-09 0.0895 0
24 4.42478e-09 0.09 0
24 4.42478e-09 0.0905 0
24 4.42478e-09 0.091 0
24 4.42478e-09 0.0915 0
24 4.42478e-09 0.092 0
24 4.42478e-09 0.0925 0
24 4.42478e-09 0.093 0
24 4.42478e-09 0.0935 0
24 4.42478e-09 0.094 0
24 4.42478e-09 0.0945 0
24 4.42478e-09 0.095 0
49 9.03392e-09 0 0
49 9.03392e-09 0.0005 0
49 9.03392e-09 0.001 0
49 9.03392e-09 0.0015 0
49 9.03392e-09 0.002 0
49 9.03392e-09 0.0025 0
49 9.03392e-09 0.003 0
49 9.03392e-09 0.0035 0
49 9.03392e-09 0.004 0
49 9.03392e-09 0.0045 0
49 9.03392e-09 0.005 0
49 9.03392e-09 0.0055 0
49 9.03392e-09 0.006 0
49 9.03392e-09 0.0065 0
49 9.03392e-09 0.007 0
49 9.03392e-09 0.0075 0
49 9.03392e-09 0.008 0
49 9.03392e-09 0.0085 0
49 9.03392e-09 0.009 0
49 9.03392e-09 0.0095 0
49 9.03392e-09 0.01 38791.2
49 9.03392e-09 0.0105 6397.31
49 9.03392e-09 0.011 8618.79
49 9.03392e-09 0.0115 7279.37
49 9.03392e-09 0.012 6153.43
49 9.03392e-09 0.0125 9648.88
49 9.03392e-09 0.013 9720.72
49 9.03392e-09 0.0135 14454.2
49 9.03392e-09 0.014 12474.5
49 9.03392e-09 0.0145 7002.34
49 9.03392e-09 0.015 5533.46
49 9.03392e-09 0.0155 7879.07
49 9.03392e-09 0.016 8949.11
49 9.03392e-09 0.0165 8224.07
49 9.03392e-09 0.017 8877.86
49 9.03392e-09 0.0175 7818.74
49 9.03392e-09 0.018 4526.13
49 9.03392e-09 0.0185 4945.07
49 9.03392e-09 0.019 5665.82
49 9.03392e-09 0.0195 8072.09
49 9.03392e-09 0.02 7303.36
49 9.03392e-09 0.0205 7457.11
49 9.03392e-09 0.021 4392
49 9.03392e-09 0.0215 2682.42
49 9.03392e-09 0.022 3494.31
49 9.03392e-09 0.0225 5537.74
49 9.03392e-09 0.023 4404.26
49 9.03392e-09 0.0235 3586.23
49 9.03392e-09 0.024 810.948
49 9.03392e-09 0.0245 1478.43
49 9.03392e-09 0.025 1118.87
49 9.03392e-09 0.0255 1650.53
49 9.03392e-09 0.026 3450.07
49 9.03392e-09 0.0265 4792.14
49 9.03392e-09 0.027 1123.4
49 9.03392e-09 0.0275 2848.74
49 9.03392e-09 0.028 4509.91
49 9.03392e-09 0.0285 4372.08
49 9.03392e-09 0.029 -5736.01
49 9.03392e-09 0.0295 -3300.35
49 9.03392e-09 0.03 -3354.9
49 9.03392e-09 0.0305 -7744.89
49 9.03392e-09 0.031 -8057.57
49 9.03392e-09 0.0315 -4312.2
49 9.03392e-09 0.032 606.255
49 9.03392e-09 0.0325 1874.55
49 9.03392e-09 0.033 -523.103
49 9.03392e-09 0.0335 -4587.88
49 9.03392e-09 0.034 -4724.78
49 9.03392e-09 0.0345 -2245.25
49 9.03392e-09 0.035 1108.53
49 9.03392e-09 0.0355 -339.604
49 9.03392e-09 0.036 -460.006
49 9.03392e-09 0.0365 -1644.32
49 9.03392e-09 0.037 -2807.26
49 9.03392e-09 0.0375 -197.55
49 9.03392e-09 0.038 2580.3
49 9.03392e-09 0.0385 2798.8
49 9.03392e-09 0.039 6393.24
49 9.03392e-09 0.0395 3833.43
49 9.03392e-09 0.04 4875.85
49 9.03392e-09 0.0405 4212.85
49 9.03392e-09 0.041 -1397.63
49 9.03392e-09 0.0415 -1944.22
49 9.03392e-09 0.042 -2314.87
49 9.03392e-09 0.0425 -3176.72
49 9.03392e-09 0.043 -2811.19
49 9.03392e-09 0.0435 -2995.56
49 9.03392e-09 0.044 -3613.88
49 9.03392e-09 0.0445 -3550.28
49 9.03392e-09 0.045 -175.29
49 9.03392e-09 0.0455 -3470.29
49 9.03392e-09 0.046 -6071.04
49 9.03392e-09 0.0465 -7199.88
49 9.03392e-09 0.047 -5688.68
49 9.03392e-09 0.0475 -3683.63
49 9.03392e-09 0.048 -4132.35
49 9.03392e-09 0.0485 -8066.93
49 9.03392e-09 0.049 -10204.2
49 9.03392e-09 0.0495 -9513.89
49 9.03392e-09 0.05 -7587.16
49 9.03392e-09 0.0505 -9360.54
49 9.03392e-09 0.051 -9539.25
49 9.03392e-09 0.0515 -12110.5
49 9.03392e-09 0.052 -13628.4
49 9.03392e-09 0.0525 -14047
49 9.03392e-09 0.053 -11561.1
49 9.03392e-09 0.0535 -9613.37
49 9.03392e-09 0.054 -9993.9
49 9.03392e-09 0.0545 -11772.2
49 9.03392e-09 0.055 -11808
49 9.03392e-09 0.0555 -9982.46
49 9.03392e-09 0.056 -7376.34
49 9.03392e-09 0.0565 -6244.37
49 9.03392e-09 0.057 -4110.02
49 9.03392e-09 0.0575 -8805.9
49 9.03392e-09 0.058 -6054.67
49 9.03392e-09 0.0585 -6279.63
49 9.03392e-09 0.059 -5878.77
49 9.03392e-09 0.0595 -3665.67
49 9.03392e-09 0.06 -1090.71
49 9.03392e-09 0.0605 -734.652
49 9.03392e-09 0.061 -1556.54
49 9.03392e-09 0.0615 -1528.01
49 9.03392e-09 0.062 -1006.41
49 9.03392e-09 0.0625 -2235.49
49 9.03392e-09 0.063 -4148.87
49 9.03392e-09 0.0635 -2947.84
49 9.03392e-09 0.064 -3421.48
49 9.03392e-09 0.0645 -2931.7
49 9.03392e-09 0.065 -303.728
49 9.03392e-09 0.0655 -866.257
49 9.03392e-09 0.066 -1274.32
49 9.03392e-09 0.0665 -2793.2
49 9.03392e-09 0.067 52.6363
49 9.03392e-09 0.0675 5311.47
49 9.03392e-09 0.068 1807.01
49 9.03392e-09 0.0685 212.812
49 9.03392e-09 0.069 4796.42
49 9.03392e-09 0.0695 7941.89
49 9.03392e-09 0.07 11103.3
49 9.03392e-09 0.0705 5453.14
49 9.03392e-09 0.071 1261.04
49 9.03392e-09 0.0715 1086.47
49 9.03392e-09 0.072 2062.8
49 9.03392e-09 0.0725 1222.01
49 9.03392e-09 0.073 -2317.78
49 9.03392e-09 0.0735 -3504.81
49 9.03392e-09 0.074 -2950.38
49 9.03392e-09 0.0745 -1551.13
49 9.03392e-09 0.075 -2213.36
49 9.03392e-09 0.0755 -3645.27
49 9.03392e-09 0.076 -5873.11
49 9.03392e-09 0.0765 -7763.91
49 9.03392e-09 0.077 -7604.56
49 9.03392e-09 0.0775 -9704.79
49 9.03392e-09 0.078 -6323.27
49 9.03392e-09 0.0785 -4267.22
49 9.03392e-09 0.079 -1282.83
49 9.03392e-09 0.0795 -1205.34
49 9.03392e-09 0.08 587.824
49 9.03392e-09 0.0805 1774.02
49 9.03392e-09 0.081 1412.17
49 9.03392e-09 0.0815 2914.23
49 9.03392e-09 0.082 12360
49 9.03392e-09 0.0825 24633.9
49 9.03392e-09 0.083 38974.8
49 9.03392e-09 0.0835 53096
49 9.03392e-09 0.084 67209.6
49 9.03392e-09 0.0845 76788
49 9.03392e-09 0.085 28091.4
49 9.03392e-09 0.0855 0
49 9.03392e-09 0.086 0
49 9.03392e-09 0.0865 0
49 9.03392e-09 0.087 0
49 9.03392e-09 0.0875 0
49 9.03392e-09 0.088 0
49 9.03392e-09 0.0885 0
49 9.03392e-09 0.089 0
49 9.03392e-09 0.0895 0
49 9.03392e-09 0.09 0
49 9.03392e-09 0.0905 0
49 9.03392e-09 0.091 0
49 9.03392e-09 0.0915 0
49 9.03392e-09 0.092 0
49 9.03392e-09 0.0925 0
49 9.03392e-09 0.093 0
49 9.03392e-09 0.0935 0
49 9.03392e-09 0.094 0
49 9.03392e-09 0.0945 0
49 9.03392e-09 0.095 0
74 1.36431e-08 0 0
74 1.36431e-08 0.0005 0
74 1.36431e-08 0.001 0
74 1.36431e-08 0.0015 0
74 1.36431e-08 0.002 0
74 1.36431e-08 0.0025 0
74 1.36431e-08 0.003 0
74 1.36431e-08 0.0035 0
74 1.36431e-08 0.004 0
74 1.36431e-08 0.0045 0
74 1.36431e-08 0.005 0
74 1.36431e-08 0.0055 0
74 1.36431e-08 0.006 0
74 1.36431e-08 0.0065 0
74 1.36431e-08 0.007 0
74 1.36431e-08 0.0075 0
74 1.36431e-08 0.008 0
74 1.36431e-08 0.0085 0
74 1.36431e-08 0.009 0
74 1.36431e-08 0.0095 0
74 1.36431e-08 0.01 919.618
74 1.36431e-08 0.0105 -18765.5
74 1.36431e-08 0.011 -6640.31
74 1.36431e-08 0.0115 -9086.45
74 1.36431e-08 0.012 -7207.44
74 1.36431e-08 0.0125 -8956.88
74 1.36431e-08 0.013 -7159.2
74 1.36431e-08 0.0135 -7518.31
74 1.36431e-08 0.014 -12169.9
74 1.36431e-08 0.0145 -10400.6
74 1.36431e-08 0.015 -8503.25
74 1.36431e-08 0.0155 -8169.58
74 1.36431e-08 0.016 -10150.2
74 1.36431e-08 0.0165 -11103.9
74 1.36431e-08 0.017 -11505.1
74 1.36431e-08 0.0175 -10736.1
74 1.36431e-08 0.018 -10764
74 1.36431e-08 0.0185 -8697.39
74 1.36431e-08 0.019 -10347.6
74 1.36431e-08 0.0195 -8625.39
74 1.36431e-08 0.02 -7764.99
74 1.36431e-08 0.0205 -7934.82
74 1.36431e-08 0.021 -7703.82
74 1.36431e-08 0.0215 -6189.32
74 1.36431e-08 0.022 -5498.23
74 1.36431e-08 0.0225 -4499.1
74 1.36431e-08 0.023 -2992
74 1.36431e-08 0.0235 -2296.37
74 1.36431e-08 0.024 -4604.05
74 1.36431e-08 0.0245 -4139.85
74 1.36431e-08 0.025 -5008.03
74 1.36431e-08 0.0255 -1940.55
74 1.36431e-08 0.026 -702.345
74 1.36431e-08 0.0265 -4937.06
74 1.36431e-08 0.027 -7417.06
74 1.36431e-08 0.0275 -6286.93
74 1.36431e-08 0.028 -2807.11
74 1.36431e-08 0.0285 -3248.3
74 1.36431e-08 0.029 -77.399
74 1.36431e-08 0.0295 3237.35
74 1.36431e-08 0.03 4696.45
74 1.36431e-08 0.0305 4706.13
74 1.36431e-08 0.031 -1606.36
74 1.36431e-08 0.0315 -3116.25
74 1.36431e-08 0.032 1268.14
74 1.36431e-08 0.0325 1092.79
74 1.36431e-08 0.033 757.573
74 1.36431e-08 0.0335 -3055.02
74 1.36431e-08 0.034 -2295.51
74 1.36431e-08 0.0345 -1324.57
74 1.36431e-08 0.035 636.62
74 1.36431e-08 0.0355 1315.6
74 1.36431e-08 0.036 3676.12
74 1.36431e-08 0.0365 3134.3
74 1.36431e-08 0.037 -5750.79
74 1.36431e-08 0.0375 -6359.82
74 1.36431e-08 0.038 -3750.78
74 1.36431e-08 0.0385 -3461.51
74 1.36431e-08 0.039 -2480.28
74 1.36431e-08 0.0395 -7379.13
74 1.36431e-08 0.04 -5950.93
74 1.36431e-08 0.0405 -5019.62
74 1.36431e-08 0.041 -3611.14
74 1.36431e-08 0.0415 280.307
74 1.36431e-08 0.042 -1187.39
74 1.36431e-08 0.0425 1823.46
74 1.36431e-08 0.043 713.017
74 1.36431e-08 0.0435 956.904
74 1.36431e-08 0.044 1085.31
74 1.36431e-08 0.0445 -1990.97
74 1.36431e-08 0.045 -314.798
74 1.36431e-08 0.0455 3039.24
74 1.36431e-08 0.046 5391.8
74 1.36431e-08 0.0465 6264.47
74 1.36431e-08 0.047 214.822
74 1.36431e-08 0.0475 1660.76
74 1.36431e-08 0.048 383.665
74 1.36431e-08 0.0485 3510.66
74 1.36431e-08 0.049 6171.31
74 1.36431e-08 0.0495 9427.94
74 1.36431e-08 0.05 8607.75
74 1.36431e-08 0.0505 5745.3
74 1.36431e-08 0.051 3968.3
74 1.36431e-08 0.0515 5699.58
74 1.36431e-08 0.052 10276.3
74 1.36431e-08 0.0525 12216.7
74 1.36431e-08 0.053 12425.6
74 1.36431e-08 0.0535 8986.42
74 1.36431e-08 0.054 7305.8
74 1.36431e-08 0.0545 7138.76
74 1.36431e-08 0.055 8980.49
74 1.36431e-08 0.0555 10480.1
74 1.36431e-08 0.056 4918.18
74 1.36431e-08 0.0565 3947.88
74 1.36431e-08 0.057 6788.47
74 1.36431e-08 0.0575 4730.19
74 1.36431e-08 0.058 5112.07
74 1.36431e-08 0.0585 2401.05
74 1.36431e-08 0.059 -304.437
74 1.36431e-08 0.0595 -1416.08
74 1.36431e-08 0.06 -715.604
74 1.36431e-08 0.0605 392.038
74 1.36431e-08 0.061 -381.847
74 1.36431e-08 0.0615 -1742.32
74 1.36431e-08 0.062 -120.674
74 1.36431e-08 0.0625 -1476.33
74 1.36431e-08 0.063 -420.918
74 1.36431e-08 0.0635 967.043
74 1.36431e-08 0.064 1900
74 1.36431e-08 0.0645 -908.078
74 1.36431e-08 0.065 -1744.6
74 1.36431e-08 0.0655 -1647.07
74 1.36431e-08 0.066 -671.001
74 1.36431e-08 0.0665 -4243.21
74 1.36431e-08 0.067 -3696.19
74 1.36431e-08 0.0675 -4185.31
74 1.36431e-08 0.068 -8231.2
74 1.36431e-08 0.0685 -6969.65
74 1.36431e-08 0.069 -1220.4
74 1.36431e-08 0.0695 -2502.78
74 1.36431e-08 0.07 -4750.28
74 1.36431e-08 0.0705 -4562.21
74 1.36431e-08 0.071 -3078.94
74 1.36431e-08 0.0715 -2816.33
74 1.36431e-08 0.072 -2791.47
74 1.36431e-08 0.0725 -1234.44
74 1.36431e-08 0.073 -1148.88
74 1.36431e-08 0.0735 -1639.42
74 1.36431e-08 0.074 -2087.65
74 1.36431e-08 0.0745 1004.19
74 1.36431e-08 0.075 2956.05
74 1.36431e-08 0.0755 1628.82
74 1.36431e-08 0.076 1533.62
74 1.36431e-08 0.0765 5106.56
74 1.36431e-08 0.077 6237.73
74 1.36431e-08 0.0775 3687.52
74 1.36431e-08 0.078 1916.11
74 1.36431e-08 0.0785 2086.8
74 1.36431e-08 0.079 -1872.85
74 1.36431e-08 0.0795 -1736.34
74 1.36431e-08 0.08 -1440.03
74 1.36431e-08 0.0805 -5098.68
74 1.36431e-08 0.081 -3066.8
74 1.36431e-08 0.0815 7115.35
74 1.36431e-08 0.082 18364.4
74 1.36431e-08 0.0825 30770.5
74 1.36431e-08 0.083 45122.6
74 1.36431e-08 0.0835 59217
74 1.36431e-08 0.084 73330.7
74 1.36431e-08 0.0845 82916.1
74 1.36431e-08 0.085 30123
74 1.36431e-08 0.0855 0
74 1.36431e-08 0.086 0
74 1.36431e-08 0.0865 0
74 1.36431e-08 0.087 0
74 1.36431e-08 0.0875 0
74 1.36431e-08 0.088 0
74 1.36431e-08 0.0885 0
74 1.36431e-08 0.089 0
74 1.36431e-08 0.0895 0
74 1.36431e-08 0.09 0
74 1.36431e-08 0.0905 0
74 1.36431e-08 0.091 0
74 1.36431e-08 0.0915 0
74 1.36431e-08 0.092 0
74 1.36431e-08 0.0925 0
74 1.36431e-08 0.093 0
74 1.36431e-08 0.0935 0
74 1.36431e-08 0.094 0
74 1.36431e-08 0.0945 0
74 1.36431e-08 0.095 0
99 1.82522e-08 0 0
99 1.82522e-08 0.0005 0
99 1.82522e-08 0.001 0
99 1.82522e-08 0.0015 0
99 1.82522e-08 0.002 0
99 1.82522e-08 0.0025 0
99 1.82522e-08 0.003 0
99 1.82522e-08 0.0035 0
99 1.82522e-08 0.004 0
99 1.82522e-08 0.0045 0
99 1.82522e-08 0.005 0
99 1.82522e-08 0.0055 0
99 1.82522e-08 0.006 0
99 1.82522e-08 0.0065 0
99 1.82522e-08 0.007 0
99 1.82522e-08 0.0075 0
99 1.82522e-08 0.008 0
99 1.82522e-08 0.0085 0
99 1.82522e-08 0.009 0
99 1.82522e-08 0.0095 0
99 1.82522e-08 0.01 -65244.9
99 1.82522e-08 0.0105 -74682.9
99 1.82522e-08 0.011 -60335.5
99 1.82522e-08 0.0115 -47327.2
99 1.82522e-08 0.012 -34899.9
99 1.82522e-08 0.0125 -22448.3
99 1.82522e-08 0.013 -10572.4
99 1.82522e-08 0.0135 1899.65
99 1.82522e-08 0.014 7029.1
99 1.82522e-08 0.0145 7744.47
99 1.82522e-08 0.015 8738.46
99 1.82522e-08 0.0155 7459.55
99 1.82522e-08 0.016 9497.91
99 1.82522e-08 0.0165 10268.7
99 1.82522e-08 0.017 7817.47
99 1.82522e-08 0.0175 7443.04
99 1.82522e-08 0.018 8567.34
99 1.82522e-08 0.0185 11364.8
99 1.82522e-08 0.019 11673.6
99 1.82522e-08 0.0195 12493.4
99 1.82522e-08 0.02 10305
99 1.82522e-08 0.0205 8515.95
99 1.82522e-08 0.021 8019.74
99 1.82522e-08 0.0215 9955.39
99 1.82522e-08 0.022 12049.3
99 1.82522e-08 0.0225 12502.3
99 1.82522e-08 0.023 11552.9
99 1.82522e-08 0.0235 9636.37
99 1.82522e-08 0.024 8298.96
99 1.82522e-08 0.0245 6761.11
99 1.82522e-08 0.025 5598.47
99 1.82522e-08 0.0255 7340.06
99 1.82522e-08 0.026 6566.78
99 1.82522e-08 0.0265 2499.58
99 1.82522e-08 0.027 5037.24
99 1.82522e-08 0.0275 4477.13
99 1.82522e-08 0.028 2521.59
99 1.82522e-08 0.0285 3088.89
99 1.82522e-08 0.029 6102.11
99 1.82522e-08 0.0295 6083.86
99 1.82522e-08 0.03 2404.34
99 1.82522e-08 0.0305 2895.22
99 1.82522e-08 0.031 -2136.48
99 1.82522e-08 0.0315 -2772.98
99 1.82522e-08 0.032 1182.66
99 1.82522e-08 0.0325 1972.95
99 1.82522e-08 0.033 3269.63
99 1.82522e-08 0.0335 910.065
99 1.82522e-08 0.034 -1007.05
99 1.82522e-08 0.0345 2680.26
99 1.82522e-08 0.035 5086.13
99 1.82522e-08 0.0355 3043.2
99 1.82522e-08 0.036 3178.18
99 1.82522e-08 0.0365 -55.2291
99 1.82522e-08 0.037 -1358.31
99 1.82522e-08 0.0375 500.156
99 1.82522e-08 0.038 1599.74
99 1.82522e-08 0.0385 1976.11
99 1.82522e-08 0.039 3194.61
99 1.82522e-08 0.0395 1640.68
99 1.82522e-08 0.04 -529.319
99 1.82522e-08 0.0405 2611.42
99 1.82522e-08 0.041 4531.16
99 1.82522e-08 0.0415 6216.51
99 1.82522e-08 0.042 5345.26
99 1.82522e-08 0.0425 6189.1
99 1.82522e-08 0.043 6484.68
99 1.82522e-08 0.0435 3697.31
99 1.82522e-08 0.044 470.391
99 1.82522e-08 0.0445 809.055
99 1.82522e-08 0.045 1396.62
99 1.82522e-08 0.0455 1056.02
99 1.82522e-08 0.046 343.703
99 1.82522e-08 0.0465 2295.96
99 1.82522e-08 0.047 2281.65
99 1.82522e-08 0.0475 -2689.94
99 1.82522e-08 0.048 -2410.86
99 1.82522e-08 0.0485 -414.823
99 1.82522e-08 0.049 588.888
99 1.82522e-08 0.0495 74.6613
99 1.82522e-08 0.05 -1874.1
99 1.82522e-08 0.0505 -2983.86
99 1.82522e-08 0.051 -5047.13
99 1.82522e-08 0.0515 -5088.57
99 1.82522e-08 0.052 -6157
99 1.82522e-08 0.0525 -8393.03
99 1.82522e-08 0.053 -5510.2
99 1.82522e-08 0.0535 -5087.1
99 1.82522e-08 0.054 -7509.1
99 1.82522e-08 0.0545 -8017.34
99 1.82522e-08 0.055 -12008.3
99 1.82522e-08 0.0555 -10099.5
99 1.82522e-08 0.056 -8533.33
99 1.82522e-08 0.0565 -8349.45
99 1.82522e-08 0.057 -7144.26
99 1.82522e-08 0.0575 -7244.54
99 1.82522e-08 0.058 -6914.04
99 1.82522e-08 0.0585 -3819.04
99 1.82522e-08 0.059 -2660.28
99 1.82522e-08 0.0595 -1226.92
99 1.82522e-08 0.06 -2121.76
99 1.82522e-08 0.0605 -1802.71
99 1.82522e-08 0.061 819.005
99 1.82522e-08 0.0615 2243.97
99 1.82522e-08 0.062 991.738
99 1.82522e-08 0.0625 1386
99 1.82522e-08 0.063 2783.08
99 1.82522e-08 0.0635 5350.78
99 1.82522e-08 0.064 2262.41
99 1.82522e-08 0.0645 634.587
99 1.82522e-08 0.065 63.3796
99 1.82522e-08 0.0655 -22.1116
99 1.82522e-08 0.066 1256.55
99 1.82522e-08 0.0665 2323.13
99 1.82522e-08 0.067 1934.46
99 1.82522e-08 0.0675 -601.775
99 1.82522e-08 0.068 -264.211
99 1.82522e-08 0.0685 727.542
99 1.82522e-08 0.069 2168.4
99 1.82522e-08 0.0695 2513.26
99 1.82522e-08 0.07 2103.44
99 1.82522e-08 0.0705 2716
99 1.82522e-08 0.071 2022.42
99 1.82522e-08 0.0715 294.68
99 1.82522e-08 0.072 1842.3
99 1.82522e-08 0.0725 3919.01
99 1.82522e-08 0.073 -331.67
99 1.82522e-08 0.0735 1215.52
99 1.82522e-08 0.074 1832.23
99 1.82522e-08 0.0745 3056.05
99 1.82522e-08 0.075 3339.97
99 1.82522e-08 0.0755 2167.85
99 1.82522e-08 0.076 -854.289
99 1.82522e-08 0.0765 -1464.07
99 1.82522e-08 0.077 418.605
99 1.82522e-08 0.0775 362.462
99 1.82522e-08 0.078 1032.49
99 1.82522e-08 0.0785 -1489.25
99 1.82522e-08 0.079 -3888.16
99 1.82522e-08 0.0795 -4364.64
99 1.82522e-08 0.08 -1672.13
99 1.82522e-08 0.0805 -175.397
99 1.82522e-08 0.081 -1169.92
99 1.82522e-08 0.0815 753.043
99 1.82522e-08 0.082 1537.17
99 1.82522e-08 0.0825 2110.78
99 1.82522e-08 0.083 2380.18
99 1.82522e-08 0.0835 5854.32
99 1.82522e-08 0.084 17332.8
99 1.82522e-08 0.0845 26285.8
99 1.82522e-08 0.085 11268.9
99 1.82522e-08 0.0855 0
99 1.82522e-08 0.086 0
99 1.82522e-08 0.0865 0
99 1.82522e-08 0.087 0
99 1.82522e-08 0.0875 0
99 1.82522e-08 0.088 0
99 1.82522e-08 0.0885 0
99 1.82522e-08 0.089 0
99 1.82522e-08 0.0895 0
99 1.82522e-08 0.09 0
99 1.82522e-08 0.0905 0
99 1.82522e-08 0.091 0
99 1.82522e-08 0.0915 0
99 1.82522e-08 0.092 0
99 1.82522e-08 0.0925 0
99 1.82522e-08 0.093 0
99 1.82522e-08 0.0935 0
99 1.82522e-08 0.094 0
99 1.82522e-08 0.0945 0
99 1.82522e-08 0.095 0
124 2.28614e-08 0 0
124 2.28614e-08 0.0005 0
124 2.28614e-08 0.001 0
124 2.28614e-08 0.0015 0
124 2.28614e-08 0.002 0
124 2.28614e-08 0.0025 0
124 2.28614e-08 0.003 0
124 2.28614e-08 0.0035 0
124 2.28614e-08 0.004 0
124 2.28614e-08 0.0045 0
124 2.28614e-08 0.005 0
124 2.28614e-08 0.0055 0
124 2.28614e-08 0.006 0
124 2.28614e-08 0.0065 0
124 2.28614e-08 0.007 0
124 2.28614e-08 0.0075 0
124 2.28614e-08 0.008 0
124 2.28614e-08 0.0085 0
124 2.28614e-08 0.009 0
124 2.28614e-08 0.0095 0
124 2.28614e-08 0.01 -64856.1
124 2.28614e-08 0.0105 -42629
124 2.28614e-08 0.011 -28452.2
124 2.28614e-08 0.0115 -15767.8
124 2.28614e-08 0.012 -6213.55
124 2.28614e-08 0.0125 -6386.23
124 2.28614e-08 0.013 -7542.56
124 2.28614e-08 0.0135 -6914.92
124 2.28614e-08 0.014 -8753.04
124 2.28614e-08 0.0145 -10908.4
124 2.28614e-08 0.015 -9570.78
124 2.28614e-08 0.0155 -6977.87
124 2.28614e-08 0.016 -6048.48
124 2.28614e-08 0.0165 -10049
124 2.28614e-08 0.017 -11510.2
124 2.28614e-08 0.0175 -10514.9
124 2.28614e-08 0.018 -9448.41
124 2.28614e-08 0.0185 -9097.33
124 2.28614e-08 0.019 -10692.2
124 2.28614e-08 0.0195 -11706.3
124 2.28614e-08 0.02 -11771.4
124 2.28614e-08 0.0205 -9577.04
124 2.28614e-08 0.021 -9602.23
124 2.28614e-08 0.0215 -8901.01
124 2.28614e-08 0.022 -6612.41
124 2.28614e-08 0.0225 -7794.98
124 2.28614e-08 0.023 -7003.74
124 2.28614e-08 0.0235 -6039.56
124 2.28614e-08 0.024 -7899.74
124 2.28614e-08 0.0245 -4641.64
124 2.28614e-08 0.025 -4850.83
124 2.28614e-08 0.0255 -4078.42
124 2.28614e-08 0.026 -5502.11
124 2.28614e-08 0.0265 -4138.94
124 2.28614e-08 0.027 -3804.83
124 2.28614e-08 0.0275 -4213.93
124 2.28614e-08 0.028 -2218.1
124 2.28614e-08 0.0285 -461.025
124 2.28614e-08 0.029 1444.57
124 2.28614e-08 0.0295 1588.93
124 2.28614e-08 0.03 -1901.58
124 2.28614e-08 0.0305 -881.942
124 2.28614e-08 0.031 595.261
124 2.28614e-08 0.0315 -4878.9
124 2.28614e-08 0.032 -2626.06
124 2.28614e-08 0.0325 -1707.06
124 2.28614e-08 0.033 -154.939
124 2.28614e-08 0.0335 -247.405
124 2.28614e-08 0.034 -702.208
124 2.28614e-08 0.0345 -1684.97
124 2.28614e-08 0.035 -229.632
124 2.28614e-08 0.0355 1501.54
124 2.28614e-08 0.036 -1444.07
124 2.28614e-08 0.0365 -3195.43
124 2.28614e-08 0.037 -2772.27
124 2.28614e-08 0.0375 -1153.71
124 2.28614e-08 0.038 -3081.26
124 2.28614e-08 0.0385 -3717.23
124 2.28614e-08 0.039 -3118.59
124 2.28614e-08 0.0395 -4550.28
124 2.28614e-08 0.04 -4116.17
124 2.28614e-08 0.0405 -4918.82
124 2.28614e-08 0.041 -3105.88
124 2.28614e-08 0.0415 -3390.27
124 2.28614e-08 0.042 -4599.32
124 2.28614e-08 0.0425 -1698.11
124 2.28614e-08 0.043 -343.849
124 2.28614e-08 0.0435 -2210.76
124 2.28614e-08 0.044 -2443.3
124 2.28614e-08 0.0445 -188.202
124 2.28614e-08 0.045 -2590.1
124 2.28614e-08 0.0455 -306.466
124 2.28614e-08 0.046 1379.17
124 2.28614e-08 0.0465 2522.33
124 2.28614e-08 0.047 952.534
124 2.28614e-08 0.0475 730.201
124 2.28614e-08 0.048 1107.4
124 2.28614e-08 0.0485 3459.15
124 2.28614e-08 0.049 3992.7
124 2.28614e-08 0.0495 3114.07
124 2.28614e-08 0.05 2320.44
124 2.28614e-08 0.0505 3532.45
124 2.28614e-08 0.051 4895.61
124 2.28614e-08 0.0515 5614.22
124 2.28614e-08 0.052 6667.06
124 2.28614e-08 0.0525 7841.33
124 2.28614e-08 0.053 8145.88
124 2.28614e-08 0.0535 7629.25
124 2.28614e-08 0.054 6640.61
124 2.28614e-08 0.0545 9276.8
124 2.28614e-08 0.055 9756.51
124 2.28614e-08 0.0555 8803.65
124 2.28614e-08 0.056 5567.14
124 2.28614e-08 0.0565 4107.62
124 2.28614e-08 0.057 4655.34
124 2.28614e-08 0.0575 3385.4
124 2.28614e-08 0.058 2414.26
124 2.28614e-08 0.0585 -1755.11
124 2.28614e-08 0.059 -497.175
124 2.28614e-08 0.0595 -1256.12
124 2.28614e-08 0.06 -3963.93
124 2.28614e-08 0.0605 -2910.97
124 2.28614e-08 0.061 -1589.53
124 2.28614e-08 0.0615 -2882.78
124 2.28614e-08 0.062 -1395.1
124 2.28614e-08 0.0625 -181.81
124 2.28614e-08 0.063 -775.993
124 2.28614e-08 0.0635 -1373.74
124 2.28614e-08 0.064 -1423.91
124 2.28614e-08 0.0645 -4209.08
124 2.28614e-08 0.065 -1553.79
124 2.28614e-08 0.0655 -1498.89
124 2.28614e-08 0.066 -427.252
124 2.28614e-08 0.0665 727.524
124 2.28614e-08 0.067 -243.767
124 2.28614e-08 0.0675 -463.816
124 2.28614e-08 0.068 -709.096
124 2.28614e-08 0.0685 2883.84
124 2.28614e-08 0.069 2485.11
124 2.28614e-08 0.0695 535.058
124 2.28614e-08 0.07 1278.2
124 2.28614e-08 0.0705 3774.07
124 2.28614e-08 0.071 1446.02
124 2.28614e-08 0.0715 -2139.15
124 2.28614e-08 0.072 -2557.57
124 2.28614e-08 0.0725 657.099
124 2.28614e-08 0.073 1373.51
124 2.28614e-08 0.0735 -1398.12
124 2.28614e-08 0.074 -3487.43
124 2.28614e-08 0.0745 -2661.14
124 2.28614e-08 0.075 -954.09
124 2.28614e-08 0.0755 1298.27
124 2.28614e-08 0.076 1980.34
124 2.28614e-08 0.0765 1901.41
124 2.28614e-08 0.077 2365.3
124 2.28614e-08 0.0775 2320.83
124 2.28614e-08 0.078 570.571
124 2.28614e-08 0.0785 1142.38
124 2.28614e-08 0.079 2142.39
124 2.28614e-08 0.0795 918.153
124 2.28614e-08 0.08 -667.596
124 2.28614e-08 0.0805 -1086.99
124 2.28614e-08 0.081 -823.978
124 2.28614e-08 0.0815 -673.126
124 2.28614e-08 0.082 -1665.07
124 2.28614e-08 0.0825 6466.24
124 2.28614e-08 0.083 20524.1
124 2.28614e-08 0.0835 34505.3
124 2.28614e-08 0.084 48604.9
124 2.28614e-08 0.0845 58170.6
124 2.28614e-08 0.085 21849.6
124 2.28614e-08 0.0855 0
124 2.28614e-08 0.086 0
124 2.28614e-08 0.0865 0
124 2.28614e-08 0.087 0
124 2.28614e-08 0.0875 0
124 2.28614e-08 0.088 0
124 2.28614e-08 0.0885 0
124 2.28614e-08 0.089 0
124 2.28614e-08 0.0895 0
124 2.28614e-08 0.09 0
124 2.28614e-08 0.0905 0
124 2.28614e-08 0.091 0
124 2.28614e-08 0.0915 0
124 2.28614e-08 0.092 0
124 2.28614e-08 0.0925 0
124 2.28614e-08 0.093 0
124 2.28614e-08 0.0935 0
124 2.28614e-08 0.094 0
124 2.28614e-08 0.0945 0
124 2.28614e-08 0.095 0
149 2.74705e-08 0 0
149 2.74705e-08 0.0005 0
149 2.74705e-08 0.001 0
149 2.74705e-08 0.0015 0
149 2.74705e-08 0.002 0
149 2.74705e-08 0.0025 0
149 2.74705e-08 0.003 0
149 2.74705e-08 0.0035 0
149 2.74705e-08 0.004 0
149 2.74705e-08 0.0045 0
149 2.74705e-08 0.005 0
149 2.74705e-08 0.0055 0
149 2.74705e-08 0.006 0
149 2.74705e-08 0.0065 0
149 2.74705e-08 0.007 0
149 2.74705e-08 0.0075 0
149 2.74705e-08 0.008 0
149 2.74705e-08 0.0085 0
149 2.74705e-08 0.009 0
149 2.74705e-08 0.0095 0
149 2.74705e-08 0.01 -105120
149 2.74705e-08 0.0105 -81743
149 2.74705e-08 0.011 -67456.7
149 2.74705e-08 0.0115 -54548.7
149 2.74705e-08 0.012 -42162.5
149 2.74705e-08 0.0125 -29764.3
149 2.74705e-08 0.013 -18053
149 2.74705e-08 0.0135 -5401.31
149 2.74705e-08 0.014 3877.82
149 2.74705e-08 0.0145 5200.08
149 2.74705e-08 0.015 5104.81
149 2.74705e-08 0.0155 4945.34
149 2.74705e-08 0.016 5287.12
149 2.74705e-08 0.0165 8774.11
149 2.74705e-08 0.017 11175.1
149 2.74705e-08 0.0175 7123.97
149 2.74705e-08 0.018 2871.39
149 2.74705e-08 0.0185 5229.64
149 2.74705e-08 0.019 7315.65
149 2.74705e-08 0.0195 8538.1
149 2.74705e-08 0.02 9473.37
149 2.74705e-08 0.0205 9960.74
149 2.74705e-08 0.021 8258
149 2.74705e-08 0.0215 8032.14
149 2.74705e-08 0.022 9660.16
149 2.74705e-08 0.0225 10318.8
149 2.74705e-08 0.023 10854.8
149 2.74705e-08 0.0235 9482.35
149 2.74705e-08 0.024 6597.1
149 2.74705e-08 0.0245 6471.57
149 2.74705e-08 0.025 6178.03
149 2.74705e-08 0.0255 3895.23
149 2.74705e-08 0.026 5981.15
149 2.74705e-08 0.0265 6524.76
149 2.74705e-08 0.027 3083.47
149 2.74705e-08 0.0275 3733.01
149 2.74705e-08 0.028 3010.7
149 2.74705e-08 0.0285 3408.69
149 2.74705e-08 0.029 3362.8
149 2.74705e-08 0.0295 2422.32
149 2.74705e-08 0.03 -4535.15
149 2.74705e-08 0.0305 -2481.28
149 2.74705e-08 0.031 -759.725
149 2.74705e-08 0.0315 2528.71
149 2.74705e-08 0.032 1217.11
149 2.74705e-08 0.0325 -1564.39
149 2.74705e-08 0.033 -1031.86
149 2.74705e-08 0.0335 1113.36
149 2.74705e-08 0.034 2981.2
149 2.74705e-08 0.0345 7.39689
149 2.74705e-08 0.035 -412.419
149 2.74705e-08 0.0355 -1292.82
149 2.74705e-08 0.036 1827.9
149 2.74705e-08 0.0365 4673.46
149 2.74705e-08 0.037 917.945
149 2.74705e-08 0.0375 418.066
149 2.74705e-08 0.038 1245.42
149 2.74705e-08 0.0385 1918.09
149 2.74705e-08 0.039 1903.71
149 2.74705e-08 0.0395 -1968
149 2.74705e-08 0.04 -869.738
149 2.74705e-08 0.0405 1763.82
149 2.74705e-08 0.041 2382.45
149 2.74705e-08 0.0415 5527.94
149 2.74705e-08 0.042 4293.9
149 2.74705e-08 0.0425 1488.45
149 2.74705e-08 0.043 1432.96
149 2.74705e-08 0.0435 1662.25
149 2.74705e-08 0.044 916.472
149 2.74705e-08 0.0445 -165.206
149 2.74705e-08 0.045 2414.64
149 2.74705e-08 0.0455 4004.28
149 2.74705e-08 0.046 862.847
149 2.74705e-08 0.0465 1335.57
149 2.74705e-08 0.047 1988.13
149 2.74705e-08 0.0475 896.631
149 2.74705e-08 0.048 -1999.91
149 2.74705e-08 0.0485 -2758.85
149 2.74705e-08 0.049 -1823.48
149 2.74705e-08 0.0495 -5380.48
149 2.74705e-08 0.05 -5763.67
149 2.74705e-08 0.0505 -2302.91
149 2.74705e-08 0.051 -2817.02
149 2.74705e-08 0.0515 -4211.13
149 2.74705e-08 0.052 -5335.65
149 2.74705e-08 0.0525 -7023.09
149 2.74705e-08 0.053 -6887.03
149 2.74705e-08 0.0535 -6104.17
149 2.74705e-08 0.054 -6493.9
149 2.74705e-08 0.0545 -4525.25
149 2.74705e-08 0.055 -4073.48
149 2.74705e-08 0.0555 -8887.01
149 2.74705e-08 0.056 -8014.26
149 2.74705e-08 0.0565 -6826.11
149 2.74705e-08 0.057 -6448.34
149 2.74705e-08 0.0575 -7838.52
149 2.74705e-08 0.058 -6961.56
149 2.74705e-08 0.0585 -5944.57
149 2.74705e-08 0.059 -3254.67
149 2.74705e-08 0.0595 -736.12
149 2.74705e-08 0.06 1649.33
149 2.74705e-08 0.0605 3929.68
149 2.74705e-08 0.061 3401.16
149 2.74705e-08 0.0615 2880.04
149 2.74705e-08 0.062 2377.24
149 2.74705e-08 0.0625 2679.42
149 2.74705e-08 0.063 2648.92
149 2.74705e-08 0.0635 763.218
149 2.74705e-08 0.064 327.428
149 2.74705e-08 0.0645 -987.77
149 2.74705e-08 0.065 1498.23
149 2.74705e-08 0.0655 2946.21
149 2.74705e-08 0.066 3202.72
149 2.74705e-08 0.0665 2517.4
149 2.74705e-08 0.067 1640.36
149 2.74705e-08 0.0675 1987.81
149 2.74705e-08 0.068 2145.5
149 2.74705e-08 0.0685 28.6192
149 2.74705e-08 0.069 -18.4198
149 2.74705e-08 0.0695 -5496.42
149 2.74705e-08 0.07 -3522.59
149 2.74705e-08 0.0705 -1447.12
149 2.74705e-08 0.071 -337.781
149 2.74705e-08 0.0715 -3989.85
149 2.74705e-08 0.072 -5858.09
149 2.74705e-08 0.0725 -3935.23
149 2.74705e-08 0.073 19.9291
149 2.74705e-08 0.0735 996.823
149 2.74705e-08 0.074 -435.237
149 2.74705e-08 0.0745 -1055.76
149 2.74705e-08 0.075 -1245.11
149 2.74705e-08 0.0755 -2209.07
149 2.74705e-08 0.076 -283.719
149 2.74705e-08 0.0765 2386.3
149 2.74705e-08 0.077 -1327.82
149 2.74705e-08 0.0775 -3014.89
149 2.74705e-08 0.078 -1187.06
149 2.74705e-08 0.0785 -2757.9
149 2.74705e-08 0.079 -3068.71
149 2.74705e-08 0.0795 -2645.35
149 2.74705e-08 0.08 -531.26
149 2.74705e-08 0.0805 -141.984
149 2.74705e-08 0.081 -922.494
149 2.74705e-08 0.0815 -220.651
149 2.74705e-08 0.082 -281.535
149 2.74705e-08 0.0825 -736.667
149 2.74705e-08 0.083 271.623
149 2.74705e-08 0.0835 834.453
149 2.74705e-08 0.084 10012
149 2.74705e-08 0.0845 18510.3
149 2.74705e-08 0.085 8585.48
149 2.74705e-08 0.0855 0
149 2.74705e-08 0.086 0
149 2.74705e-08 0.0865 0
149 2.74705e-08 0.087 0
149 2.74705e-08 0.0875 0
149 2.74705e-08 0.088 0
149 2.74705e-08 0.0885 0
149 2.74705e-08 0.089 0
149 2.74705e-08 0.0895 0
149 2.74705e-08 0.09 0
149 2.74705e-08 0.0905 0
149 2.74705e-08 0.091 0
149 2.74705e-08 0.0915 0
149 2.74705e-08 0.092 0
149 2.74705e-08 0.0925 0
149 2.74705e-08 0.093 0
149 2.74705e-08 0.0935 0
149 2.74705e-08 0.094 0
149 2.74705e-08 0.0945 0
149 2.74705e-08 0.095 0
174 3.20796e-08 0 0
174 3.20796e-08 0.0005 0
174 3.20796e-08 0.001 0
174 3.20796e-08 0.0015 0
174 3.20796e-08 0.002 0
174 3.20796e-08 0.0025 0
174 3.20796e-08 0.003 0
174 3.20796e-08 0.0035 0
174 3.20796e-08 0.004 0
174 3.20796e-08 0.0045 0
174 3.20796e-08 0.005 0
174 3.20796e-08 0.0055 0
174 3.20796e-08 0.006 0
174 3.20796e-08 0.0065 0
174 3.20796e-08 0.007 0
174 3.20796e-08 0.0075 0
174 3.20796e-08 0.008 0
174 3.20796e-08 0.0085 0
174 3.20796e-08 0.009 0
174 3.20796e-08 0.0095 0
174 3.20796e-08 0.01 -88131
174 3.20796e-08 0.0105 -72716.4
174 3.20796e-08 0.011 -58496.8
174 3.20796e-08 0.0115 -45682.1
174 3.20796e-08 0.012 -33550.1
174 3.20796e-08 0.0125 -21797.3
174 3.20796e-08 0.013 -10643.2
174 3.20796e-08 0.0135 -1560.05
174 3.20796e-08 0.014 -2458.63
174 3.20796e-08 0.0145 -4826.3
174 3.20796e-08 0.015 -3237.76
174 3.20796e-08 0.0155 -3249.52
174 3.20796e-08 0.016 -2541.77
174 3.20796e-08 0.0165 -4284.62
174 3.20796e-08 0.017 -3447.14
174 3.20796e-08 0.0175 -4348.75
174 3.20796e-08 0.018 -6519.95
174 3.20796e-08 0.0185 -6290.72
174 3.20796e-08 0.019 -6279.15
174 3.20796e-08 0.0195 -7854.51
174 3.20796e-08 0.02 -8993.68
174 3.20796e-08 0.0205 -9247.43
174 3.20796e-08 0.021 -8515.66
174 3.20796e-08 0.0215 -7793.59
174 3.20796e-08 0.022 -5906.4
174 3.20796e-08 0.0225 -6142.31
174 3.20796e-08 0.023 -6196.67
174 3.20796e-08 0.0235 -5345.09
174 3.20796e-08 0.024 -5070.44
174 3.20796e-08 0.0245 -4001.02
174 3.20796e-08 0.025 -4245.37
174 3.20796e-08 0.0255 -4807.63
174 3.20796e-08 0.026 -2196.51
174 3.20796e-08 0.0265 -2458.95
174 3.20796e-08 0.027 -1822.08
174 3.20796e-08 0.0275 423.378
174 3.20796e-08 0.028 19.4622
174 3.20796e-08 0.0285 243.367
174 3.20796e-08 0.029 1303.84
174 3.20796e-08 0.0295 14.144
174 3.20796e-08 0.03 248.499
174 3.20796e-08 0.0305 171.24
174 3.20796e-08 0.031 1360.56
174 3.20796e-08 0.0315 3311.06
174 3.20796e-08 0.032 4212.55
174 3.20796e-08 0.0325 2075.24
174 3.20796e-08 0.033 1834.41
174 3.20796e-08 0.0335 830.85
174 3.20796e-08 0.034 921.365
174 3.20796e-08 0.0345 -534.394
174 3.20796e-08 0.035 416.935
174 3.20796e-08 0.0355 26.6484
174 3.20796e-08 0.036 -1675.19
174 3.20796e-08 0.0365 -1424.08
174 3.20796e-08 0.037 -802.179
174 3.20796e-08 0.0375 950.51
174 3.20796e-08 0.038 2106.65
174 3.20796e-08 0.0385 435.697
174 3.20796e-08 0.039 1686.93
174 3.20796e-08 0.0395 503.603
174 3.20796e-08 0.04 -1080.96
174 3.20796e-08 0.0405 2037.07
174 3.20796e-08 0.041 527.919
174 3.20796e-08 0.0415 495.911
174 3.20796e-08 0.042 25.7475
174 3.20796e-08 0.0425 404.667
174 3.20796e-08 0.043 -2048.52
174 3.20796e-08 0.0435 -2055.22
174 3.20796e-08 0.044 1076.68
174 3.20796e-08 0.0445 592.281
174 3.20796e-08 0.045 -1467.98
174 3.20796e-08 0.0455 -878.237
174 3.20796e-08 0.046 -188.325
174 3.20796e-08 0.0465 413.47
174 3.20796e-08 0.047 1646.96
174 3.20796e-08 0.0475 4192.49
174 3.20796e-08 0.048 4822.68
174 3.20796e-08 0.0485 3185.49
174 3.20796e-08 0.049 3049.91
174 3.20796e-08 0.0495 5201.87
174 3.20796e-08 0.05 4511.1
174 3.20796e-08 0.0505 3613.63
174 3.20796e-08 0.051 5151.25
174 3.20796e-08 0.0515 4198.99
174 3.20796e-08 0.052 6090.94
174 3.20796e-08 0.0525 6652.15
174 3.20796e-08 0.053 6680.6
174 3.20796e-08 0.0535 7580.37
174 3.20796e-08 0.054 6256.7
174 3.20796e-08 0.0545 6653.12
174 3.20796e-08 0.055 6809.54
174 3.20796e-08 0.0555 8459.17
174 3.20796e-08 0.056 8074
174 3.20796e-08 0.0565 8536.77
174 3.20796e-08 0.057 10259.2
174 3.20796e-08 0.0575 3051.13
174 3.20796e-08 0.058 1637.55
174 3.20796e-08 0.0585 3513.77
174 3.20796e-08 0.059 2705.31
174 3.20796e-08 0.0595 -1653.14
174 3.20796e-08 0.06 -2502.64
174 3.20796e-08 0.0605 -1652.73
174 3.20796e-08 0.061 -1183.19
174 3.20796e-08 0.0615 -1019.42
174 3.20796e-08 0.062 180.326
174 3.20796e-08 0.0625 -79.5179
174 3.20796e-08 0.063 385.298
174 3.20796e-08 0.0635 2085.65
174 3.20796e-08 0.064 625.146
174 3.20796e-08 0.0645 -1058.62
174 3.20796e-08 0.065 -962.922
174 3.20796e-08 0.0655 -2904.2
174 3.20796e-08 0.066 -824.051
174 3.20796e-08 0.0665 197.761
174 3.20796e-08 0.067 1824.57
174 3.20796e-08 0.0675 3071.78
174 3.20796e-08 0.068 2245.92
174 3.20796e-08 0.0685 684.91
174 3.20796e-08 0.069 1654.8
174 3.20796e-08 0.0695 2993.07
174 3.20796e-08 0.07 3040.69
174 3.20796e-08 0.0705 -807.446
174 3.20796e-08 0.071 907.337
174 3.20796e-08 0.0715 1799.54
174 3.20796e-08 0.072 5780.56
174 3.20796e-08 0.0725 7201.04
174 3.20796e-08 0.073 2879.11
174 3.20796e-08 0.0735 2434.22
174 3.20796e-08 0.074 3144.38
174 3.20796e-08 0.0745 4193.97
174 3.20796e-08 0.075 3125.79
174 3.20796e-08 0.0755 1259.92
174 3.20796e-08 0.076 465.789
174 3.20796e-08 0.0765 735.365
174 3.20796e-08 0.077 3824.33
174 3.20796e-08 0.0775 3638.2
174 3.20796e-08 0.078 4804.45
174 3.20796e-08 0.0785 4784.48
174 3.20796e-08 0.079 3649.48
174 3.20796e-08 0.0795 3478.76
174 3.20796e-08 0.08 2340.83
174 3.20796e-08 0.0805 1893.2
174 3.20796e-08 0.081 1350.12
174 3.20796e-08 0.0815 1137.89
174 3.20796e-08 0.082 679.956
174 3.20796e-08 0.0825 436.592
174 3.20796e-08 0.083 1199.67
174 3.20796e-08 0.0835 7648.42
174 3.20796e-08 0.084 19801.1
174 3.20796e-08 0.0845 28885.3
174 3.20796e-08 0.085 12150
174 3.20796e-08 0.0855 0
174 3.20796e-08 0.086 0
174 3.20796e-08 0.0865 0
174 3.20796e-08 0.087 0
174 3.20796e-08 0.0875 0
174 3.20796e-08 0.088 0
174 3.20796e-08 0.0885 0
174 3.20796e-08 0.089 0
174 3.20796e-08 0.0895 0
174 3.20796e-08 0.09 0
174 3.20796e-08 0.0905 0
174 3.20796e-08 0.091 0
174 3.20796e-08 0.0915 0
174 3.20796e-08 0.092 0
174 3.20796e-08 0.0925 0
174 3.20796e-08 0.093 0
174 3.20796e-08 0.0935 0
174 3.20796e-08 0.094 0
174 3.20796e-08 0.0945 0
174 3.20796e-08 0.095 0
199 3.66888e-08 0 0
199 3.66888e-08 0.0005 0
199 3.66888e-08 0.001 0
199 3.66888e-08 0.0015 0
199 3.66888e-08 0.002 0
199 3.66888e-08 0.0025 0
199 3.66888e-08 0.003 0
199 3.66888e-08 0.0035 0
199 3.66888e-08 0.004 0
199 3.66888e-08 0.0045 0
199 3.66888e-08 0.005 0
199 3.66888e-08 0.0055 0
199 3.66888e-08 0.006 0
199 3.66888e-08 0.0065 0
199 3.66888e-08 0.007 0
199 3.66888e-08 0.0075 0
199 3.66888e-08 0.008 0
199 3.66888e-08 0.0085 0
199 3.66888e-08 0.009 0
199 3.66888e-08 0.0095 0
199 3.66888e-08 0.01 -30958.1
199 3.66888e-08 0.0105 -30516.4
199 3.66888e-08 0.011 -16656.2
199 3.66888e-08 0.0115 -5400.03
199 3.66888e-08 0.012 1892.08
199 3.66888e-08 0.0125 1844.37
199 3.66888e-08 0.013 -225.302
199 3.66888e-08 0.0135 1501.13
199 3.66888e-08 0.014 3202.64
199 3.66888e-08 0.0145 3398.51
199 3.66888e-08 0.015 1868.44
199 3.66888e-08 0.0155 1819.69
199 3.66888e-08 0.016 2296.14
199 3.66888e-08 0.0165 1824.66
199 3.66888e-08 0.017 3152.91
199 3.66888e-08 0.0175 3599.37
199 3.66888e-08 0.018 4742.89
199 3.66888e-08 0.0185 7557.91
199 3.66888e-08 0.019 8111.88
199 3.66888e-08 0.0195 6457.59
199 3.66888e-08 0.02 5649.93
199 3.66888e-08 0.0205 5933.82
199 3.66888e-08 0.021 5024.86
199 3.66888e-08 0.0215 5547.75
199 3.66888e-08 0.022 4421.13
199 3.66888e-08 0.0225 3174.35
199 3.66888e-08 0.023 2830.41
199 3.66888e-08 0.0235 4579.29
199 3.66888e-08 0.024 4382.51
199 3.66888e-08 0.0245 4061.9
199 3.66888e-08 0.025 495.771
199 3.66888e-08 0.0255 931.512
199 3.66888e-08 0.026 -1805.22
199 3.66888e-08 0.0265 -2851.83
199 3.66888e-08 0.027 -312.849
199 3.66888e-08 0.0275 -378.442
199 3.66888e-08 0.028 -2433.74
199 3.66888e-08 0.0285 -2152.49
199 3.66888e-08 0.029 -3679.02
199 3.66888e-08 0.0295 -3028.75
199 3.66888e-08 0.03 -3919.34
199 3.66888e-08 0.0305 -3919.83
199 3.66888e-08 0.031 -1051.65
199 3.66888e-08 0.0315 -2452.14
199 3.66888e-08 0.032 -3383.12
199 3.66888e-08 0.0325 -1515.39
199 3.66888e-08 0.033 929.126
199 3.66888e-08 0.0335 2324.52
199 3.66888e-08 0.034 3125.83
199 3.66888e-08 0.0345 1306.61
199 3.66888e-08 0.035 -261.65
199 3.66888e-08 0.0355 1526.41
199 3.66888e-08 0.036 417.694
199 3.66888e-08 0.0365 -4140.77
199 3.66888e-08 0.037 -521.524
199 3.66888e-08 0.0375 183.445
199 3.66888e-08 0.038 -979.662
199 3.66888e-08 0.0385 -2878.47
199 3.66888e-08 0.039 -923.806
199 3.66888e-08 0.0395 -922.082
199 3.66888e-08 0.04 -1498.6
199 3.66888e-08 0.0405 -1646.19
199 3.66888e-08 0.041 -1877.51
199 3.66888e-08 0.0415 -1789.41
199 3.66888e-08 0.042 -1586.18
199 3.66888e-08 0.0425 -763.401
199 3.66888e-08 0.043 148.032
199 3.66888e-08 0.0435 -1131.25
199 3.66888e-08 0.044 -1967.99
199 3.66888e-08 0.0445 -1383.09
199 3.66888e-08 0.045 -2993.55
199 3.66888e-08 0.0455 -3264.66
199 3.66888e-08 0.046 -2126.25
199 3.66888e-08 0.0465 -3800.3
199 3.66888e-08 0.047 -5040.37
199 3.66888e-08 0.0475 -3598.64
199 3.66888e-08 0.048 -5252.84
199 3.66888e-08 0.0485 -5510.68
199 3.66888e-08 0.049 -4970.08
199 3.66888e-08 0.0495 -2869.19
199 3.66888e-08 0.05 -5918.05
199 3.66888e-08 0.0505 -6400.85
199 3.66888e-08 0.051 -6748.59
199 3.66888e-08 0.0515 -8090.31
199 3.66888e-08 0.052 -7218.5
199 3.66888e-08 0.0525 -7441.17
199 3.66888e-08 0.053 -7750.33
199 3.66888e-08 0.0535 -7757.07
199 3.66888e-08 0.054 -8340.18
199 3.66888e-08 0.0545 -7684.47
199 3.66888e-08 0.055 -5565.99
199 3.66888e-08 0.0555 -3703.08
199 3.66888e-08 0.056 -2042.63
199 3.66888e-08 0.0565 -2.84012
199 3.66888e-08 0.057 -803.776
199 3.66888e-08 0.0575 -2020.36
199 3.66888e-08 0.058 -1326.19
199 3.66888e-08 0.0585 -948.693
199 3.66888e-08 0.059 195.522
199 3.66888e-08 0.0595 790.236
199 3.66888e-08 0.06 218.517
199 3.66888e-08 0.0605 574.161
199 3.66888e-08 0.061 -581.826
199 3.66888e-08 0.0615 -462.568
199 3.66888e-08 0.062 -1430.61
199 3.66888e-08 0.0625 -1741.51
199 3.66888e-08 0.063 -190.851
199 3.66888e-08 0.0635 -2320.2
199 3.66888e-08 0.064 -3478.38
199 3.66888e-08 0.0645 -2998.33
199 3.66888e-08 0.065 -483.037
199 3.66888e-08 0.0655 -4.79687
199 3.66888e-08 0.066 391.626
199 3.66888e-08 0.0665 1581.6
199 3.66888e-08 0.067 -315.743
199 3.66888e-08 0.0675 -3826.44
199 3.66888e-08 0.068 -2677.25
199 3.66888e-08 0.0685 -972.936
199 3.66888e-08 0.069 -1934.81
199 3.66888e-08 0.0695 -2603.18
199 3.66888e-08 0.07 -2743.82
199 3.66888e-08 0.0705 -4508.03
199 3.66888e-08 0.071 -5308.58
199 3.66888e-08 0.0715 -5165.3
199 3.66888e-08 0.072 -3977.63
199 3.66888e-08 0.0725 -5306.45
199 3.66888e-08 0.073 -4255.62
199 3.66888e-08 0.0735 -2025.6
199 3.66888e-08 0.074 -2852.2
199 3.66888e-08 0.0745 -4368.79
199 3.66888e-08 0.075 -3205.12
199 3.66888e-08 0.0755 -3252.92
199 3.66888e-08 0.076 -3745.65
199 3.66888e-08 0.0765 -5127.85
199 3.66888e-08 0.077 -2904.27
199 3.66888e-08 0.0775 -5097.95
199 3.66888e-08 0.078 -6076.15
199 3.66888e-08 0.0785 -3434.13
199 3.66888e-08 0.079 -1786.33
199 3.66888e-08 0.0795 -1097.22
199 3.66888e-08 0.08 -478.635
199 3.66888e-08 0.0805 410.657
199 3.66888e-08 0.081 -692.585
199 3.66888e-08 0.0815 -951.67
199 3.66888e-08 0.082 6994.18
199 3.66888e-08 0.0825 18601.4
199 3.66888e-08 0.083 32408.8
199 3.66888e-08 0.0835 46157.7
199 3.66888e-08 0.084 60058.5
199 3.66888e-08 0.0845 69843
199 3.66888e-08 0.085 25850
199 3.66888e-08 0.0855 0
199 3.66888e-08 0.086 0
199 3.66888e-08 0.0865 0
199 3.66888e-08 0.087 0
199 3.66888e-08 0.0875 0
199 3.66888e-08 0.088 0
199 3.66888e-08 0.0885 0
199 3.66888e-08 0.089 0
199 3.66888e-08 0.0895 0
199 3.66888e-08 0.09 0
199 3.66888e-08 0.0905 0
199 3.66888e-08 0.091 0
199 3.66888e-08 0.0915 0
199 3.66888e-08 0.092 0
199 3.66888e-08 0.0925 0
199 3.66888e-08 0.093 0
199 3.66888e-08 0.0935 0
199 3.66888e-08 0.094 0
199 3.66888e-08 0.0945 0
199 3.66888e-08 0.095 0
224 4.12979e-08 0 0
224 4.12979e-08 0.0005 0
224 4.12979e-08 0.001 0
224 4.12979e-08 0.0015 0
224 4.12979e-08 0.002 0
224 4.12979e-08 0.0025 0
224 4.12979e-08 0.003 0
224 4.12979e-08 0.0035 0
224 4.12979e-08 0.004 0
224 4.12979e-08 0.0045 0
224 4.12979e-08 0.005 0
224 4.12979e-08 0.0055 0
224 4.12979e-08 0.006 0
224 4.12979e-08 0.0065 0
224 4.12979e-08 0.007 0
224 4.12979e-08 0.0075 0
224 4.12979e-08 0.008 0
224 4.12979e-08 0.0085 0
224 4.12979e-08 0.009 0
224 4.12979e-08 0.0095 0
224 4.12979e-08 0.01 -22255.9
224 4.12979e-08 0.0105 -52227
224 4.12979e-08 0.011 -38221
224 4.12979e-08 0.0115 -25896.6
224 4.12979e-08 0.012 -13853.3
224 4.12979e-08 0.0125 -3145.15
224 4.12979e-08 0.013 2032.79
224 4.12979e-08 0.0135 311.398
224 4.12979e-08 0.014 112.602
224 4.12979e-08 0.0145 376.248
224 4.12979e-08 0.015 -3228.7
224 4.12979e-08 0.0155 -2144.03
224 4.12979e-08 0.016 -1609.9
224 4.12979e-08 0.0165 -1711.49
224 4.12979e-08 0.017 -2330.08
224 4.12979e-08 0.0175 -1515
224 4.12979e-08 0.018 -3565.16
224 4.12979e-08 0.0185 -5407.59
224 4.12979e-08 0.019 -5466.4
224 4.12979e-08 0.0195 -4528.21
224 4.12979e-08 0.02 -4808.67
224 4.12979e-08 0.0205 -5595.14
224 4.12979e-08 0.021 -5407.23
224 4.12979e-08 0.0215 -5535.32
224 4.12979e-08 0.022 -5760.43
224 4.12979e-08 0.0225 -4070.6
224 4.12979e-08 0.023 -3000.47
224 4.12979e-08 0.0235 -3058.81
224 4.12979e-08 0.024 -4470.07
224 4.12979e-08 0.0245 -4345.38
224 4.12979e-08 0.025 -2685.48
224 4.12979e-08 0.0255 -1303.38
224 4.12979e-08 0.026 121.318
224 4.12979e-08 0.0265 -841.158
224 4.12979e-08 0.027 153.461
224 4.12979e-08 0.0275 2321.65
224 4.12979e-08 0.028 1117.23
224 4.12979e-08 0.0285 1612.74
224 4.12979e-08 0.029 1248.29
224 4.12979e-08 0.0295 935.58
224 4.12979e-08 0.03 1657.41
224 4.12979e-08 0.0305 1971.42
224 4.12979e-08 0.031 3389.24
224 4.12979e-08 0.0315 3763.15
224 4.12979e-08 0.032 3824.37
224 4.12979e-08 0.0325 3626.34
224 4.12979e-08 0.033 2520.7
224 4.12979e-08 0.0335 636.977
224 4.12979e-08 0.034 -873.256
224 4.12979e-08 0.0345 -1172.13
224 4.12979e-08 0.035 -1515.8
224 4.12979e-08 0.0355 -1020.72
224 4.12979e-08 0.036 -2383.74
224 4.12979e-08 0.0365 -2221.04
224 4.12979e-08 0.037 -665.982
224 4.12979e-08 0.0375 1365.09
224 4.12979e-08 0.038 2119.07
224 4.12979e-08 0.0385 2037.94
224 4.12979e-08 0.039 3491.25
224 4.12979e-08 0.0395 1507.87
224 4.12979e-08 0.04 1085.85
224 4.12979e-08 0.0405 2518.35
224 4.12979e-08 0.041 1356.96
224 4.12979e-08 0.0415 2021.07
224 4.12979e-08 0.042 1524.03
224 4.12979e-08 0.0425 3619.16
224 4.12979e-08 0.043 1813.14
224 4.12979e-08 0.0435 1194.29
224 4.12979e-08 0.044 2845.1
224 4.12979e-08 0.0445 1130.24
224 4.12979e-08 0.045 1777.27
224 4.12979e-08 0.0455 3064.92
224 4.12979e-08 0.046 4854.1
224 4.12979e-08 0.0465 3173.7
224 4.12979e-08 0.047 2365.66
224 4.12979e-08 0.0475 2948.8
224 4.12979e-08 0.048 2309.38
224 4.12979e-08 0.0485 3574.61
224 4.12979e-08 0.049 3816.39
224 4.12979e-08 0.0495 6410.45
224 4.12979e-08 0.05 4469.33
224 4.12979e-08 0.0505 2290.78
224 4.12979e-08 0.051 2539.32
224 4.12979e-08 0.0515 5204
224 4.12979e-08 0.052 5851.63
224 4.12979e-08 0.0525 7304.43
224 4.12979e-08 0.053 6245.13
224 4.12979e-08 0.0535 6455.1
224 4.12979e-08 0.054 6383.86
224 4.12979e-08 0.0545 6604.61
224 4.12979e-08 0.055 6836.78
224 4.12979e-08 0.0555 5544.86
224 4.12979e-08 0.056 5255.18
224 4.12979e-08 0.0565 4590.01
224 4.12979e-08 0.057 4456.95
224 4.12979e-08 0.0575 1998.16
224 4.12979e-08 0.058 2041.82
224 4.12979e-08 0.0585 1191.28
224 4.12979e-08 0.059 88.2741
224 4.12979e-08 0.0595 443.573
224 4.12979e-08 0.06 1337.81
224 4.12979e-08 0.0605 603.601
224 4.12979e-08 0.061 1243.03
224 4.12979e-08 0.0615 646.075
224 4.12979e-08 0.062 837.106
224 4.12979e-08 0.0625 654.477
224 4.12979e-08 0.063 1196.12
224 4.12979e-08 0.0635 3000.83
224 4.12979e-08 0.064 1587.35
224 4.12979e-08 0.0645 48.7822
224 4.12979e-08 0.065 2563.47
224 4.12979e-08 0.0655 1061.79
224 4.12979e-08 0.066 677.126
224 4.12979e-08 0.0665 890.934
224 4.12979e-08 0.067 1885.75
224 4.12979e-08 0.0675 2256.76
224 4.12979e-08 0.068 1799.61
224 4.12979e-08 0.0685 237.097
224 4.12979e-08 0.069 1201.73
224 4.12979e-08 0.0695 -135.89
224 4.12979e-08 0.07 651.416
224 4.12979e-08 0.0705 572.823
224 4.12979e-08 0.071 2176.96
224 4.12979e-08 0.0715 554.687
224 4.12979e-08 0.072 3120.98
224 4.12979e-08 0.0725 5475.88
224 4.12979e-08 0.073 4535.14
224 4.12979e-08 0.0735 4564.33
224 4.12979e-08 0.074 4139.94
224 4.12979e-08 0.0745 4709
224 4.12979e-08 0.075 3174.9
224 4.12979e-08 0.0755 2725.3
224 4.12979e-08 0.076 2578.64
224 4.12979e-08 0.0765 2544.29
224 4.12979e-08 0.077 2256.69
224 4.12979e-08 0.0775 3344.28
224 4.12979e-08 0.078 4246.57
224 4.12979e-08 0.0785 3663.32
224 4.12979e-08 0.079 4571.31
224 4.12979e-08 0.0795 4389.89
224 4.12979e-08 0.08 3716.11
224 4.12979e-08 0.0805 3499.44
224 4.12979e-08 0.081 2350.3
224 4.12979e-08 0.0815 315.388
224 4.12979e-08 0.082 1677.55
224 4.12979e-08 0.0825 2690.65
224 4.12979e-08 0.083 11079.6
224 4.12979e-08 0.0835 23878.5
224 4.12979e-08 0.084 37497.3
224 4.12979e-08 0.0845 47358.3
224 4.12979e-08 0.085 18397.5
224 4.12979e-08 0.0855 0
224 4.12979e-08 0.086 0
224 4.12979e-08 0.0865 0
224 4.12979e-08 0.087 0
224 4.12979e-08 0.0875 0
224 4.12979e-08 0.088 0
224 4.12979e-08 0.0885 0
224 4.12979e-08 0.089 0
224 4.12979e-08 0.0895 0
224 4.12979e-08 0.09 0
224 4.12979e-08 0.0905 0
224 4.12979e-08 0.091 0
224 4.12979e-08 0.0915 0
224 4.12979e-08 0.092 0
224 4.12979e-08 0.0925 0
224 4.12979e-08 0.093 0
224 4.12979e-08 0.0935 0
224 4.12979e-08 0.094 0
224 4.12979e-08 0.0945 0
224 4.12979e-08 0.095 0
249 4.59071e-08 0 0
249 4.59071e-08 0.0005 0
249 4.59071e-08 0.001 0
249 4.59071e-08 0.0015 0
249 4.59071e-08 0.002 0
249 4.59071e-08 0.0025 0
249 4.59071e-08 0.003 0
249 4.59071e-08 0.0035 0
249 4.59071e-08 0.004 0
249 4.59071e-08 0.0045 0
249 4.59071e-08 0.005 0
249 4.59071e-08 0.0055 0
249 4.59071e-08 0.006 0
249 4.59071e-08 0.0065 0
249 4.59071e-08 0.007 0
249 4.59071e-08 0.0075 0
249 4.59071e-08 0.008 0
249 4.59071e-08 0.0085 0
249 4.59071e-08 0.009 0
249 4.59071e-08 0.0095 0
249 4.59071e-08 0.01 22151.6
249 4.59071e-08 0.0105 -11832.1
249 4.59071e-08 0.011 -3299.71
249 4.59071e-08 0.0115 -2458.94
249 4.59071e-08 0.012 -1226.4
249 4.59071e-08 0.0125 964.526
249 4.59071e-08 0.013 1168.83
249 4.59071e-08 0.0135 2203.86
249 4.59071e-08 0.014 1165.92
249 4.59071e-08 0.0145 1414.32
249 4.59071e-08 0.015 2093.24
249 4.59071e-08 0.0155 3539.33
249 4.59071e-08 0.016 1872.56
249 4.59071e-08 0.0165 3100.51
249 4.59071e-08 0.017 3423.86
249 4.59071e-08 0.0175 3515.99
249 4.59071e-08 0.018 4119.4
249 4.59071e-08 0.0185 4210.82
249 4.59071e-08 0.019 3808.27
249 4.59071e-08 0.0195 4968.75
249 4.59071e-08 0.02 5297.39
249 4.59071e-08 0.0205 4739.36
249 4.59071e-08 0.021 3850.04
249 4.59071e-08 0.0215 4023.11
249 4.59071e-08 0.022 4056.08
249 4.59071e-08 0.0225 4718.79
249 4.59071e-08 0.023 5226.35
249 4.59071e-08 0.0235 3342.13
249 4.59071e-08 0.024 -448.802
249 4.59071e-08 0.0245 636.005
249 4.59071e-08 0.025 2234.82
249 4.59071e-08 0.0255 -993.776
249 4.59071e-08 0.026 -1014.31
249 4.59071e-08 0.0265 -3091.69
249 4.59071e-08 0.027 -2894.62
249 4.59071e-08 0.0275 -1626.8
249 4.59071e-08 0.028 -565.275
249 4.59071e-08 0.0285 -305.211
249 4.59071e-08 0.029 -1788.76
249 4.59071e-08 0.0295 -2176.19
249 4.59071e-08 0.03 -1711.61
249 4.59071e-08 0.0305 -738.504
249 4.59071e-08 0.031 -902.357
249 4.59071e-08 0.0315 -1092.17
249 4.59071e-08 0.032 443.793
249 4.59071e-08 0.0325 426.234
249 4.59071e-08 0.033 -112.915
249 4.59071e-08 0.0335 523.399
249 4.59071e-08 0.034 706.79
249 4.59071e-08 0.0345 35.1078
249 4.59071e-08 0.035 -2226.07
249 4.59071e-08 0.0355 -1605.59
249 4.59071e-08 0.036 1213.62
249 4.59071e-08 0.0365 679.011
249 4.59071e-08 0.037 -1213.3
249 4.59071e-08 0.0375 -2748.74
249 4.59071e-08 0.038 -1392.04
249 4.59071e-08 0.0385 -214.526
249 4.59071e-08 0.039 2877.04
249 4.59071e-08 0.0395 -1211.31
249 4.59071e-08 0.04 -3384.29
249 4.59071e-08 0.0405 -2150.82
249 4.59071e-08 0.041 -3533.97
249 4.59071e-08 0.0415 -2180.42
249 4.59071e-08 0.042 -3366.1
249 4.59071e-08 0.0425 -2381.85
249 4.59071e-08 0.043 -4154.3
249 4.59071e-08 0.0435 -2515.32
249 4.59071e-08 0.044 -2036.49
249 4.59071e-08 0.0445 -3044.47
249 4.59071e-08 0.045 -3745.27
249 4.59071e-08 0.0455 -3343.5
249 4.59071e-08 0.046 -3392.72
249 4.59071e-08 0.0465 -4359.62
249 4.59071e-08 0.047 -3523.22
249 4.59071e-08 0.0475 -1589.98
249 4.59071e-08 0.048 -2802.52
249 4.59071e-08 0.0485 -6391.05
249 4.59071e-08 0.049 -5063.99
249 4.59071e-08 0.0495 -3650.18
249 4.59071e-08 0.05 -3254.77
249 4.59071e-08 0.0505 -4661.08
249 4.59071e-08 0.051 -5580.54
249 4.59071e-08 0.0515 -4430.54
249 4.59071e-08 0.052 -4183.26
249 4.59071e-08 0.0525 -3149.08
249 4.59071e-08 0.053 -3617.39
249 4.59071e-08 0.0535 -2044.26
249 4.59071e-08 0.054 -3475.27
249 4.59071e-08 0.0545 -3013.93
249 4.59071e-08 0.055 -4215.73
249 4.59071e-08 0.0555 -2392.04
249 4.59071e-08 0.056 -2537.59
249 4.59071e-08 0.0565 -2558.79
249 4.59071e-08 0.057 -2108.67
249 4.59071e-08 0.0575 -2290.22
249 4.59071e-08 0.058 -2757.48
249 4.59071e-08 0.0585 -1074.72
249 4.59071e-08 0.059 -929.493
249 4.59071e-08 0.0595 -1611.78
249 4.59071e-08 0.06 -973.815
249 4.59071e-08 0.0605 -14.7386
249 4.59071e-08 0.061 -333.103
249 4.59071e-08 0.0615 -1967.29
249 4.59071e-08 0.062 -176.642
249 4.59071e-08 0.0625 319.051
249 4.59071e-08 0.063 -2517.4
249 4.59071e-08 0.0635 -2545.63
249 4.59071e-08 0.064 -2370.36
249 4.59071e-08 0.0645 -1766.85
249 4.59071e-08 0.065 -1664.44
249 4.59071e-08 0.0655 -1568.37
249 4.59071e-08 0.066 657.139
249 4.59071e-08 0.0665 -154.982
249 4.59071e-08 0.067 -303.847
249 4.59071e-08 0.0675 357.123
249 4.59071e-08 0.068 -540.242
249 4.59071e-08 0.0685 -251.209
249 4.59071e-08 0.069 149.622
249 4.59071e-08 0.0695 -573.854
249 4.59071e-08 0.07 -1776.75
249 4.59071e-08 0.0705 -2446.69
249 4.59071e-08 0.071 -1812.34
249 4.59071e-08 0.0715 -1856.14
249 4.59071e-08 0.072 -1952.5
249 4.59071e-08 0.0725 -1441.17
249 4.59071e-08 0.073 -2537.53
249 4.59071e-08 0.0735 -3031.16
249 4.59071e-08 0.074 -4659.36
249 4.59071e-08 0.0745 -4290.18
249 4.59071e-08 0.075 -3976.14
249 4.59071e-08 0.0755 -4066.41
249 4.59071e-08 0.076 -3702.98
249 4.59071e-08 0.0765 -3278.23
249 4.59071e-08 0.077 -1920.13
249 4.59071e-08 0.0775 -2064.84
249 4.59071e-08 0.078 -2447.46
249 4.59071e-08 0.0785 -1164.48
249 4.59071e-08 0.079 -1809.75
249 4.59071e-08 0.0795 -2867.37
249 4.59071e-08 0.08 -2063.51
249 4.59071e-08 0.0805 -906.544
249 4.59071e-08 0.081 4545.5
249 4.59071e-08 0.0815 14317.2
249 4.59071e-08 0.082 26129
249 4.59071e-08 0.0825 38216.3
249 4.59071e-08 0.083 52128.8
249 4.59071e-08 0.0835 65679.8
249 4.59071e-08 0.084 79340.8
249 4.59071e-08 0.0845 89299.8
249 4.59071e-08 0.085 32377.1
249 4.59071e-08 0.0855 0
249 4.59071e-08 0.086 0
249 4.59071e-08 0.0865 0
249 4.59071e-08 0.087 0
249 4.59071e-08 0.0875 0
249 4.59071e-08 0.088 0
249 4.59071e-08 0.0885 0
249 4.59071e-08 0.089 0
249 4.59071e-08 0.0895 0
249 4.59071e-08 0.09 0
249 4.59071e-08 0.0905 0
249 4.59071e-08 0.091 0
249 4.59071e-08 0.0915 0
249 4.59071e-08 0.092 0
249 4.59071e-08 0.0925 0
249 4.59071e-08 0.093 0
249 4.59071e-08 0.0935 0
249 4.59071e-08 0.094 0
249 4.59071e-08 0.0945 0
249 4.59071e-08 0.095 0
274 5.05162e-08 0 0
274 5.05162e-08 0.0005 0
274 5.05162e-08 0.001 0
274 5.05162e-08 0.0015 0
274 5.05162e-08 0.002 0
274 5.05162e-08 0.0025 0
274 5.05162e-08 0.003 0
274 5.05162e-08 0.0035 0
274 5.05162e-08 0.004 0
274 5.05162e-08 0.0045 0
274 5.05162e-08 0.005 0
274 5.05162e-08 0.0055 0
274 5.05162e-08 0.006 0
274 5.05162e-08 0.0065 0
274 5.05162e-08 0.007 0
274 5.05162e-08 0.0075 0
274 5.05162e-08 0.008 0
274 5.05162e-08 0.0085 0
274 5.05162e-08 0.009 0
274 5.05162e-08 0.0095 0
274 5.05162e-08 0.01 -2406.55
274 5.05162e-08 0.0105 -31105.7
274 5.05162e-08 0.011 -17754.8
274 5.05162e-08 0.0115 -6171.92
274 5.05162e-08 0.012 287.771
274 5.05162e-08 0.0125 769.847
274 5.05162e-08 0.013 112.812
274 5.05162e-08 0.0135 1416.02
274 5.05162e-08 0.014 -517.489
274 5.05162e-08 0.0145 -1372.96
274 5.05162e-08 0.015 -1533.29
274 5.05162e-08 0.0155 -4622.9
274 5.05162e-08 0.016 -4851.83
274 5.05162e-08 0.0165 -2997.75
274 5.05162e-08 0.017 -1951.78
274 5.05162e-08 0.0175 -1276.5
274 5.05162e-08 0.018 -4872.57
274 5.05162e-08 0.0185 -4843.35
274 5.05162e-08 0.019 -4391.09
274 5.05162e-08 0.0195 -4604.64
274 5.05162e-08 0.02 -3818.06
274 5.05162e-08 0.0205 -4467.61
274 5.05162e-08 0.021 -6223.51
274 5.05162e-08 0.0215 -5372.35
274 5.05162e-08 0.022 -6251.16
274 5.05162e-08 0.0225 -5306.57
274 5.05162e-08 0.023 -5344.84
274 5.05162e-08 0.0235 -3344.59
274 5.05162e-08 0.024 -4007.34
274 5.05162e-08 0.0245 -2943.93
274 5.05162e-08 0.025 -3450.18
274 5.05162e-08 0.0255 -3109.32
274 5.05162e-08 0.026 -665.192
274 5.05162e-08 0.0265 -2751.14
274 5.05162e-08 0.027 -820.27
274 5.05162e-08 0.0275 1323.11
274 5.05162e-08 0.028 1202.84
274 5.05162e-08 0.0285 -432.917
274 5.05162e-08 0.029 -414.514
274 5.05162e-08 0.0295 -49.2468
274 5.05162e-08 0.03 1592.34
274 5.05162e-08 0.0305 -1026.79
274 5.05162e-08 0.031 -2081.66
274 5.05162e-08 0.0315 -1321.08
274 5.05162e-08 0.032 -956.922
274 5.05162e-08 0.0325 -1846.35
274 5.05162e-08 0.033 -2010
274 5.05162e-08 0.0335 -2579.35
274 5.05162e-08 0.034 -412.535
274 5.05162e-08 0.0345 689.21
274 5.05162e-08 0.035 1094.75
274 5.05162e-08 0.0355 -830.636
274 5.05162e-08 0.036 -1302.63
274 5.05162e-08 0.0365 -1402.36
274 5.05162e-08 0.037 268.325
274 5.05162e-08 0.0375 301.982
274 5.05162e-08 0.038 -439.128
274 5.05162e-08 0.0385 -2860.87
274 5.05162e-08 0.039 -274.831
274 5.05162e-08 0.0395 -2197.93
274 5.05162e-08 0.04 -1183.45
274 5.05162e-08 0.0405 1114.85
274 5.05162e-08 0.041 1451.46
274 5.05162e-08 0.0415 3200.71
274 5.05162e-08 0.042 1714.07
274 5.05162e-08 0.0425 4358.91
274 5.05162e-08 0.043 2142.87
274 5.05162e-08 0.0435 2456.58
274 5.05162e-08 0.044 3605.54
274 5.05162e-08 0.0445 956.52
274 5.05162e-08 0.045 428.658
274 5.05162e-08 0.0455 3260.03
274 5.05162e-08 0.046 1405.58
274 5.05162e-08 0.0465 1366.39
274 5.05162e-08 0.047 3715.2
274 5.05162e-08 0.0475 3708.25
274 5.05162e-08 0.048 2159.71
274 5.05162e-08 0.0485 1896.78
274 5.05162e-08 0.049 3801.07
274 5.05162e-08 0.0495 4084.87
274 5.05162e-08 0.05 3607.53
274 5.05162e-08 0.0505 3697.57
274 5.05162e-08 0.051 2010.7
274 5.05162e-08 0.0515 1024.31
274 5.05162e-08 0.052 -1092.42
274 5.05162e-08 0.0525 -881.268
274 5.05162e-08 0.053 -478.062
274 5.05162e-08 0.0535 -1283.4
274 5.05162e-08 0.054 -2621.67
274 5.05162e-08 0.0545 -1825.19
274 5.05162e-08 0.055 847.043
274 5.05162e-08 0.0555 3626.82
274 5.05162e-08 0.056 3408.75
274 5.05162e-08 0.0565 3176.52
274 5.05162e-08 0.057 5074.66
274 5.05162e-08 0.0575 3673.56
274 5.05162e-08 0.058 3166.36
274 5.05162e-08 0.0585 1847.79
274 5.05162e-08 0.059 -108.239
274 5.05162e-08 0.0595 1111.62
274 5.05162e-08 0.06 -9.78893
274 5.05162e-08 0.0605 -279.654
274 5.05162e-08 0.061 1067.95
274 5.05162e-08 0.0615 1130.88
274 5.05162e-08 0.062 1977.21
274 5.05162e-08 0.0625 333.629
274 5.05162e-08 0.063 687.363
274 5.05162e-08 0.0635 -631.934
274 5.05162e-08 0.064 1148.11
274 5.05162e-08 0.0645 908.592
274 5.05162e-08 0.065 1509.69
274 5.05162e-08 0.0655 -720.19
274 5.05162e-08 0.066 -1863.54
274 5.05162e-08 0.0665 -1334.68
274 5.05162e-08 0.067 -168.048
274 5.05162e-08 0.0675 -348.833
274 5.05162e-08 0.068 -2078.02
274 5.05162e-08 0.0685 -1589.41
274 5.05162e-08 0.069 -236.295
274 5.05162e-08 0.0695 -308.28
274 5.05162e-08 0.07 -2036.89
274 5.05162e-08 0.0705 -1719.59
274 5.05162e-08 0.071 340.328
274 5.05162e-08 0.0715 -1663.27
274 5.05162e-08 0.072 -1401.3
274 5.05162e-08 0.0725 -979.255
274 5.05162e-08 0.073 -1008.71
274 5.05162e-08 0.0735 297.595
274 5.05162e-08 0.074 -1378.09
274 5.05162e-08 0.0745 2376.22
274 5.05162e-08 0.075 1876.15
274 5.05162e-08 0.0755 1904.71
274 5.05162e-08 0.076 3058.47
274 5.05162e-08 0.0765 5090.43
274 5.05162e-08 0.077 2798.64
274 5.05162e-08 0.0775 -408.628
274 5.05162e-08 0.078 2825.69
274 5.05162e-08 0.0785 1987.68
274 5.05162e-08 0.079 -94.7973
274 5.05162e-08 0.0795 -973.402
274 5.05162e-08 0.08 1966.72
274 5.05162e-08 0.0805 1384.08
274 5.05162e-08 0.081 401.577
274 5.05162e-08 0.0815 1900.97
274 5.05162e-08 0.082 10887.8
274 5.05162e-08 0.0825 21182.3
274 5.05162e-08 0.083 34767.6
274 5.05162e-08 0.0835 48207.8
274 5.05162e-08 0.084 61720.6
274 5.05162e-08 0.0845 71811.7
274 5.05162e-08 0.085 26543.6
274 5.05162e-08 0.0855 0
274 5.05162e-08 0.086 0
274 5.05162e-08 0.0865 0
274 5.05162e-08 0.087 0
274 5.05162e-08 0.0875 0
274 5.05162e-08 0.088 0
274 5.05162e-08 0.0885 0
274 5.05162e-08 0.089 0
274 5.05162e-08 0.0895 0
274 5.05162e-08 0.09 0
274 5.05162e-08 0.0905 0
274 5.05162e-08 0.091 0
274 5.05162e-08 0.0915 0
274 5.05162e-08 0.092 0
274 5.05162e-08 0.0925 0
274 5.05162e-08 0.093 0
274 5.05162e-08 0.0935 0
274 5.05162e-08 0.094 0
274 5.05162e-08 0.0945 0
274 5.05162e-08 0.095 0
299 5.51254e-08 0 0
299 5.51254e-08 0.0005 0
299 5.51254e-08 0.001 0
299 5.51254e-08 0.0015 0
299 5.51254e-08 0.002 0
299 5.51254e-08 0.0025 0
299 5.51254e-08 0.003 0
299 5.51254e-08 0.0035 0
299 5.51254e-08 0.004 0
299 5.51254e-08 0.0045 0
299 5.51254e-08 0.005 0
299 5.51254e-08 0.0055 0
299 5.51254e-08 0.006 0
299 5.51254e-08 0.0065 0
299 5.51254e-08 0.007 0
299 5.51254e-08 0.0075 0
299 5.51254e-08 0.008 0
299 5.51254e-08 0.0085 0
299 5.51254e-08 0.009 0
299 5.51254e-08 0.0095 0
299 5.51254e-08 0.01 -46654.8
299 5.51254e-08 0.0105 -57623.1
299 5.51254e-08 0.011 -44075.7
299 5.51254e-08 0.0115 -31977.7
299 5.51254e-08 0.012 -20001.8
299 5.51254e-08 0.0125 -9598.83
299 5.51254e-08 0.013 -2634.5
299 5.51254e-08 0.0135 868.932
299 5.51254e-08 0.014 856.286
299 5.51254e-08 0.0145 -1074.14
299 5.51254e-08 0.015 -63.3794
299 5.51254e-08 0.0155 562.464
299 5.51254e-08 0.016 1886.76
299 5.51254e-08 0.0165 3355.12
299 5.51254e-08 0.017 1303.66
299 5.51254e-08 0.0175 1689.76
299 5.51254e-08 0.018 2232.71
299 5.51254e-08 0.0185 2782.61
299 5.51254e-08 0.019 4063.44
299 5.51254e-08 0.0195 4593.08
299 5.51254e-08 0.02 4860.12
299 5.51254e-08 0.0205 4080.34
299 5.51254e-08 0.021 4480.42
299 5.51254e-08 0.0215 5788.82
299 5.51254e-08 0.022 6021.72
299 5.51254e-08 0.0225 6986.16
299 5.51254e-08 0.023 6466.21
299 5.51254e-08 0.0235 6787.06
299 5.51254e-08 0.024 5323.83
299 5.51254e-08 0.0245 5446.44
299 5.51254e-08 0.025 3410.55
299 5.51254e-08 0.0255 3611.1
299 5.51254e-08 0.026 4100.82
299 5.51254e-08 0.0265 2447.55
299 5.51254e-08 0.027 2648.45
299 5.51254e-08 0.0275 2661.24
299 5.51254e-08 0.028 -235.344
299 5.51254e-08 0.0285 1223.88
299 5.51254e-08 0.029 2044.7
299 5.51254e-08 0.0295 3304.09
299 5.51254e-08 0.03 1453.05
299 5.51254e-08 0.0305 2135.97
299 5.51254e-08 0.031 1704.19
299 5.51254e-08 0.0315 1164.27
299 5.51254e-08 0.032 945.486
299 5.51254e-08 0.0325 217.576
299 5.51254e-08 0.033 -381.905
299 5.51254e-08 0.0335 518.397
299 5.51254e-08 0.034 2945.65
299 5.51254e-08 0.0345 1429.36
299 5.51254e-08 0.035 1548.66
299 5.51254e-08 0.0355 -3.45908
299 5.51254e-08 0.036 -64.4874
299 5.51254e-08 0.0365 2173.56
299 5.51254e-08 0.037 2646.84
299 5.51254e-08 0.0375 309.046
299 5.51254e-08 0.038 3410.93
299 5.51254e-08 0.0385 2700.58
299 5.51254e-08 0.039 3319.03
299 5.51254e-08 0.0395 675.562
299 5.51254e-08 0.04 358.696
299 5.51254e-08 0.0405 512.064
299 5.51254e-08 0.041 -123.682
299 5.51254e-08 0.0415 965.114
299 5.51254e-08 0.042 -894.971
299 5.51254e-08 0.0425 -2211.58
299 5.51254e-08 0.043 -4042.97
299 5.51254e-08 0.0435 -1465.93
299 5.51254e-08 0.044 118.577
299 5.51254e-08 0.0445 -1045.37
299 5.51254e-08 0.045 -2167.7
299 5.51254e-08 0.0455 -1858.27
299 5.51254e-08 0.046 -290.018
299 5.51254e-08 0.0465 -1945.54
299 5.51254e-08 0.047 -3662.71
299 5.51254e-08 0.0475 -2235.75
299 5.51254e-08 0.048 -2849.32
299 5.51254e-08 0.0485 -1388.4
299 5.51254e-08 0.049 -2238.27
299 5.51254e-08 0.0495 -1911.92
299 5.51254e-08 0.05 -805.877
299 5.51254e-08 0.0505 -1173.42
299 5.51254e-08 0.051 -2808.64
299 5.51254e-08 0.0515 -945.221
299 5.51254e-08 0.052 2526.18
299 5.51254e-08 0.0525 3508.06
299 5.51254e-08 0.053 4438.81
299 5.51254e-08 0.0535 3700.13
299 5.51254e-08 0.054 2953.47
299 5.51254e-08 0.0545 2145.76
299 5.51254e-08 0.055 -305.475
299 5.51254e-08 0.0555 635.398
299 5.51254e-08 0.056 863.161
299 5.51254e-08 0.0565 -1258.76
299 5.51254e-08 0.057 -1758.41
299 5.51254e-08 0.0575 -3964.62
299 5.51254e-08 0.058 -2676.73
299 5.51254e-08 0.0585 -2271.45
299 5.51254e-08 0.059 -2150.13
299 5.51254e-08 0.0595 -1580.51
299 5.51254e-08 0.06 -1186.44
299 5.51254e-08 0.0605 39.1445
299 5.51254e-08 0.061 -1958.36
299 5.51254e-08 0.0615 -1691.81
299 5.51254e-08 0.062 -131.953
299 5.51254e-08 0.0625 1042.72
299 5.51254e-08 0.063 1367.43
299 5.51254e-08 0.0635 77.0217
299 5.51254e-08 0.064 -500.086
299 5.51254e-08 0.0645 -803.463
299 5.51254e-08 0.065 -2602.69
299 5.51254e-08 0.0655 -1134.52
299 5.51254e-08 0.066 2129.98
299 5.51254e-08 0.0665 2605.96
299 5.51254e-08 0.067 2877.36
299 5.51254e-08 0.0675 2400.98
299 5.51254e-08 0.068 623.516
299 5.51254e-08 0.0685 1314.48
299 5.51254e-08 0.069 2070.05
299 5.51254e-08 0.0695 1229.84
299 5.51254e-08 0.07 1316.74
299 5.51254e-08 0.0705 2673.55
299 5.51254e-08 0.071 2645.97
299 5.51254e-08 0.0715 1106.06
299 5.51254e-08 0.072 1191.14
299 5.51254e-08 0.0725 2391.73
299 5.51254e-08 0.073 2207.57
299 5.51254e-08 0.0735 3298.75
299 5.51254e-08 0.074 720.386
299 5.51254e-08 0.0745 -492.653
299 5.51254e-08 0.075 -678.74
299 5.51254e-08 0.0755 -730.978
299 5.51254e-08 0.076 -982.315
299 5.51254e-08 0.0765 -562.115
299 5.51254e-08 0.077 -1335.87
299 5.51254e-08 0.0775 -1219.87
299 5.51254e-08 0.078 -565.324
299 5.51254e-08 0.0785 -791.878
299 5.51254e-08 0.079 -1845.96
299 5.51254e-08 0.0795 -1659.84
299 5.51254e-08 0.08 -2172.5
299 5.51254e-08 0.0805 -1254.93
299 5.51254e-08 0.081 -571.267
299 5.51254e-08 0.0815 -349.007
299 5.51254e-08 0.082 359.894
299 5.51254e-08 0.0825 2241.4
299 5.51254e-08 0.083 9158.28
299 5.51254e-08 0.0835 20677.5
299 5.51254e-08 0.084 33815.7
299 5.51254e-08 0.0845 43999.5
299 5.51254e-08 0.085 17323.2
299 5.51254e-08 0.0855 0
299 5.51254e-08 0.086 0
299 5.51254e-08 0.0865 0
299 5.51254e-08 0.087 0
299 5.51254e-08 0.0875 0
299 5.51254e-08 0.088 0
299 5.51254e-08 0.0885 0
299 5.51254e-08 0.089 0
299 5.51254e-08 0.0895 0
299 5.51254e-08 0.09 0
299 5.51254e-08 0.0905 0
299 5.51254e-08 0.091 0
299 5.51254e-08 0.0915 0
299 5.51254e-08 0.092 0
299 5.51254e-08 0.0925 0
299 5.51254e-08 0.093 0
299 5.51254e-08 0.0935 0
299 5.51254e-08 0.094 0
299 5.51254e-08 0.0945 0
299 5.51254e-08 0.095 0
324 5.97345e-08 0 0
324 5.97345e-08 0.0005 0
324 5.97345e-08 0.001 0
324 5.97345e-08 0.0015 0
324 5.97345e-08 0.002 0
324 5.97345e-08 0.0025 0
324 5.97345e-08 0.003 0
324 5.97345e-08 0.0035 0
324 5.97345e-08 0.004 0
324 5.97345e-08 0.0045 0
324 5.97345e-08 0.005 0
324 5.97345e-08 0.0055 0
324 5.97345e-08 0.006 0
324 5.97345e-08 0.0065 0
324 5.97345e-08 0.007 0
324 5.97345e-08 0.0075 0
324 5.97345e-08 0.008 0
324 5.97345e-08 0.0085 0
324 5.97345e-08 0.009 0
324 5.97345e-08 0.0095 0
324 5.97345e-08 0.01 -60213.8
324 5.97345e-08 0.0105 -43430.1
324 5.97345e-08 0.011 -30174.3
324 5.97345e-08 0.0115 -18548.2
324 5.97345e-08 0.012 -8076.21
324 5.97345e-08 0.0125 -1912.31
324 5.97345e-08 0.013 -172.778
324 5.97345e-08 0.0135 2280.76
324 5.97345e-08 0.014 -550.811
324 5.97345e-08 0.0145 -1406.3
324 5.97345e-08 0.015 -823.899
324 5.97345e-08 0.0155 54.7497
324 5.97345e-08 0.016 -1585.24
324 5.97345e-08 0.0165 -316.322
324 5.97345e-08 0.017 355.961
324 5.97345e-08 0.0175 -361.61
324 5.97345e-08 0.018 -2555.66
324 5.97345e-08 0.0185 -5160.5
324 5.97345e-08 0.019 -4346.59
324 5.97345e-08 0.0195 -5556.65
324 5.97345e-08 0.02 -4664.71
324 5.97345e-08 0.0205 -5669.31
324 5.97345e-08 0.021 -5440.69
324 5.97345e-08 0.0215 -5876.27
324 5.97345e-08 0.022 -6416.02
324 5.97345e-08 0.0225 -5875.49
324 5.97345e-08 0.023 -4919.33
324 5.97345e-08 0.0235 -4323.97
324 5.97345e-08 0.024 -4973.81
324 5.97345e-08 0.0245 -5206.62
324 5.97345e-08 0.025 -4466.01
324 5.97345e-08 0.0255 -3693.37
324 5.97345e-08 0.026 -4025.03
324 5.97345e-08 0.0265 -3065.47
324 5.97345e-08 0.027 -3238.57
324 5.97345e-08 0.0275 -1553.38
324 5.97345e-08 0.028 -1988.62
324 5.97345e-08 0.0285 -3380.69
324 5.97345e-08 0.029 -3172.01
324 5.97345e-08 0.0295 -3081.08
324 5.97345e-08 0.03 -1948.01
324 5.97345e-08 0.0305 -1342.45
324 5.97345e-08 0.031 184.378
324 5.97345e-08 0.0315 -828.824
324 5.97345e-08 0.032 -934.815
324 5.97345e-08 0.0325 -1262.72
324 5.97345e-08 0.033 -2614.28
324 5.97345e-08 0.0335 -2619.11
324 5.97345e-08 0.034 551.124
324 5.97345e-08 0.0345 -1010.02
324 5.97345e-08 0.035 -679.864
324 5.97345e-08 0.0355 -805.219
324 5.97345e-08 0.036 -4304.47
324 5.97345e-08 0.0365 -2248.88
324 5.97345e-08 0.037 -1812.69
324 5.97345e-08 0.0375 -2163.24
324 5.97345e-08 0.038 -1283.98
324 5.97345e-08 0.0385 -1696.61
324 5.97345e-08 0.039 -594.265
324 5.97345e-08 0.0395 -2179.62
324 5.97345e-08 0.04 -960.808
324 5.97345e-08 0.0405 -1228.97
324 5.97345e-08 0.041 -698.159
324 5.97345e-08 0.0415 -57.3153
324 5.97345e-08 0.042 553.621
324 5.97345e-08 0.0425 2240.01
324 5.97345e-08 0.043 -584.236
324 5.97345e-08 0.0435 982.909
324 5.97345e-08 0.044 2097.06
324 5.97345e-08 0.0445 1047.96
324 5.97345e-08 0.045 1812.33
324 5.97345e-08 0.0455 3173.86
324 5.97345e-08 0.046 3465.09
324 5.97345e-08 0.0465 2470.89
324 5.97345e-08 0.047 3204.21
324 5.97345e-08 0.0475 2936.63
324 5.97345e-08 0.048 1352.21
324 5.97345e-08 0.0485 264.565
324 5.97345e-08 0.049 -455.253
324 5.97345e-08 0.0495 -1002.12
324 5.97345e-08 0.05 -2123.84
324 5.97345e-08 0.0505 -1780.7
324 5.97345e-08 0.051 -1810.98
324 5.97345e-08 0.0515 -1998.99
324 5.97345e-08 0.052 -2426.42
324 5.97345e-08 0.0525 -3025.35
324 5.97345e-08 0.053 -4140.09
324 5.97345e-08 0.0535 -2184.2
324 5.97345e-08 0.054 -2830.92
324 5.97345e-08 0.0545 -2432.83
324 5.97345e-08 0.055 -2119
324 5.97345e-08 0.0555 -313.207
324 5.97345e-08 0.056 374.813
324 5.97345e-08 0.0565 384.984
324 5.97345e-08 0.057 1546.93
324 5.97345e-08 0.0575 297.571
324 5.97345e-08 0.058 -51.9754
324 5.97345e-08 0.0585 -276.719
324 5.97345e-08 0.059 1881.55
324 5.97345e-08 0.0595 2149.23
324 5.97345e-08 0.06 2297.29
324 5.97345e-08 0.0605 408.597
324 5.97345e-08 0.061 925.117
324 5.97345e-08 0.0615 819.457
324 5.97345e-08 0.062 155.846
324 5.97345e-08 0.0625 190.608
324 5.97345e-08 0.063 913.727
324 5.97345e-08 0.0635 121.769
324 5.97345e-08 0.064 -334.293
324 5.97345e-08 0.0645 -2125.79
324 5.97345e-08 0.065 -1858
324 5.97345e-08 0.0655 -1770.79
324 5.97345e-08 0.066 -1462.01
324 5.97345e-08 0.0665 -1956.38
324 5.97345e-08 0.067 -2604.77
324 5.97345e-08 0.0675 -3227.58
324 5.97345e-08 0.068 -2606.45
324 5.97345e-08 0.0685 -2825.92
324 5.97345e-08 0.069 -976.843
324 5.97345e-08 0.0695 -1704.04
324 5.97345e-08 0.07 -1754.56
324 5.97345e-08 0.0705 -869.914
324 5.97345e-08 0.071 -2176.03
324 5.97345e-08 0.0715 -2296.97
324 5.97345e-08 0.072 -1342.91
324 5.97345e-08 0.0725 -1755.54
324 5.97345e-08 0.073 -1666.73
324 5.97345e-08 0.0735 -471.058
324 5.97345e-08 0.074 -1340.77
324 5.97345e-08 0.0745 -974.84
324 5.97345e-08 0.075 -1122.01
324 5.97345e-08 0.0755 -1007.91
324 5.97345e-08 0.076 -907.8
324 5.97345e-08 0.0765 904.219
324 5.97345e-08 0.077 1427.71
324 5.97345e-08 0.0775 1583.61
324 5.97345e-08 0.078 1354.79
324 5.97345e-08 0.0785 669.994
324 5.97345e-08 0.079 1068.14
324 5.97345e-08 0.0795 -111.137
324 5.97345e-08 0.08 1098.57
324 5.97345e-08 0.0805 2366.14
324 5.97345e-08 0.081 846.999
324 5.97345e-08 0.0815 -1659.95
324 5.97345e-08 0.082 279.556
324 5.97345e-08 0.0825 8417.66
324 5.97345e-08 0.083 20234.3
324 5.97345e-08 0.0835 33201.3
324 5.97345e-08 0.084 46426
324 5.97345e-08 0.0845 56694.9
324 5.97345e-08 0.085 21585.1
324 5.97345e-08 0.0855 0
324 5.97345e-08 0.086 0
324 5.97345e-08 0.0865 0
324 5.97345e-08 0.087 0
324 5.97345e-08 0.0875 0
324 5.97345e-08 0.088 0
324 5.97345e-08 0.0885 0
324 5.97345e-08 0.089 0
324 5.97345e-08 0.0895 0
324 5.97345e-08 0.09 0
324 5.97345e-08 0.0905 0
324 5.97345e-08 0.091 0
324 5.97345e-08 0.0915 0
324 5.97345e-08 0.092 0
324 5.97345e-08 0.0925 0
324 5.97345e-08 0.093 0
324 5.97345e-08 0.0935 0
324 5.97345e-08 0.094 0
324 5.97345e-08 0.0945 0
324 5.97345e-08 0.095 0
349 6.43437e-08 0 0
349 6.43437e-08 0.0005 0
349 6.43437e-08 0.001 0
349 6.43437e-08 0.0015 0
349 6.43437e-08 0.002 0
349 6.43437e-08 0.0025 0
349 6.43437e-08 0.003 0
349 6.43437e-08 0.0035 0
349 6.43437e-08 0.004 0
349 6.43437e-08 0.0045 0
349 6.43437e-08 0.005 0
349 6.43437e-08 0.0055 0
349 6.43437e-08 0.006 0
349 6.43437e-08 0.0065 0
349 6.43437e-08 0.007 0
349 6.43437e-08 0.0075 0
349 6.43437e-08 0.008 0
349 6.43437e-08 0.0085 0
349 6.43437e-08 0.009 0
349 6.43437e-08 0.0095 0
349 6.43437e-08 0.01 -100849
349 6.43437e-08 0.0105 -82633.9
349 6.43437e-08 0.011 -69420.7
349 6.43437e-08 0.0115 -57742.8
349 6.43437e-08 0.012 -45744
349 6.43437e-08 0.0125 -34068.4
349 6.43437e-08 0.013 -22538.7
349 6.43437e-08 0.0135 -10632.1
349 6.43437e-08 0.014 -3377.12
349 6.43437e-08 0.0145 -519.308
349 6.43437e-08 0.015 353.163
349 6.43437e-08 0.0155 582.454
349 6.43437e-08 0.016 374.921
349 6.43437e-08 0.0165 -571.079
349 6.43437e-08 0.017 -197.84
349 6.43437e-08 0.0175 -1114.64
349 6.43437e-08 0.018 -100.984
349 6.43437e-08 0.0185 2210.88
349 6.43437e-08 0.019 2017.99
349 6.43437e-08 0.0195 1710.55
349 6.43437e-08 0.02 1694.33
349 6.43437e-08 0.0205 2844.78
349 6.43437e-08 0.021 3188.29
349 6.43437e-08 0.0215 5277.2
349 6.43437e-08 0.022 6393.9
349 6.43437e-08 0.0225 7085.87
349 6.43437e-08 0.023 5446.91
349 6.43437e-08 0.0235 5930.55
349 6.43437e-08 0.024 4198.49
349 6.43437e-08 0.0245 4570.11
349 6.43437e-08 0.025 4401.22
349 6.43437e-08 0.0255 3585
349 6.43437e-08 0.026 4114.63
349 6.43437e-08 0.0265 2821.94
349 6.43437e-08 0.027 3449.87
349 6.43437e-08 0.0275 4889.6
349 6.43437e-08 0.028 4710.92
349 6.43437e-08 0.0285 4413.33
349 6.43437e-08 0.029 4710.98
349 6.43437e-08 0.0295 4489.84
349 6.43437e-08 0.03 3763.15
349 6.43437e-08 0.0305 1507.47
349 6.43437e-08 0.031 1529.76
349 6.43437e-08 0.0315 1977.32
349 6.43437e-08 0.032 2437.5
349 6.43437e-08 0.0325 1572.26
349 6.43437e-08 0.033 1878.64
349 6.43437e-08 0.0335 1410.25
349 6.43437e-08 0.034 1810.94
349 6.43437e-08 0.0345 1340.22
349 6.43437e-08 0.035 756.314
349 6.43437e-08 0.0355 -1296.13
349 6.43437e-08 0.036 -1341.81
349 6.43437e-08 0.0365 1654.01
349 6.43437e-08 0.037 3533.26
349 6.43437e-08 0.0375 1561.72
349 6.43437e-08 0.038 669.813
349 6.43437e-08 0.0385 1651.57
349 6.43437e-08 0.039 1673.07
349 6.43437e-08 0.0395 624.197
349 6.43437e-08 0.04 1912.56
349 6.43437e-08 0.0405 2998.77
349 6.43437e-08 0.041 3423.61
349 6.43437e-08 0.0415 2559.5
349 6.43437e-08 0.042 3134.7
349 6.43437e-08 0.0425 2734.16
349 6.43437e-08 0.043 973.659
349 6.43437e-08 0.0435 -481.934
349 6.43437e-08 0.044 -928.507
349 6.43437e-08 0.0445 -2050.7
349 6.43437e-08 0.045 -2274.49
349 6.43437e-08 0.0455 -2082.63
349 6.43437e-08 0.046 -4153.95
349 6.43437e-08 0.0465 -5735.66
349 6.43437e-08 0.047 -3146.99
349 6.43437e-08 0.0475 -1016.09
349 6.43437e-08 0.048 -3148.52
349 6.43437e-08 0.0485 -2892.31
349 6.43437e-08 0.049 -1801.87
349 6.43437e-08 0.0495 -71.931
349 6.43437e-08 0.05 -645.322
349 6.43437e-08 0.0505 25.8587
349 6.43437e-08 0.051 488.151
349 6.43437e-08 0.0515 1291.25
349 6.43437e-08 0.052 2703.93
349 6.43437e-08 0.0525 3942.28
349 6.43437e-08 0.053 6174.42
349 6.43437e-08 0.0535 5886.08
349 6.43437e-08 0.054 2882.46
349 6.43437e-08 0.0545 2679.88
349 6.43437e-08 0.055 3411.66
349 6.43437e-08 0.0555 1557.08
349 6.43437e-08 0.056 -239.165
349 6.43437e-08 0.0565 1393.07
349 6.43437e-08 0.057 2221.6
349 6.43437e-08 0.0575 13.4169
349 6.43437e-08 0.058 3284
349 6.43437e-08 0.0585 3168.07
349 6.43437e-08 0.059 1370.28
349 6.43437e-08 0.0595 628.797
349 6.43437e-08 0.06 530.494
349 6.43437e-08 0.0605 -151.207
349 6.43437e-08 0.061 -391.562
349 6.43437e-08 0.0615 -735.948
349 6.43437e-08 0.062 -1238.26
349 6.43437e-08 0.0625 -918.157
349 6.43437e-08 0.063 102.957
349 6.43437e-08 0.0635 -830.781
349 6.43437e-08 0.064 -675.991
349 6.43437e-08 0.0645 -557.837
349 6.43437e-08 0.065 1150.77
349 6.43437e-08 0.0655 2049.6
349 6.43437e-08 0.066 2300.41
349 6.43437e-08 0.0665 1764.18
349 6.43437e-08 0.067 1570.87
349 6.43437e-08 0.0675 2490.26
349 6.43437e-08 0.068 1210.7
349 6.43437e-08 0.0685 1731.03
349 6.43437e-08 0.069 3901.43
349 6.43437e-08 0.0695 1151.71
349 6.43437e-08 0.07 845.816
349 6.43437e-08 0.0705 -435.626
349 6.43437e-08 0.071 823.712
349 6.43437e-08 0.0715 1303.56
349 6.43437e-08 0.072 2497.07
349 6.43437e-08 0.0725 1877.59
349 6.43437e-08 0.073 2392.12
349 6.43437e-08 0.0735 3125.68
349 6.43437e-08 0.074 1030.41
349 6.43437e-08 0.0745 540.138
349 6.43437e-08 0.075 1025.8
349 6.43437e-08 0.0755 672.625
349 6.43437e-08 0.076 564.494
349 6.43437e-08 0.0765 1625.71
349 6.43437e-08 0.077 1904.56
349 6.43437e-08 0.0775 -542.925
349 6.43437e-08 0.078 -283.789
349 6.43437e-08 0.0785 -241.876
349 6.43437e-08 0.079 -695.03
349 6.43437e-08 0.0795 510.76
349 6.43437e-08 0.08 -606.069
349 6.43437e-08 0.0805 521.505
349 6.43437e-08 0.081 121.697
349 6.43437e-08 0.0815 -1200.97
349 6.43437e-08 0.082 -2104.06
349 6.43437e-08 0.0825 -968.968
349 6.43437e-08 0.083 -879.626
349 6.43437e-08 0.0835 214.581
349 6.43437e-08 0.084 7758.82
349 6.43437e-08 0.0845 16359.1
349 6.43437e-08 0.085 8018.6
349 6.43437e-08 0.0855 0
349 6.43437e-08 0.086 0
349 6.43437e-08 0.0865 0
349 6.43437e-08 0.087 0
349 6.43437e-08 0.0875 0
349 6.43437e-08 0.088 0
349 6.43437e-08 0.0885 0
349 6.43437e-08 0.089 0
349 6.43437e-08 0.0895 0
349 6.43437e-08 0.09 0
349 6.43437e-08 0.0905 0
349 6.43437e-08 0.091 0
349 6.43437e-08 0.0915 0
349 6.43437e-08 0.092 0
349 6.43437e-08 0.0925 0
349 6.43437e-08 0.093 0
349 6.43437e-08 0.0935 0
349 6.43437e-08 0.094 0
349 6.43437e-08 0.0945 0
349 6.43437e-08 0.095 0
374 6.89528e-08 0 0
374 6.89528e-08 0.0005 0
374 6.89528e-08 0.001 0
374 6.89528e-08 0.0015 0
374 6.89528e-08 0.002 0
374 6.89528e-08 0.0025 0
374 6.89528e-08 0.003 0
374 6.89528e-08 0.0035 0
374 6.89528e-08 0.004 0
374 6.89528e-08 0.0045 0
374 6.89528e-08 0.005 0
374 6.89528e-08 0.0055 0
374 6.89528e-08 0.006 0
374 6.89528e-08 0.0065 0
374 6.89528e-08 0.007 0
374 6.89528e-08 0.0075 0
374 6.89528e-08 0.008 0
374 6.89528e-08 0.0085 0
374 6.89528e-08 0.009 0
374 6.89528e-08 0.0095 0
374 6.89528e-08 0.01 -68343.3
374 6.89528e-08 0.0105 -52970
374 6.89528e-08 0.011 -39955.1
374 6.89528e-08 0.0115 -28516.6
374 6.89528e-08 0.012 -16762.6
374 6.89528e-08 0.0125 -6446.27
374 6.89528e-08 0.013 521.165
374 6.89528e-08 0.0135 2548.94
374 6.89528e-08 0.014 1247.37
374 6.89528e-08 0.0145 335.006
374 6.89528e-08 0.015 269.506
374 6.89528e-08 0.0155 1187.68
374 6.89528e-08 0.016 1846.25
374 6.89528e-08 0.0165 1992.65
374 6.89528e-08 0.017 -341.999
374 6.89528e-08 0.0175 740.099
374 6.89528e-08 0.018 -1776.97
374 6.89528e-08 0.0185 -2744.55
374 6.89528e-08 0.019 -1670.74
374 6.89528e-08 0.0195 -2139.04
374 6.89528e-08 0.02 -3208.56
374 6.89528e-08 0.0205 -2843.02
374 6.89528e-08 0.021 -3554.97
374 6.89528e-08 0.0215 -4253.82
374 6.89528e-08 0.022 -3548.28
374 6.89528e-08 0.0225 -2532.17
374 6.89528e-08 0.023 -1912.11
374 6.89528e-08 0.0235 -1997.2
374 6.89528e-08 0.024 -3686.23
374 6.89528e-08 0.0245 -2933.82
374 6.89528e-08 0.025 -3614.74
374 6.89528e-08 0.0255 -4053.16
374 6.89528e-08 0.026 -3941.17
374 6.89528e-08 0.0265 -3649.38
374 6.89528e-08 0.027 -4022.46
374 6.89528e-08 0.0275 -3048.55
374 6.89528e-08 0.028 -1180.58
374 6.89528e-08 0.0285 -1124.45
374 6.89528e-08 0.029 -2657.22
374 6.89528e-08 0.0295 -1891.75
374 6.89528e-08 0.03 -1064.44
374 6.89528e-08 0.0305 -766.416
374 6.89528e-08 0.031 -2883.43
374 6.89528e-08 0.0315 -1702.99
374 6.89528e-08 0.032 595.897
374 6.89528e-08 0.0325 569.905
374 6.89528e-08 0.033 -570.695
374 6.89528e-08 0.0335 1156.72
374 6.89528e-08 0.034 1005.95
374 6.89528e-08 0.0345 -999.143
374 6.89528e-08 0.035 81.964
374 6.89528e-08 0.0355 -477.72
374 6.89528e-08 0.036 -1928.16
374 6.89528e-08 0.0365 -1049.92
374 6.89528e-08 0.037 423.216
374 6.89528e-08 0.0375 -1213.32
374 6.89528e-08 0.038 -2183.84
374 6.89528e-08 0.0385 -2191.21
374 6.89528e-08 0.039 -1452.1
374 6.89528e-08 0.0395 -1344.39
374 6.89528e-08 0.04 619.021
374 6.89528e-08 0.0405 -299.18
374 6.89528e-08 0.041 -830.471
374 6.89528e-08 0.0415 710.571
374 6.89528e-08 0.042 936.948
374 6.89528e-08 0.0425 2124.05
374 6.89528e-08 0.043 1000.78
374 6.89528e-08 0.0435 2506.34
374 6.89528e-08 0.044 2974.08
374 6.89528e-08 0.0445 4295.25
374 6.89528e-08 0.045 5147.23
374 6.89528e-08 0.0455 4756.12
374 6.89528e-08 0.046 4470.46
374 6.89528e-08 0.0465 4383.18
374 6.89528e-08 0.047 4995.11
374 6.89528e-08 0.0475 5044.17
374 6.89528e-08 0.048 1050.02
374 6.89528e-08 0.0485 -533.017
374 6.89528e-08 0.049 -65.9286
374 6.89528e-08 0.0495 -632.595
374 6.89528e-08 0.05 -1578.72
374 6.89528e-08 0.0505 -1432.07
374 6.89528e-08 0.051 -2115.87
374 6.89528e-08 0.0515 -1627.87
374 6.89528e-08 0.052 -2335.15
374 6.89528e-08 0.0525 -3068.4
374 6.89528e-08 0.053 -2981.11
374 6.89528e-08 0.0535 -1941.29
374 6.89528e-08 0.054 -2280.15
374 6.89528e-08 0.0545 -1998.41
374 6.89528e-08 0.055 -1786.91
374 6.89528e-08 0.0555 -1047.92
374 6.89528e-08 0.056 -2344.56
374 6.89528e-08 0.0565 -1359.09
374 6.89528e-08 0.057 -8.77066
374 6.89528e-08 0.0575 -2103.32
374 6.89528e-08 0.058 -1409.1
374 6.89528e-08 0.0585 -474.818
374 6.89528e-08 0.059 -1318.36
374 6.89528e-08 0.0595 -766.118
374 6.89528e-08 0.06 179.631
374 6.89528e-08 0.0605 -1258.81
374 6.89528e-08 0.061 -1698.61
374 6.89528e-08 0.0615 -522.794
374 6.89528e-08 0.062 -412.333
374 6.89528e-08 0.0625 1746.15
374 6.89528e-08 0.063 2391.65
374 6.89528e-08 0.0635 2666.37
374 6.89528e-08 0.064 547.867
374 6.89528e-08 0.0645 -533.774
374 6.89528e-08 0.065 -1432.65
374 6.89528e-08 0.0655 -1663.94
374 6.89528e-08 0.066 -576.807
374 6.89528e-08 0.0665 -630.728
374 6.89528e-08 0.067 -403.453
374 6.89528e-08 0.0675 536.717
374 6.89528e-08 0.068 589.189
374 6.89528e-08 0.0685 -1090.93
374 6.89528e-08 0.069 -1309.61
374 6.89528e-08 0.0695 -528.136
374 6.89528e-08 0.07 1189
374 6.89528e-08 0.0705 -1159.14
374 6.89528e-08 0.071 -1111.49
374 6.89528e-08 0.0715 -1207.07
374 6.89528e-08 0.072 714.687
374 6.89528e-08 0.0725 542.724
374 6.89528e-08 0.073 -952.388
374 6.89528e-08 0.0735 -143.989
374 6.89528e-08 0.074 -567.577
374 6.89528e-08 0.0745 278.276
374 6.89528e-08 0.075 -7.62751
374 6.89528e-08 0.0755 -338.905
374 6.89528e-08 0.076 -2555.16
374 6.89528e-08 0.0765 -1328.21
374 6.89528e-08 0.077 1212.5
374 6.89528e-08 0.0775 541.116
374 6.89528e-08 0.078 1710.21
374 6.89528e-08 0.0785 2534.87
374 6.89528e-08 0.079 3018.36
374 6.89528e-08 0.0795 1053.77
374 6.89528e-08 0.08 702.534
374 6.89528e-08 0.0805 2546.06
374 6.89528e-08 0.081 3012.24
374 6.89528e-08 0.0815 2025.68
374 6.89528e-08 0.082 1857.21
374 6.89528e-08 0.0825 2448.31
374 6.89528e-08 0.083 9531.93
374 6.89528e-08 0.0835 21044.4
374 6.89528e-08 0.084 33963.2
374 6.89528e-08 0.0845 44378.3
374 6.89528e-08 0.085 17365.6
374 6.89528e-08 0.0855 0
374 6.89528e-08 0.086 0
374 6.89528e-08 0.0865 0
374 6.89528e-08 0.087 0
374 6.89528e-08 0.0875 0
374 6.89528e-08 0.088 0
374 6.89528e-08 0.0885 0
374 6.89528e-08 0.089 0
374 6.89528e-08 0.0895 0
374 6.89528e-08 0.09 0
374 6.89528e-08 0.0905 0
374 6.89528e-08 0.091 0
374 6.89528e-08 0.0915 0
374 6.89528e-08 0.092 0
374 6.89528e-08 0.0925 0
374 6.89528e-08 0.093 0
374 6.89528e-08 0.0935 0
374 6.89528e-08 0.094 0
374 6.89528e-08 0.0945 0
374 6.89528e-08 0.095 0
399 7.35619e-08 0 0
399 7.35619e-08 0.0005 0
399 7.35619e-08 0.001 0
399 7.35619e-08 0.0015 0
399 7.35619e-08 0.002 0
399 7.35619e-08 0.0025 0
399 7.35619e-08 0.003 0
399 7.35619e-08 0.0035 0
399 7.35619e-08 0.004 0
399 7.35619e-08 0.0045 0
399 7.35619e-08 0.005 0
399 7.35619e-08 0.0055 0
399 7.35619e-08 0.006 0
399 7.35619e-08 0.0065 0
399 7.35619e-08 0.007 0
399 7.35619e-08 0.0075 0
399 7.35619e-08 0.008 0
399 7.35619e-08 0.0085 0
399 7.35619e-08 0.009 0
399 7.35619e-08 0.0095 0
399 7.35619e-08 0.01 -31833.8
399 7.35619e-08 0.0105 -37927.3
399 7.35619e-08 0.011 -25325.4
399 7.35619e-08 0.0115 -14814.5
399 7.35619e-08 0.012 -5417.71
399 7.35619e-08 0.0125 -3460.38
399 7.35619e-08 0.013 -2832.75
399 7.35619e-08 0.0135 -3492.22
399 7.35619e-08 0.014 -2670.75
399 7.35619e-08 0.0145 -1779.21
399 7.35619e-08 0.015 -2043.34
399 7.35619e-08 0.0155 -815.537
399 7.35619e-08 0.016 -2003
399 7.35619e-08 0.0165 -1046.7
399 7.35619e-08 0.017 637.708
399 7.35619e-08 0.0175 -117.479
399 7.35619e-08 0.018 -828.38
399 7.35619e-08 0.0185 7.32296
399 7.35619e-08 0.019 421.101
399 7.35619e-08 0.0195 1621.04
399 7.35619e-08 0.02 1607.13
399 7.35619e-08 0.0205 2149.37
399 7.35619e-08 0.021 1591.25
399 7.35619e-08 0.0215 2319.67
399 7.35619e-08 0.022 1258.93
399 7.35619e-08 0.0225 1602.21
399 7.35619e-08 0.023 1822.69
399 7.35619e-08 0.0235 3773.95
399 7.35619e-08 0.024 3441.85
399 7.35619e-08 0.0245 2951.73
399 7.35619e-08 0.025 1282.84
399 7.35619e-08 0.0255 1804.96
399 7.35619e-08 0.026 4276.96
399 7.35619e-08 0.0265 1890.49
399 7.35619e-08 0.027 1136.16
399 7.35619e-08 0.0275 1021.96
399 7.35619e-08 0.028 509.977
399 7.35619e-08 0.0285 468.251
399 7.35619e-08 0.029 823.147
399 7.35619e-08 0.0295 2833.96
399 7.35619e-08 0.03 2100.36
399 7.35619e-08 0.0305 -210.94
399 7.35619e-08 0.031 931.363
399 7.35619e-08 0.0315 1842.66
399 7.35619e-08 0.032 1089.51
399 7.35619e-08 0.0325 -2167.53
399 7.35619e-08 0.033 -1118.53
399 7.35619e-08 0.0335 -1406.68
399 7.35619e-08 0.034 422.151
399 7.35619e-08 0.0345 188.868
399 7.35619e-08 0.035 3.3333
399 7.35619e-08 0.0355 -1114.23
399 7.35619e-08 0.036 -836.275
399 7.35619e-08 0.0365 704.255
399 7.35619e-08 0.037 -821.53
399 7.35619e-08 0.0375 515.591
399 7.35619e-08 0.038 700.818
399 7.35619e-08 0.0385 -205.267
399 7.35619e-08 0.039 1583.42
399 7.35619e-08 0.0395 677.45
399 7.35619e-08 0.04 -953.717
399 7.35619e-08 0.0405 -1243.08
399 7.35619e-08 0.041 -3128.75
399 7.35619e-08 0.0415 -1768.81
399 7.35619e-08 0.042 -2698.49
399 7.35619e-08 0.0425 -3926.6
399 7.35619e-08 0.043 -4901.9
399 7.35619e-08 0.0435 -4827.4
399 7.35619e-08 0.044 -4519.68
399 7.35619e-08 0.0445 -4830.14
399 7.35619e-08 0.045 -5310.88
399 7.35619e-08 0.0455 -3755.1
399 7.35619e-08 0.046 -2787.83
399 7.35619e-08 0.0465 -4223.9
399 7.35619e-08 0.047 -4025.76
399 7.35619e-08 0.0475 -2556.7
399 7.35619e-08 0.048 -3658.97
399 7.35619e-08 0.0485 -1823.26
399 7.35619e-08 0.049 662.909
399 7.35619e-08 0.0495 219.587
399 7.35619e-08 0.05 1014.47
399 7.35619e-08 0.0505 1692.01
399 7.35619e-08 0.051 1252.54
399 7.35619e-08 0.0515 1769.37
399 7.35619e-08 0.052 1607.08
399 7.35619e-08 0.0525 1568.07
399 7.35619e-08 0.053 2500.43
399 7.35619e-08 0.0535 3380.5
399 7.35619e-08 0.054 2585.41
399 7.35619e-08 0.0545 2098.69
399 7.35619e-08 0.055 1061.61
399 7.35619e-08 0.0555 2432.67
399 7.35619e-08 0.056 -582.95
399 7.35619e-08 0.0565 558.156
399 7.35619e-08 0.057 1391.24
399 7.35619e-08 0.0575 735.851
399 7.35619e-08 0.058 3151.9
399 7.35619e-08 0.0585 1514.55
399 7.35619e-08 0.059 1398.94
399 7.35619e-08 0.0595 1257.39
399 7.35619e-08 0.06 1289.96
399 7.35619e-08 0.0605 1295.11
399 7.35619e-08 0.061 1966.28
399 7.35619e-08 0.0615 1737.5
399 7.35619e-08 0.062 212.289
399 7.35619e-08 0.0625 -1542.9
399 7.35619e-08 0.063 -2143.4
399 7.35619e-08 0.0635 -1511.54
399 7.35619e-08 0.064 -1297.68
399 7.35619e-08 0.0645 -1249.78
399 7.35619e-08 0.065 -1770.76
399 7.35619e-08 0.0655 -1647.33
399 7.35619e-08 0.066 -557.987
399 7.35619e-08 0.0665 -928.904
399 7.35619e-08 0.067 431.511
399 7.35619e-08 0.0675 -1000.83
399 7.35619e-08 0.068 -393.677
399 7.35619e-08 0.0685 -1565.51
399 7.35619e-08 0.069 897.05
399 7.35619e-08 0.0695 -490.706
399 7.35619e-08 0.07 711.649
399 7.35619e-08 0.0705 -272.554
399 7.35619e-08 0.071 -69.2529
399 7.35619e-08 0.0715 -178.109
399 7.35619e-08 0.072 -614.239
399 7.35619e-08 0.0725 -1574.36
399 7.35619e-08 0.073 -2030.89
399 7.35619e-08 0.0735 525.959
399 7.35619e-08 0.074 1289.58
399 7.35619e-08 0.0745 283.702
399 7.35619e-08 0.075 -160.456
399 7.35619e-08 0.0755 111.472
399 7.35619e-08 0.076 -313.384
399 7.35619e-08 0.0765 -347.064
399 7.35619e-08 0.077 -69.299
399 7.35619e-08 0.0775 -1147.55
399 7.35619e-08 0.078 -2046.42
399 7.35619e-08 0.0785 -1548.29
399 7.35619e-08 0.079 -3933.63
399 7.35619e-08 0.0795 -4782.66
399 7.35619e-08 0.08 -3372.84
399 7.35619e-08 0.0805 -2300.1
399 7.35619e-08 0.081 -2434.56
399 7.35619e-08 0.0815 -2636.22
399 7.35619e-08 0.082 650.2
399 7.35619e-08 0.0825 9317.47
399 7.35619e-08 0.083 21897.2
399 7.35619e-08 0.0835 34333.9
399 7.35619e-08 0.084 47138.1
399 7.35619e-08 0.0845 57649.9
399 7.35619e-08 0.085 21707.4
399 7.35619e-08 0.0855 0
399 7.35619e-08 0.086 0
399 7.35619e-08 0.0865 0
399 7.35619e-08 0.087 0
399 7.35619e-08 0.0875 0
399 7.35619e-08 0.088 0
399 7.35619e-08 0.0885 0
399 7.35619e-08 0.089 0
399 7.35619e-08 0.0895 0
399 7.35619e-08 0.09 0
399 7.35619e-08 0.0905 0
399 7.35619e-08 0.091 0
399 7.35619e-08 0.0915 0
399 7.35619e-08 0.092 0
399 7.35619e-08 0.0925 0
399 7.35619e-08 0.093 0
399 7.35619e-08 0.0935 0
399 7.35619e-08 0.094 0
399 7.35619e-08 0.0945 0
399 7.35619e-08 0.095 0
