Iteration / Electron np / Ion np
24 9937 10000
49 9494 10000
74 9326 10000
99 9326 10000
124 9326 9999
149 9324 9999
174 9322 9996
199 9318 9993
224 9318 9992
249 9309 9988
274 9307 9985
299 9305 9983
324 9304 9980
349 9294 9977
374 9293 9976
399 9293 9968
424 9288 9963
449 9280 9951
474 9279 9935
499 9274 9923
524 9280 9901
549 9279 9889
574 9281 9873
599 9285 9859
624 9275 9849
649 9273 9835
674 9249 9823
699 9241 9811
724 9242 9800
749 9241 9788
774 9239 9781
799 9237 9769
824 9238 9761
849 9214 9746
874 9186 9733
899 9184 9724
924 9179 9719
949 9183 9704
974 9183 9691
999 9186 9681
1024 9172 9671
1049 9150 9664
1074 9148 9656
1099 9136 9646
1124 9136 9638
1149 9136 9627
1174 9137 9616
1199 9138 9607
1224 9131 9593
1249 9123 9581
1274 9089 9573
1299 9090 9562
1324 9088 9554
1349 9087 9546
1374 9089 9536
1399 9089 9527
1424 9084 9514
1449 9044 9507
1474 9039 9501
1499 9037 9492
1524 9035 9485
1549 9037 9475
1574 9035 9471
1599 9036 9462
1624 9030 9457
1649 9001 9453
1674 8983 9446
1699 8979 9438
1724 8982 9435
1749 8983 9425
1774 8982 9415
1799 8981 9412
1824 8978 9402
1849 8968 9397
1874 8938 9391
1899 8936 9382
1924 8935 9374
1949 8937 9367
1974 8937 9363
1999 8936 9358
2024 8933 9353
2049 8911 9346
2074 8900 9343
2099 8900 9340
2124 8900 9325
2149 8902 9320
2174 8903 9310
2199 8903 9304
2224 8898 9299
2249 8858 9293
2274 8843 9286
2299 8843 9275
2324 8845 9267
2349 8843 9262
2374 8842 9257
2399 8842 9250
2424 8839 9245
2449 8821 9239
2474 8808 9235
2499 8807 9233
2524 8807 9227
2549 8807 9220
2574 8807 9219
2599 8807 9214
2624 8808 9208
2649 8779 9204
2674 8764 9198
2699 8764 9194
2724 8765 9188
2749 8765 9184
2774 8766 9179
2799 8764 9175
2824 8762 9170
2849 8742 9166
2874 8731 9160
2899 8730 9157
2924 8732 9151
2949 8731 9145
2974 8730 9139
2999 8732 9128
3024 8728 9127
3049 8704 9120
3074 8695 9116
3099 8693 9112
3124 8694 9102
3149 8695 9097
3174 8694 9095
3199 8693 9090
3224 8693 9085
3249 8663 9082
3274 8657 9080
3299 8656 9077
3324 8655 9075
3349 8656 9070
3374 8655 9065
3399 8656 9059
3424 8658 9053
3449 8629 9049
3474 8624 9044
3499 8624 9042
3524 8622 9038
3549 8624 9033
3574 8625 9029
3599 8625 9027
3624 8622 9023
3649 8598 9022
3674 8594 9013
3699 8592 9008
3724 8592 9004
3749 8591 9001
3774 8594 8995
3799 8595 8992
3824 8590 8988
3849 8564 8980
3874 8561 8973
3899 8560 8969
3924 8561 8966
3949 8562 8962
3974 8561 8959
3999 8561 8954
4024 8558 8950
4049 8535 8944
4074 8524 8940
4099 8525 8934
4124 8524 8930
4149 8523 8929
4174 8523 8925
4199 8523 8922
4224 8520 8919
4249 8503 8912
4274 8498 8904
4299 8497 8900
4324 8497 8897
4349 8496 8894
4374 8497 8889
4399 8498 8886
4424 8495 8879
4449 8476 8875
4474 8466 8872
4499 8465 8864
4524 8466 8858
4549 8465 8856
4574 8464 8854
4599 8464 8846
4624 8464 8842
4649 8449 8840
4674 8441 8835
4699 8439 8834
4724 8440 8830
4749 8440 8830
4774 8440 8826
4799 8440 8825
4824 8441 8822
4849 8420 8817
4874 8415 8810
4899 8416 8804
4924 8417 8796
4949 8415 8794
4974 8414 8794
4999 8414 8789
5024 8414 8786
5049 8400 8784
5074 8391 8778
5099 8390 8775
5124 8390 8774
5149 8390 8772
5174 8391 8767
5199 8391 8766
5224 8390 8762
5249 8374 8759
5274 8369 8752
5299 8369 8750
5324 8368 8743
5349 8368 8738
5374 8369 8735
5399 8369 8729
5424 8368 8723
5449 8354 8718
5474 8348 8713
5499 8349 8709
5524 8350 8705
5549 8348 8704
5574 8348 8703
5599 8347 8702
5624 8342 8700
5649 8333 8695
5674 8325 8692
5699 8327 8686
5724 8327 8683
5749 8325 8682
5774 8325 8679
5799 8324 8673
5824 8324 8671
5849 8309 8671
5874 8307 8670
5899 8306 8666
5924 8307 8665
5949 8307 8659
5974 8307 8656
5999 8307 8653
6024 8306 8649
6049 8299 8648
6074 8286 8646
6099 8288 8640
6124 8289 8639
6149 8289 8635
6174 8288 8633
6199 8288 8629
6224 8289 8626
6249 8273 8621
6274 8271 8616
6299 8272 8610
6324 8272 8605
6349 8272 8601
6374 8273 8598
6399 8272 8595
6424 8272 8592
6449 8258 8588
6474 8249 8584
6499 8251 8581
6524 8249 8575
6549 8249 8571
6574 8249 8569
6599 8249 8567
6624 8246 8563
6649 8239 8562
6674 8230 8559
6699 8232 8553
6724 8231 8551
6749 8232 8548
6774 8232 8546
6799 8232 8541
6824 8232 8541
6849 8225 8539
6874 8226 8536
6899 8227 8533
6924 8225 8531
6949 8224 8528
6974 8224 8527
6999 8226 8523
7024 8226 8519
7049 8218 8516
7074 8210 8511
7099 8210 8508
7124 8210 8507
7149 8209 8507
7174 8210 8502
7199 8210 8502
7224 8211 8499
7249 8205 8496
7274 8199 8490
7299 8197 8484
7324 8197 8483
7349 8199 8481
7374 8199 8480
7399 8198 8478
7424 8199 8477
7449 8192 8474
7474 8186 8471
7499 8186 8466
7524 8186 8463
7549 8184 8462
7574 8184 8461
7599 8184 8460
7624 8185 8458
7649 8179 8454
7674 8176 8452
7699 8175 8449
7724 8176 8443
7749 8178 8439
7774 8179 8434
7799 8179 8433
7824 8176 8429
7849 8167 8428
7874 8163 8423
7899 8163 8422
7924 8163 8420
7949 8163 8419
7974 8163 8418
7999 8163 8416
8024 8162 8414
8049 8158 8412
8074 8155 8411
8099 8154 8407
8124 8154 8405
8149 8154 8401
8174 8154 8401
8199 8154 8399
8224 8154 8398
8249 8150 8394
8274 8149 8393
8299 8150 8389
8324 8150 8388
8349 8149 8388
8374 8149 8385
8399 8149 8383
8424 8151 8378
8449 8142 8377
8474 8136 8376
8499 8137 8373
8524 8138 8371
8549 8137 8369
8574 8136 8369
8599 8136 8368
8624 8136 8364
8649 8135 8358
8674 8131 8355
8699 8131 8354
8724 8131 8354
8749 8132 8352
8774 8132 8349
8799 8133 8346
8824 8133 8341
8849 8131 8339
8874 8128 8337
8899 8127 8336
8924 8128 8334
8949 8128 8329
8974 8128 8329
8999 8128 8327
9024 8127 8326
9049 8122 8323
9074 8121 8321
9099 8123 8318
9124 8123 8316
9149 8124 8315
9174 8124 8313
9199 8124 8310
9224 8124 8308
9249 8119 8307
9274 8115 8306
9299 8115 8305
9324 8115 8302
9349 8116 8298
9374 8116 8296
9399 8116 8294
9424 8115 8293
9449 8113 8292
9474 8111 8292
9499 8111 8292
9524 8110 8288
9549 8111 8286
9574 8107 8285
9599 8107 8284
9624 8107 8280
9649 8105 8278
9674 8105 8276
9699 8106 8275
9724 8106 8275
9749 8101 8273
9774 8091 8273
9799 8091 8271
9824 8091 8271
9849 8091 8270
9874 8090 8270
9899 8093 8265
9924 8094 8264
9949 8077 8264
9974 8061 8263
9999 8061 8260
10024 8061 8260
10049 8063 8256
10074 8064 8255
10099 8065 8252
10124 8065 8246
10149 8052 8245
10174 8029 8244
10199 8027 8241
10224 8028 8239
10249 8029 8237
10274 8030 8236
10299 8028 8235
10324 8027 8235
10349 8022 8232
10374 8002 8230
10399 8001 8229
10424 8001 8226
10449 8001 8225
10474 8002 8224
10499 8003 8223
10524 8001 8219
10549 7996 8219
10574 7979 8218
10599 7979 8217
10624 7979 8216
10649 7979 8216
10674 7979 8215
10699 7979 8214
10724 7978 8213
10749 7962 8209
10774 7942 8205
10799 7942 8205
10824 7943 8201
10849 7944 8197
10874 7945 8196
10899 7945 8195
10924 7946 8194
10949 7932 8192
10974 7911 8190
10999 7908 8190
11024 7909 8189
11049 7911 8186
11074 7912 8184
11099 7913 8183
11124 7912 8183
11149 7897 8182
11174 7883 8181
11199 7884 8173
11224 7883 8172
11249 7884 8168
11274 7884 8165
11299 7883 8165
11324 7882 8162
11349 7868 8159
11374 7855 8159
11399 7853 8156
11424 7853 8152
11449 7853 8150
11474 7853 8147
11499 7853 8144
11524 7853 8142
11549 7844 8141
11574 7822 8137
11599 7823 8136
11624 7824 8133
11649 7824 8131
11674 7824 8129
11699 7824 8127
11724 7824 8124
11749 7811 8123
11774 7798 8122
11799 7798 8120
11824 7799 8115
11849 7800 8113
11874 7803 8111
11899 7802 8109
11924 7802 8107
11949 7789 8105
11974 7776 8102
11999 7775 8100
12024 7775 8099
12049 7775 8095
12074 7775 8093
12099 7775 8091
12124 7775 8088
12149 7757 8088
12174 7748 8087
12199 7748 8082
12224 7745 8080
12249 7747 8077
12274 7750 8073
12299 7752 8071
12324 7749 8068
12349 7731 8062
12374 7714 8058
12399 7714 8057
12424 7714 8054
12449 7716 8051
12474 7718 8049
12499 7718 8048
12524 7719 8047
12549 7706 8041
12574 7685 8040
12599 7682 8039
12624 7679 8036
12649 7680 8032
12674 7682 8032
12699 7684 8030
12724 7685 8028
12749 7675 8024
12774 7665 8019
12799 7664 8014
12824 7665 8010
12849 7664 8007
12874 7664 8002
12899 7664 7999
12924 7665 7997
12949 7647 7992
12974 7633 7991
12999 7633 7989
13024 7633 7985
13049 7633 7983
13074 7636 7980
13099 7636 7978
13124 7634 7975
13149 7623 7971
13174 7611 7967
13199 7610 7965
13224 7611 7963
13249 7611 7963
13274 7610 7963
13299 7611 7961
13324 7612 7959
13349 7600 7958
13374 7590 7953
13399 7591 7949
13424 7590 7948
13449 7590 7946
13474 7591 7940
13499 7593 7936
13524 7591 7930
13549 7578 7922
13574 7568 7917
13599 7568 7917
13624 7567 7915
13649 7568 7911
13674 7568 7909
13699 7568 7906
13724 7567 7904
13749 7549 7900
13774 7536 7899
13799 7537 7896
13824 7536 7893
13849 7536 7890
13874 7536 7888
13899 7536 7886
13924 7536 7883
13949 7525 7881
13974 7513 7877
13999 7511 7872
14024 7510 7871
14049 7511 7867
14074 7511 7865
14099 7510 7863
14124 7510 7861
14149 7498 7857
14174 7490 7857
14199 7491 7850
14224 7490 7848
14249 7489 7844
14274 7490 7843
14299 7491 7840
14324 7490 7839
14349 7476 7834
14374 7470 7831
14399 7470 7829
14424 7471 7821
14449 7470 7818
14474 7470 7815
14499 7470 7814
14524 7470 7810
14549 7461 7809
14574 7454 7807
14599 7454 7804
14624 7456 7803
14649 7456 7803
14674 7456 7803
14699 7458 7797
14724 7456 7791
14749 7442 7789
14774 7434 7785
14799 7432 7784
14824 7432 7783
14849 7432 7779
14874 7433 7773
14899 7433 7772
14924 7431 7769
14949 7419 7765
14974 7412 7764
14999 7411 7764
15024 7410 7759
15049 7411 7754
15074 7411 7752
15099 7411 7748
15124 7412 7744
15149 7399 7742
15174 7392 7735
15199 7390 7732
15224 7393 7731
15249 7393 7728
15274 7394 7725
15299 7394 7723
15324 7395 7721
15349 7385 7718
15374 7381 7717
15399 7379 7715
15424 7379 7715
15449 7379 7710
15474 7379 7708
15499 7381 7703
15524 7381 7699
15549 7369 7698
15574 7362 7696
15599 7362 7696
15624 7362 7694
15649 7363 7693
15674 7364 7688
15699 7363 7685
15724 7364 7678
15749 7347 7678
15774 7339 7675
15799 7339 7671
15824 7338 7668
15849 7340 7664
15874 7342 7661
15899 7342 7655
15924 7342 7651
15949 7333 7647
15974 7333 7646
15999 7332 7643
16024 7331 7640
16049 7330 7637
16074 7330 7635
16099 7333 7633
16124 7333 7631
16149 7323 7627
16174 7310 7626
16199 7310 7625
16224 7310 7624
16249 7310 7621
16274 7310 7619
16299 7311 7616
16324 7312 7613
16349 7305 7611
16374 7304 7609
16399 7302 7608
16424 7302 7608
16449 7302 7605
16474 7303 7599
16499 7303 7597
16524 7301 7595
16549 7293 7594
16574 7291 7591
16599 7292 7588
16624 7293 7584
16649 7294 7583
16674 7293 7582
16699 7294 7580
16724 7294 7578
16749 7285 7577
16774 7281 7574
16799 7280 7573
16824 7279 7570
16849 7278 7564
16874 7279 7561
16899 7279 7558
16924 7278 7558
16949 7270 7555
16974 7268 7553
16999 7267 7551
17024 7265 7549
17049 7265 7549
17074 7265 7549
17099 7265 7548
17124 7266 7543
17149 7259 7540
17174 7257 7536
17199 7257 7532
17224 7257 7529
17249 7256 7528
17274 7256 7527
17299 7255 7525
17324 7255 7523
17349 7251 7522
17374 7245 7522
17399 7246 7520
17424 7247 7516
17449 7246 7511
17474 7247 7506
17499 7248 7504
17524 7249 7502
17549 7244 7499
17574 7243 7496
17599 7242 7496
17624 7240 7496
17649 7240 7496
17674 7241 7495
17699 7241 7490
17724 7243 7485
17749 7243 7481
17774 7231 7479
17799 7230 7477
17824 7231 7477
17849 7231 7476
17874 7232 7473
17899 7232 7472
17924 7232 7471
17949 7230 7468
17974 7228 7466
17999 7226 7463
18024 7225 7460
18049 7226 7455
18074 7226 7454
18099 7226 7454
18124 7225 7452
18149 7222 7451
18174 7221 7450
18199 7220 7449
18224 7220 7449
18249 7220 7445
18274 7221 7444
18299 7221 7442
18324 7221 7442
18349 7215 7442
18374 7214 7441
18399 7213 7440
18424 7213 7439
18449 7213 7435
18474 7213 7432
18499 7214 7431
18524 7214 7430
18549 7212 7429
18574 7213 7427
18599 7213 7427
18624 7213 7425
18649 7213 7422
18674 7213 7422
18699 7213 7420
18724 7213 7420
18749 7209 7419
18774 7206 7416
18799 7206 7413
18824 7206 7412
18849 7207 7409
18874 7209 7406
18899 7209 7403
18924 7209 7402
18949 7206 7402
18974 7203 7399
18999 7203 7395
19024 7204 7393
19049 7204 7393
19074 7205 7393
19099 7205 7392
19124 7206 7389
19149 7203 7386
19174 7206 7382
19199 7204 7382
19224 7203 7382
19249 7203 7380
19274 7203 7377
19299 7204 7375
19324 7204 7375
19349 7203 7374
19374 7200 7370
19399 7201 7365
19424 7201 7364
19449 7201 7363
19474 7202 7361
19499 7202 7361
19524 7202 7359
19549 7201 7359
19574 7198 7359
19599 7197 7359
19624 7197 7359
19649 7197 7358
19674 7197 7355
19699 7197 7353
19724 7198 7353
19749 7198 7353
19774 7197 7351
19799 7197 7351
19824 7197 7350
19849 7197 7347
19874 7198 7344
19899 7199 7343
19924 7199 7343
19949 7197 7342
19974 7197 7342
19999 7197 7338
20024 7197 7336
20049 7196 7335
20074 7194 7334
20099 7194 7334
20124 7194 7334
20149 7194 7334
20174 7195 7330
20199 7195 7329
20224 7195 7327
20249 7184 7327
20274 7179 7325
20299 7178 7324
20324 7177 7324
20349 7177 7324
20374 7178 7322
20399 7178 7322
20424 7179 7320
20449 7169 7318
20474 7162 7318
20499 7161 7318
20524 7162 7317
20549 7162 7317
20574 7162 7313
20599 7162 7313
20624 7161 7313
20649 7147 7312
20674 7141 7312
20699 7142 7309
20724 7143 7307
20749 7143 7305
20774 7143 7304
20799 7143 7302
20824 7142 7301
20849 7129 7301
20874 7118 7300
20899 7118 7298
20924 7118 7298
20949 7118 7298
20974 7118 7297
20999 7119 7295
21024 7119 7294
21049 7112 7293
21074 7101 7292
21099 7101 7291
21124 7101 7289
21149 7101 7289
21174 7101 7288
21199 7104 7287
21224 7104 7286
21249 7094 7282
21274 7085 7281
21299 7086 7279
21324 7086 7277
21349 7086 7277
21374 7086 7277
21399 7087 7275
21424 7088 7274
21449 7071 7274
21474 7061 7273
21499 7061 7273
21524 7061 7273
21549 7062 7272
21574 7062 7272
21599 7062 7269
21624 7063 7265
21649 7054 7263
21674 7045 7263
21699 7043 7260
21724 7043 7257
21749 7043 7254
21774 7044 7252
21799 7044 7252
21824 7043 7250
21849 7034 7249
21874 7022 7248
21899 7021 7247
21924 7020 7246
21949 7020 7246
21974 7020 7246
21999 7020 7245
22024 7020 7244
22049 7012 7242
22074 7000 7240
22099 6999 7240
22124 6998 7238
22149 6998 7235
22174 6998 7234
22199 6998 7232
22224 6998 7231
22249 6994 7229
22274 6990 7228
22299 6990 7227
22324 6990 7227
22349 6989 7227
22374 6989 7227
22399 6989 7227
22424 6989 7227
22449 6978 7226
22474 6973 7224
22499 6973 7224
22524 6973 7222
22549 6973 7220
22574 6973 7217
22599 6973 7217
22624 6973 7215
22649 6963 7215
22674 6954 7211
22699 6956 7209
22724 6957 7209
22749 6958 7205
22774 6959 7204
22799 6960 7203
22824 6960 7202
22849 6949 7202
22874 6938 7200
22899 6937 7199
22924 6938 7197
22949 6938 7195
22974 6938 7195
22999 6938 7193
23024 6937 7192
23049 6929 7190
23074 6919 7190
23099 6919 7188
23124 6921 7186
23149 6921 7186
23174 6921 7183
23199 6922 7181
23224 6922 7180
23249 6911 7179
23274 6903 7175
23299 6904 7175
23324 6904 7175
23349 6904 7174
23374 6905 7173
23399 6905 7172
23424 6904 7171
23449 6901 7168
23474 6890 7166
23499 6891 7164
23524 6888 7162
23549 6889 7160
23574 6889 7159
23599 6890 7156
23624 6890 7155
23649 6880 7152
23674 6865 7151
23699 6866 7149
23724 6866 7147
23749 6865 7142
23774 6865 7139
23799 6865 7137
23824 6865 7137
23849 6856 7136
23874 6848 7136
23899 6849 7135
23924 6850 7132
23949 6850 7127
23974 6849 7124
23999 6849 7122
24024 6850 7119
24049 6839 7118
24074 6836 7116
24099 6836 7114
24124 6836 7113
24149 6836 7112
24174 6837 7111
24199 6837 7110
24224 6837 7106
24249 6830 7106
24274 6825 7106
24299 6827 7103
24324 6826 7101
24349 6825 7099
24374 6825 7098
24399 6825 7097
24424 6824 7095
24449 6818 7094
24474 6804 7094
24499 6806 7092
24524 6805 7090
24549 6805 7088
24574 6805 7088
24599 6805 7083
24624 6806 7080
24649 6800 7080
24674 6791 7079
24699 6791 7077
24724 6791 7074
24749 6792 7071
24774 6793 7069
24799 6793 7067
24824 6795 7064
24849 6788 7062
24874 6780 7061
24899 6780 7058
24924 6780 7054
24949 6781 7053
24974 6781 7051
24999 6782 7049
25024 6781 7048
25049 6772 7048
25074 6767 7046
25099 6768 7045
25124 6768 7041
25149 6767 7041
25174 6766 7040
25199 6766 7039
25224 6766 7038
25249 6759 7034
25274 6753 7031
25299 6752 7030
25324 6753 7026
25349 6754 7025
25374 6755 7023
25399 6757 7019
25424 6757 7017
25449 6750 7016
25474 6745 7013
25499 6744 7010
25524 6745 7007
25549 6745 7007
25574 6745 7007
25599 6746 7006
25624 6746 7004
25649 6736 7003
25674 6734 7002
25699 6732 6999
25724 6733 6996
25749 6733 6992
25774 6732 6991
25799 6732 6991
25824 6732 6990
25849 6726 6989
25874 6721 6989
25899 6721 6988
25924 6722 6984
25949 6722 6983
25974 6722 6979
25999 6722 6978
26024 6723 6976
26049 6712 6975
26074 6708 6974
26099 6707 6973
26124 6706 6972
26149 6706 6972
26174 6707 6966
26199 6707 6965
26224 6708 6962
26249 6702 6961
26274 6699 6960
26299 6699 6956
26324 6699 6955
26349 6700 6954
26374 6700 6950
26399 6702 6948
26424 6700 6948
26449 6692 6948
26474 6691 6948
26499 6692 6946
26524 6691 6943
26549 6691 6942
26574 6691 6940
26599 6691 6938
26624 6691 6934
26649 6686 6931
26674 6682 6931
26699 6682 6929
26724 6682 6928
26749 6682 6927
26774 6682 6925
26799 6682 6922
26824 6682 6922
26849 6676 6921
26874 6675 6920
26899 6676 6918
26924 6677 6915
26949 6677 6910
26974 6675 6909
26999 6675 6909
27024 6675 6908
27049 6669 6905
27074 6665 6904
27099 6664 6904
27124 6663 6902
27149 6664 6900
27174 6664 6899
27199 6664 6897
27224 6664 6895
27249 6659 6894
27274 6657 6890
27299 6657 6890
27324 6656 6886
27349 6656 6883
27374 6657 6879
27399 6657 6879
27424 6656 6879
27449 6651 6877
27474 6651 6874
27499 6651 6874
27524 6651 6874
27549 6651 6873
27574 6651 6873
27599 6651 6870
27624 6651 6868
27649 6648 6867
27674 6648 6867
27699 6649 6865
27724 6649 6864
27749 6650 6860
27774 6650 6858
27799 6650 6856
27824 6649 6856
27849 6647 6854
27874 6647 6851
27899 6646 6850
27924 6646 6848
27949 6646 6848
27974 6647 6847
27999 6647 6846
28024 6647 6845
28049 6645 6844
28074 6640 6844
28099 6640 6841
28124 6641 6839
28149 6641 6839
28174 6640 6838
28199 6640 6837
28224 6640 6834
28249 6636 6832
28274 6635 6831
28299 6634 6830
28324 6635 6826
28349 6634 6825
28374 6634 6825
28399 6634 6825
28424 6634 6824
28449 6632 6822
28474 6632 6819
28499 6631 6817
28524 6631 6817
28549 6632 6815
28574 6632 6815
28599 6633 6813
28624 6634 6811
28649 6630 6810
28674 6630 6809
28699 6630 6808
28724 6629 6806
28749 6629 6806
28774 6629 6805
28799 6630 6804
28824 6630 6802
28849 6629 6799
28874 6628 6797
28899 6629 6795
28924 6629 6792
28949 6629 6791
28974 6629 6788
28999 6628 6788
29024 6628 6786
29049 6627 6783
29074 6627 6781
29099 6627 6779
29124 6627 6779
29149 6627 6778
29174 6627 6778
29199 6628 6773
29224 6628 6772
29249 6625 6771
29274 6627 6770
29299 6627 6770
29324 6627 6768
29349 6626 6768
29374 6626 6766
29399 6626 6764
29424 6626 6764
29449 6624 6763
29474 6622 6761
29499 6622 6760
29524 6622 6757
29549 6623 6756
29574 6623 6755
29599 6623 6754
29624 6623 6754
29649 6622 6754
29674 6622 6753
29699 6621 6753
29724 6621 6751
29749 6621 6750
29774 6621 6749
29799 6621 6749
29824 6621 6749
29849 6620 6749
29874 6622 6748
29899 6621 6746
29924 6621 6746
29949 6618 6746
29974 6613 6744
29999 6613 6743
30024 6614 6741
30049 6614 6741
30074 6613 6740
30099 6611 6740
30124 6610 6739
30149 6602 6737
30174 6591 6736
30199 6591 6734
30224 6591 6733
30249 6593 6732
30274 6593 6731
30299 6593 6731
30324 6593 6729
30349 6579 6729
30374 6568 6728
30399 6565 6728
30424 6565 6727
30449 6565 6727
30474 6565 6727
30499 6565 6725
30524 6565 6723
30549 6563 6721
30574 6558 6720
30599 6557 6720
30624 6557 6719
30649 6558 6717
30674 6558 6715
30699 6558 6715
30724 6558 6713
30749 6549 6713
30774 6542 6713
30799 6541 6712
30824 6539 6710
30849 6540 6707
30874 6541 6706
30899 6541 6705
30924 6540 6705
30949 6533 6704
30974 6523 6704
30999 6519 6703
31024 6517 6702
31049 6518 6701
31074 6519 6700
31099 6519 6699
31124 6519 6699
31149 6510 6698
31174 6504 6697
31199 6500 6697
31224 6500 6696
31249 6502 6694
31274 6503 6694
31299 6505 6692
31324 6503 6692
31349 6492 6692
31374 6485 6691
31399 6485 6691
31424 6485 6689
31449 6485 6688
31474 6486 6687
31499 6485 6686
31524 6485 6685
31549 6478 6682
31574 6463 6681
31599 6460 6679
31624 6462 6678
31649 6463 6676
31674 6463 6676
31699 6463 6676
31724 6462 6674
31749 6458 6672
31774 6444 6670
31799 6444 6670
31824 6445 6668
31849 6446 6665
31874 6446 6665
31899 6448 6664
31924 6448 6664
31949 6439 6664
31974 6427 6662
31999 6426 6660
32024 6428 6660
32049 6428 6657
32074 6430 6654
32099 6433 6653
32124 6432 6652
32149 6425 6651
32174 6414 6651
32199 6409 6650
32224 6409 6647
32249 6411 6645
32274 6411 6643
32299 6413 6642
32324 6410 6641
32349 6406 6641
32374 6397 6641
32399 6390 6640
32424 6390 6637
32449 6390 6637
32474 6391 6633
32499 6392 6631
32524 6395 6629
32549 6390 6626
32574 6376 6625
32599 6370 6624
32624 6369 6624
32649 6371 6623
32674 6372 6622
32699 6372 6621
32724 6372 6619
32749 6371 6618
32774 6362 6617
32799 6359 6616
32824 6359 6615
32849 6359 6615
32874 6359 6613
32899 6360 6609
32924 6360 6608
32949 6351 6607
32974 6341 6607
32999 6341 6605
33024 6338 6604
33049 6338 6600
33074 6338 6599
33099 6338 6594
33124 6341 6593
33149 6334 6592
33174 6322 6592
33199 6318 6590
33224 6317 6590
33249 6318 6587
33274 6318 6586
33299 6317 6586
33324 6317 6586
33349 6317 6583
33374 6309 6581
33399 6308 6581
33424 6309 6578
33449 6310 6573
33474 6312 6571
33499 6311 6569
33524 6311 6568
33549 6304 6566
33574 6297 6564
33599 6297 6562
33624 6298 6562
33649 6298 6561
33674 6300 6558
33699 6302 6556
33724 6302 6556
33749 6293 6554
33774 6281 6551
33799 6280 6550
33824 6281 6549
33849 6280 6549
33874 6280 6547
33899 6280 6546
33924 6279 6545
33949 6274 6543
33974 6264 6540
33999 6263 6538
34024 6260 6537
34049 6259 6534
34074 6259 6531
34099 6259 6529
34124 6260 6529
34149 6256 6527
34174 6252 6526
34199 6248 6524
34224 6248 6524
34249 6248 6521
34274 6249 6521
34299 6249 6519
34324 6249 6515
34349 6243 6514
34374 6235 6513
34399 6235 6511
34424 6235 6507
34449 6237 6505
34474 6238 6503
34499 6238 6500
34524 6233 6500
34549 6224 6498
34574 6222 6497
34599 6219 6495
34624 6219 6493
34649 6220 6492
34674 6222 6489
34699 6223 6488
34724 6224 6487
34749 6215 6487
34774 6205 6485
34799 6205 6484
34824 6205 6479
34849 6205 6478
34874 6204 6477
34899 6204 6475
34924 6204 6472
34949 6203 6470
34974 6190 6469
34999 6189 6468
35024 6189 6465
35049 6189 6465
35074 6189 6461
35099 6190 6460
35124 6190 6456
35149 6188 6453
35174 6182 6449
35199 6180 6446
35224 6178 6446
35249 6180 6445
35274 6182 6444
35299 6181 6441
35324 6182 6439
35349 6176 6436
35374 6165 6433
35399 6162 6433
35424 6163 6432
35449 6163 6432
35474 6163 6429
35499 6165 6425
35524 6166 6424
35549 6162 6423
35574 6152 6420
35599 6149 6420
35624 6152 6419
35649 6152 6417
35674 6152 6416
35699 6153 6415
35724 6154 6413
35749 6155 6409
35774 6143 6405
35799 6140 6404
35824 6139 6402
35849 6140 6402
35874 6141 6400
35899 6141 6399
35924 6140 6397
35949 6138 6396
35974 6133 6393
35999 6132 6391
36024 6132 6390
36049 6132 6389
36074 6132 6387
36099 6133 6385
36124 6133 6384
36149 6133 6379
36174 6127 6378
36199 6128 6376
36224 6126 6374
36249 6126 6374
36274 6127 6371
36299 6128 6371
36324 6127 6369
36349 6122 6367
36374 6116 6366
36399 6116 6366
36424 6114 6364
36449 6114 6363
36474 6114 6363
36499 6114 6359
36524 6115 6357
36549 6113 6357
36574 6105 6357
36599 6102 6355
36624 6102 6355
36649 6103 6350
36674 6104 6346
36699 6105 6346
36724 6106 6344
36749 6103 6342
36774 6098 6340
36799 6096 6337
36824 6095 6336
36849 6095 6336
36874 6096 6335
36899 6097 6334
36924 6097 6333
36949 6095 6332
36974 6088 6331
36999 6088 6330
37024 6088 6325
37049 6089 6324
37074 6089 6323
37099 6090 6318
37124 6090 6318
37149 6089 6314
37174 6086 6310
37199 6085 6307
37224 6085 6306
37249 6084 6305
37274 6084 6303
37299 6084 6300
37324 6084 6299
37349 6082 6298
37374 6080 6296
37399 6078 6296
37424 6078 6294
37449 6078 6294
37474 6078 6293
37499 6078 6291
37524 6078 6291
37549 6078 6288
37574 6075 6287
37599 6073 6286
37624 6072 6283
37649 6073 6281
37674 6072 6280
37699 6072 6279
37724 6072 6278
37749 6070 6278
37774 6066 6276
37799 6066 6274
37824 6068 6272
37849 6070 6271
37874 6070 6269
37899 6070 6267
37924 6070 6264
37949 6068 6263
37974 6066 6263
37999 6067 6261
38024 6068 6261
38049 6068 6261
38074 6068 6261
38099 6068 6260
38124 6069 6259
38149 6069 6259
38174 6065 6256
38199 6064 6256
38224 6064 6255
38249 6064 6254
38274 6066 6251
38299 6066 6250
38324 6065 6248
38349 6062 6246
38374 6059 6246
38399 6057 6246
38424 6057 6244
38449 6058 6241
38474 6058 6241
38499 6058 6241
38524 6059 6237
38549 6056 6236
38574 6054 6233
38599 6054 6230
38624 6051 6230
38649 6051 6229
38674 6051 6226
38699 6051 6224
38724 6052 6223
38749 6052 6222
38774 6049 6220
38799 6046 6220
38824 6046 6219
38849 6046 6215
38874 6046 6215
38899 6047 6215
38924 6047 6214
38949 6047 6214
38974 6046 6214
38999 6044 6212
39024 6045 6210
39049 6045 6209
39074 6045 6209
39099 6045 6209
39124 6045 6209
39149 6044 6207
39174 6039 6204
39199 6038 6203
39224 6038 6199
39249 6039 6198
39274 6040 6196
39299 6040 6195
39324 6039 6193
39349 6040 6193
39374 6041 6192
39399 6040 6192
39424 6040 6192
39449 6041 6192
39474 6042 6190
39499 6042 6190
39524 6042 6189
39549 6043 6188
39574 6042 6188
39599 6042 6188
39624 6042 6188
39649 6042 6186
39674 6041 6185
39699 6041 6185
39724 6041 6185
39749 6041 6183
39774 6040 6183
39799 6040 6183
39824 6040 6180
39849 6041 6179
39874 6040 6178
39899 6040 6178
39924 6041 6177
39949 6041 6175
39974 6041 6172
39999 6041 6172
