Iteration / Electron np / Ion np
24 99027 100000
49 94447 99996
74 93263 99993
99 93262 99988
124 93263 99980
149 93261 99966
174 93231 99940
199 93231 99915
224 93232 99886
249 93206 99851
274 92786 99808
299 92788 99771
324 92793 99718
349 92770 99659
374 92769 99596
399 92780 99498
424 92790 99416
449 92305 99318
474 92318 99192
499 92332 99037
524 92348 98864
549 92333 98727
574 92338 98566
599 92344 98405
624 92105 98266
649 91996 98118
674 91989 97986
699 91935 97840
724 91943 97724
749 91935 97610
774 91933 97480
799 91947 97341
824 91834 97214
849 91837 97073
874 91084 96969
899 91083 96873
924 91083 96735
949 91091 96608
974 91102 96501
999 91091 96379
1024 91097 96277
1049 90328 96167
1074 90327 96061
1099 90312 95967
1124 90316 95855
1149 90325 95753
1174 90331 95640
1199 90341 95535
1224 90264 95429
1249 90259 95333
1274 89898 95225
1299 89904 95133
1324 89893 95024
1349 89903 94924
1374 89906 94847
1399 89902 94757
1424 89900 94674
1449 89339 94585
1474 89333 94509
1499 89316 94403
1524 89319 94315
1549 89321 94218
1574 89336 94139
1599 89324 94060
1624 89326 93973
1649 88782 93884
1674 88724 93799
1699 88710 93723
1724 88712 93634
1749 88720 93543
1774 88732 93474
1799 88744 93410
1824 88714 93345
1849 88687 93266
1874 88290 93188
1899 88275 93117
1924 88272 93054
1949 88282 92986
1974 88289 92913
1999 88294 92845
2024 88240 92770
2049 88227 92713
2074 87963 92641
2099 87967 92572
2124 87976 92499
2149 87985 92426
2174 87983 92362
2199 87990 92289
2224 87855 92227
2249 87790 92164
2274 87640 92098
2299 87614 92026
2324 87605 91973
2349 87606 91914
2374 87609 91858
2399 87605 91809
2424 87486 91747
2449 87338 91684
2474 87247 91613
2499 87224 91555
2524 87222 91497
2549 87224 91435
2574 87231 91371
2599 87230 91316
2624 87152 91274
2649 86957 91200
2674 86837 91148
2699 86793 91099
2724 86794 91049
2749 86801 90990
2774 86798 90938
2799 86803 90884
2824 86760 90830
2849 86618 90769
2874 86459 90719
2899 86447 90672
2924 86452 90623
2949 86456 90577
2974 86455 90541
2999 86455 90491
3024 86406 90444
3049 86260 90390
3074 86125 90336
3099 86123 90283
3124 86130 90229
3149 86130 90174
3174 86132 90133
3199 86134 90082
3224 86112 90038
3249 85907 89987
3274 85771 89938
3299 85763 89901
3324 85764 89859
3349 85766 89822
3374 85772 89780
3399 85771 89736
3424 85748 89695
3449 85523 89646
3474 85449 89591
3499 85443 89540
3524 85440 89500
3549 85441 89458
3574 85447 89418
3599 85456 89365
3624 85437 89330
3649 85169 89293
3674 85113 89253
3699 85111 89200
3724 85109 89175
3749 85112 89125
3774 85121 89070
3799 85117 89029
3824 85103 88982
3849 84871 88938
3874 84830 88900
3899 84827 88854
3924 84822 88819
3949 84824 88781
3974 84825 88738
3999 84824 88691
4024 84804 88657
4049 84624 88616
4074 84573 88573
4099 84564 88528
4124 84566 88493
4149 84567 88455
4174 84566 88423
4199 84567 88388
4224 84550 88342
4249 84321 88308
4274 84260 88269
4299 84258 88239
4324 84259 88187
4349 84255 88140
4374 84254 88106
4399 84254 88071
4424 84247 88017
4449 84061 87982
4474 83990 87949
4499 83980 87917
4524 83981 87880
4549 83986 87829
4574 83984 87789
4599 83984 87744
4624 83976 87707
4649 83840 87672
4674 83760 87640
4699 83751 87602
4724 83753 87575
4749 83752 87537
4774 83751 87513
4799 83748 87482
4824 83740 87456
4849 83600 87427
4874 83536 87392
4899 83538 87348
4924 83539 87306
4949 83536 87272
4974 83530 87230
4999 83538 87188
5024 83524 87143
5049 83359 87116
5074 83299 87076
5099 83297 87043
5124 83303 87005
5149 83297 86970
5174 83300 86936
5199 83299 86914
5224 83289 86868
5249 83133 86829
5274 83070 86796
5299 83071 86769
5324 83073 86735
5349 83075 86710
5374 83076 86678
5399 83077 86655
5424 83073 86625
5449 82944 86601
5474 82885 86559
5499 82885 86521
5524 82884 86486
5549 82887 86441
5574 82897 86390
5599 82895 86359
5624 82886 86329
5649 82729 86296
5674 82684 86265
5699 82676 86236
5724 82676 86208
5749 82681 86178
5774 82684 86149
5799 82680 86115
5824 82671 86089
5849 82571 86061
5874 82520 86022
5899 82524 85985
5924 82519 85963
5949 82522 85929
5974 82526 85899
5999 82524 85875
6024 82523 85845
6049 82411 85814
6074 82361 85781
6099 82353 85745
6124 82354 85710
6149 82363 85665
6174 82367 85633
6199 82360 85615
6224 82355 85593
6249 82256 85569
6274 82211 85549
6299 82207 85528
6324 82208 85501
6349 82210 85471
6374 82211 85440
6399 82213 85402
6424 82212 85366
6449 82104 85332
6474 82056 85305
6499 82053 85275
6524 82050 85255
6549 82051 85235
6574 82059 85201
6599 82059 85179
6624 82050 85152
6649 81968 85125
6674 81918 85106
6699 81914 85080
6724 81915 85060
6749 81917 85031
6774 81917 85012
6799 81918 84991
6824 81915 84959
6849 81825 84932
6874 81786 84905
6899 81786 84875
6924 81789 84842
6949 81791 84806
6974 81788 84783
6999 81789 84752
7024 81792 84724
7049 81745 84692
7074 81694 84667
7099 81692 84641
7124 81690 84618
7149 81688 84597
7174 81692 84572
7199 81692 84549
7224 81688 84518
7249 81617 84491
7274 81582 84466
7299 81575 84444
7324 81569 84410
7349 81573 84388
7374 81575 84363
7399 81575 84343
7424 81574 84327
7449 81520 84301
7474 81479 84291
7499 81477 84267
7524 81473 84249
7549 81478 84224
7574 81480 84209
7599 81478 84193
7624 81479 84169
7649 81421 84142
7674 81390 84118
7699 81391 84091
7724 81388 84063
7749 81390 84028
7774 81395 84001
7799 81394 83974
7824 81392 83950
7849 81340 83926
7874 81297 83908
7899 81297 83890
7924 81300 83868
7949 81301 83838
7974 81305 83818
7999 81306 83792
8024 81304 83776
8049 81274 83753
8074 81239 83735
8099 81235 83712
8124 81232 83689
8149 81234 83665
8174 81236 83647
8199 81239 83627
8224 81238 83615
8249 81212 83597
8274 81191 83575
8299 81195 83558
8324 81193 83529
8349 81194 83510
8374 81193 83489
8399 81196 83476
8424 81193 83459
8449 81169 83443
8474 81144 83423
8499 81148 83397
8524 81147 83379
8549 81148 83355
8574 81148 83346
8599 81151 83326
8624 81152 83301
8649 81129 83278
8674 81102 83264
8699 81102 83251
8724 81095 83238
8749 81097 83219
8774 81100 83203
8799 81101 83182
8824 81102 83164
8849 81083 83146
8874 81066 83130
8899 81064 83107
8924 81059 83096
8949 81060 83075
8974 81061 83061
8999 81065 83043
9024 81068 83023
9049 81063 83008
9074 81050 82986
9099 81050 82972
9124 81044 82952
9149 81046 82940
9174 81050 82922
9199 81051 82911
9224 81053 82895
9249 81036 82881
9274 81018 82870
9299 81020 82849
9324 81018 82832
9349 81019 82808
9374 81019 82791
9399 81021 82777
9424 81023 82769
9449 81015 82751
9474 81011 82729
9499 81013 82710
9524 81011 82693
9549 81012 82677
9574 81009 82663
9599 81012 82651
9624 81019 82629
9649 80995 82615
9674 80988 82601
9699 80982 82589
9724 80980 82576
9749 80953 82566
9774 80869 82551
9799 80868 82536
9824 80871 82520
9849 80872 82507
9874 80877 82491
9899 80878 82472
9924 80875 82460
9949 80809 82448
9974 80640 82433
9999 80643 82422
10024 80644 82409
10049 80648 82398
10074 80650 82389
10099 80649 82377
10124 80648 82360
10149 80562 82337
10174 80363 82326
10199 80358 82311
10224 80363 82299
10249 80363 82288
10274 80367 82277
10299 80370 82258
10324 80369 82244
10349 80273 82234
10374 80070 82221
10399 80062 82212
10424 80059 82199
10449 80060 82186
10474 80066 82177
10499 80067 82160
10524 80068 82146
10549 79926 82136
10574 79740 82127
10599 79732 82112
10624 79731 82095
10649 79734 82079
10674 79737 82061
10699 79739 82046
10724 79743 82036
10749 79665 82019
10774 79516 82007
10799 79505 81993
10824 79508 81975
10849 79513 81961
10874 79517 81945
10899 79523 81932
10924 79526 81919
10949 79400 81907
10974 79225 81893
10999 79207 81879
11024 79208 81868
11049 79211 81863
11074 79216 81854
11099 79222 81837
11124 79225 81822
11149 79115 81812
11174 78979 81799
11199 78964 81782
11224 78968 81764
11249 78975 81752
11274 78973 81738
11299 78977 81730
11324 78979 81717
11349 78877 81700
11374 78720 81681
11399 78700 81658
11424 78704 81634
11449 78713 81613
11474 78715 81600
11499 78719 81580
11524 78718 81559
11549 78606 81543
11574 78442 81515
11599 78424 81499
11624 78422 81484
11649 78426 81462
11674 78429 81446
11699 78435 81418
11724 78438 81402
11749 78315 81379
11774 78187 81356
11799 78176 81340
11824 78176 81318
11849 78179 81302
11874 78186 81286
11899 78191 81267
11924 78199 81239
11949 78064 81213
11974 77899 81195
11999 77890 81179
12024 77892 81161
12049 77897 81141
12074 77899 81125
12099 77908 81105
12124 77910 81084
12149 77794 81073
12174 77677 81053
12199 77654 81038
12224 77654 81016
12249 77662 81003
12274 77669 80982
12299 77679 80960
12324 77678 80938
12349 77548 80918
12374 77416 80894
12399 77387 80865
12424 77385 80844
12449 77393 80817
12474 77396 80789
12499 77395 80762
12524 77397 80735
12549 77261 80706
12574 77105 80670
12599 77087 80643
12624 77092 80612
12649 77094 80587
12674 77092 80564
12699 77095 80533
12724 77105 80499
12749 76996 80471
12774 76885 80438
12799 76863 80415
12824 76862 80390
12849 76873 80357
12874 76885 80325
12899 76884 80303
12924 76883 80281
12949 76739 80260
12974 76607 80234
12999 76597 80207
13024 76598 80185
13049 76599 80157
13074 76608 80131
13099 76609 80114
13124 76603 80089
13149 76446 80064
13174 76351 80029
13199 76327 79996
13224 76326 79965
13249 76330 79934
13274 76345 79907
13299 76340 79882
13324 76347 79849
13349 76247 79825
13374 76119 79801
13399 76110 79772
13424 76110 79739
13449 76119 79706
13474 76132 79674
13499 76135 79645
13524 76136 79623
13549 75992 79593
13574 75870 79564
13599 75845 79537
13624 75852 79506
13649 75859 79480
13674 75858 79454
13699 75860 79423
13724 75861 79393
13749 75717 79378
13774 75611 79346
13799 75591 79316
13824 75591 79281
13849 75597 79246
13874 75603 79214
13899 75604 79190
13924 75604 79163
13949 75519 79126
13974 75393 79104
13999 75376 79066
14024 75380 79045
14049 75381 79015
14074 75388 78988
14099 75391 78952
14124 75386 78920
14149 75263 78896
14174 75164 78865
14199 75158 78842
14224 75165 78817
14249 75166 78791
14274 75168 78773
14299 75175 78741
14324 75179 78711
14349 75054 78683
14374 74948 78666
14399 74932 78639
14424 74942 78607
14449 74951 78580
14474 74956 78544
14499 74958 78509
14524 74959 78475
14549 74854 78438
14574 74746 78401
14599 74728 78381
14624 74731 78340
14649 74732 78309
14674 74745 78279
14699 74750 78241
14724 74750 78212
14749 74640 78183
14774 74539 78154
14799 74522 78126
14824 74518 78101
14849 74525 78077
14874 74529 78057
14899 74536 78041
14924 74530 78015
14949 74423 77991
14974 74347 77957
14999 74341 77925
15024 74333 77898
15049 74343 77869
15074 74349 77828
15099 74354 77791
15124 74360 77758
15149 74256 77724
15174 74172 77700
15199 74147 77655
15224 74148 77623
15249 74149 77597
15274 74157 77569
15299 74158 77538
15324 74162 77513
15349 74092 77474
15374 74007 77454
15399 73994 77431
15424 73986 77410
15449 73988 77380
15474 73993 77359
15499 74002 77331
15524 74000 77309
15549 73897 77284
15574 73824 77264
15599 73812 77241
15624 73815 77216
15649 73822 77197
15674 73830 77167
15699 73831 77141
15724 73832 77118
15749 73761 77093
15774 73702 77066
15799 73693 77044
15824 73697 77019
15849 73706 76994
15874 73706 76951
15899 73715 76924
15924 73714 76897
15949 73642 76863
15974 73564 76828
15999 73554 76801
16024 73558 76774
16049 73562 76747
16074 73564 76717
16099 73565 76688
16124 73565 76654
16149 73470 76633
16174 73397 76607
16199 73388 76591
16224 73394 76556
16249 73393 76533
16274 73394 76507
16299 73397 76482
16324 73398 76465
16349 73342 76438
16374 73287 76418
16399 73280 76401
16424 73275 76382
16449 73274 76360
16474 73285 76339
16499 73290 76318
16524 73289 76299
16549 73233 76273
16574 73170 76246
16599 73162 76220
16624 73163 76198
16649 73171 76156
16674 73172 76135
16699 73169 76105
16724 73174 76083
16749 73129 76052
16774 73066 76032
16799 73054 75999
16824 73055 75977
16849 73055 75955
16874 73060 75930
16899 73060 75920
16924 73066 75899
16949 73030 75881
16974 72977 75862
16999 72975 75841
17024 72977 75822
17049 72984 75806
17074 72988 75785
17099 72986 75760
17124 72992 75738
17149 72934 75720
17174 72870 75706
17199 72863 75690
17224 72862 75681
17249 72867 75662
17274 72869 75642
17299 72880 75620
17324 72882 75602
17349 72842 75577
17374 72775 75553
17399 72758 75534
17424 72751 75505
17449 72751 75485
17474 72756 75449
17499 72765 75419
17524 72765 75398
17549 72748 75379
17574 72707 75363
17599 72703 75335
17624 72706 75313
17649 72711 75292
17674 72713 75262
17699 72710 75245
17724 72711 75217
17749 72686 75204
17774 72649 75182
17799 72641 75164
17824 72645 75145
17849 72646 75127
17874 72648 75110
17899 72646 75099
17924 72653 75075
17949 72638 75056
17974 72593 75031
17999 72576 75005
18024 72577 74990
18049 72586 74982
18074 72588 74963
18099 72593 74949
18124 72593 74935
18149 72571 74922
18174 72541 74913
18199 72524 74895
18224 72526 74874
18249 72533 74855
18274 72538 74840
18299 72541 74827
18324 72546 74810
18349 72525 74800
18374 72498 74782
18399 72479 74764
18424 72486 74741
18449 72490 74720
18474 72495 74697
18499 72503 74678
18524 72504 74658
18549 72497 74641
18574 72480 74625
18599 72466 74613
18624 72463 74596
18649 72463 74577
18674 72470 74548
18699 72474 74531
18724 72477 74516
18749 72472 74500
18774 72456 74486
18799 72438 74472
18824 72444 74451
18849 72451 74433
18874 72454 74416
18899 72458 74401
18924 72458 74392
18949 72447 74375
18974 72427 74357
18999 72424 74345
19024 72423 74327
19049 72429 74316
19074 72440 74295
19099 72440 74286
19124 72439 74275
19149 72435 74251
19174 72427 74243
19199 72407 74227
19224 72405 74212
19249 72406 74202
19274 72410 74189
19299 72410 74178
19324 72412 74169
19349 72413 74156
19374 72404 74145
19399 72393 74135
19424 72390 74122
19449 72399 74110
19474 72403 74098
19499 72405 74086
19524 72413 74071
19549 72415 74057
19574 72408 74036
19599 72399 74031
19624 72395 74015
19649 72399 74001
19674 72403 73987
19699 72400 73975
19724 72399 73968
19749 72402 73956
19774 72400 73945
19799 72385 73934
19824 72383 73918
19849 72386 73911
19874 72397 73896
19899 72390 73881
19924 72385 73864
19949 72390 73853
19974 72393 73835
19999 72389 73826
20024 72389 73811
20049 72390 73801
20074 72397 73791
20099 72392 73778
20124 72390 73766
20149 72396 73753
20174 72401 73737
20199 72395 73724
20224 72392 73716
20249 72383 73698
20274 72367 73686
20299 72355 73676
20324 72336 73668
20349 72338 73655
20374 72344 73650
20399 72348 73639
20424 72345 73626
20449 72309 73610
20474 72249 73600
20499 72240 73590
20524 72227 73576
20549 72227 73567
20574 72229 73562
20599 72234 73551
20624 72234 73540
20649 72151 73528
20674 72076 73518
20699 72068 73501
20724 72062 73490
20749 72071 73480
20774 72079 73473
20799 72083 73461
20824 72078 73452
20849 71984 73441
20874 71913 73430
20899 71898 73419
20924 71895 73412
20949 71903 73403
20974 71906 73394
20999 71908 73384
21024 71910 73374
21049 71823 73368
21074 71744 73358
21099 71736 73352
21124 71732 73346
21149 71740 73338
21174 71745 73330
21199 71750 73321
21224 71752 73315
21249 71673 73309
21274 71608 73298
21299 71595 73292
21324 71597 73283
21349 71603 73277
21374 71605 73270
21399 71609 73259
21424 71611 73253
21449 71508 73244
21474 71442 73232
21499 71438 73225
21524 71442 73214
21549 71444 73210
21574 71449 73197
21599 71448 73186
21624 71454 73181
21649 71372 73173
21674 71307 73166
21699 71298 73160
21724 71296 73152
21749 71297 73147
21774 71303 73140
21799 71308 73133
21824 71309 73127
21849 71198 73116
21874 71133 73107
21899 71133 73099
21924 71131 73088
21949 71132 73083
21974 71135 73073
21999 71140 73066
22024 71141 73056
22049 71072 73049
22074 70995 73037
22099 70987 73035
22124 70984 73024
22149 70988 73018
22174 70991 73008
22199 70991 72999
22224 70995 72988
22249 70908 72978
22274 70840 72973
22299 70838 72967
22324 70838 72961
22349 70842 72951
22374 70847 72937
22399 70849 72931
22424 70853 72915
22449 70785 72902
22474 70713 72894
22499 70710 72881
22524 70709 72874
22549 70709 72862
22574 70713 72849
22599 70715 72841
22624 70714 72834
22649 70618 72823
22674 70562 72808
22699 70549 72800
22724 70551 72796
22749 70559 72781
22774 70560 72773
22799 70560 72770
22824 70558 72760
22849 70494 72753
22874 70430 72741
22899 70426 72732
22924 70430 72722
22949 70439 72710
22974 70444 72699
22999 70444 72689
23024 70446 72681
23049 70351 72667
23074 70267 72659
23099 70267 72649
23124 70267 72642
23149 70274 72634
23174 70274 72624
23199 70279 72614
23224 70282 72603
23249 70202 72594
23274 70139 72585
23299 70133 72572
23324 70142 72564
23349 70144 72551
23374 70146 72538
23399 70154 72521
23424 70151 72512
23449 70081 72503
23474 70024 72491
23499 70019 72479
23524 70020 72466
23549 70027 72452
23574 70028 72445
23599 70033 72433
23624 70035 72417
23649 69952 72406
23674 69893 72394
23699 69886 72382
23724 69886 72370
23749 69890 72360
23774 69897 72342
23799 69902 72335
23824 69906 72325
23849 69824 72313
23874 69769 72296
23899 69764 72289
23924 69754 72277
23949 69755 72270
23974 69761 72257
23999 69766 72249
24024 69768 72230
24049 69686 72217
24074 69634 72205
24099 69631 72194
24124 69632 72186
24149 69635 72179
24174 69637 72160
24199 69639 72142
24224 69647 72128
24249 69571 72115
24274 69502 72094
24299 69494 72076
24324 69493 72067
24349 69500 72054
24374 69503 72036
24399 69504 72020
24424 69504 72010
24449 69445 71992
24474 69382 71980
24499 69371 71970
24524 69370 71955
24549 69372 71941
24574 69374 71926
24599 69378 71907
24624 69379 71897
24649 69317 71887
24674 69262 71871
24699 69262 71859
24724 69257 71849
24749 69262 71839
24774 69265 71827
24799 69265 71816
24824 69270 71798
24849 69212 71780
24874 69146 71765
24899 69140 71750
24924 69140 71743
24949 69141 71726
24974 69146 71713
24999 69148 71695
25024 69151 71682
25049 69097 71665
25074 69048 71644
25099 69041 71631
25124 69044 71616
25149 69050 71606
25174 69057 71594
25199 69060 71578
25224 69061 71566
25249 68996 71551
25274 68934 71544
25299 68935 71525
25324 68933 71505
25349 68939 71492
25374 68952 71477
25399 68957 71459
25424 68959 71439
25449 68892 71428
25474 68842 71414
25499 68818 71399
25524 68815 71378
25549 68815 71368
25574 68825 71347
25599 68828 71338
25624 68822 71316
25649 68783 71303
25674 68739 71287
25699 68715 71270
25724 68712 71258
25749 68710 71243
25774 68715 71225
25799 68717 71212
25824 68718 71198
25849 68690 71183
25874 68660 71168
25899 68652 71156
25924 68644 71144
25949 68649 71126
25974 68655 71102
25999 68658 71090
26024 68660 71076
26049 68602 71062
26074 68551 71047
26099 68529 71041
26124 68523 71021
26149 68525 71013
26174 68532 70999
26199 68539 70986
26224 68543 70975
26249 68512 70960
26274 68477 70943
26299 68477 70924
26324 68472 70909
26349 68478 70896
26374 68482 70873
26399 68481 70865
26424 68479 70856
26449 68451 70843
26474 68415 70829
26499 68404 70822
26524 68400 70808
26549 68404 70795
26574 68410 70778
26599 68416 70766
26624 68415 70748
26649 68383 70732
26674 68331 70717
26699 68321 70703
26724 68314 70684
26749 68317 70668
26774 68321 70647
26799 68324 70638
26824 68329 70623
26849 68311 70607
26874 68277 70596
26899 68269 70587
26924 68259 70566
26949 68264 70545
26974 68263 70532
26999 68274 70513
27024 68281 70499
27049 68248 70490
27074 68229 70477
27099 68218 70463
27124 68220 70451
27149 68224 70441
27174 68227 70434
27199 68232 70423
27224 68233 70410
27249 68210 70394
27274 68175 70381
27299 68164 70366
27324 68165 70359
27349 68166 70347
27374 68170 70328
27399 68177 70321
27424 68182 70306
27449 68162 70296
27474 68130 70281
27499 68115 70267
27524 68113 70253
27549 68116 70239
27574 68123 70229
27599 68132 70208
27624 68140 70184
27649 68123 70163
27674 68092 70153
27699 68083 70146
27724 68074 70132
27749 68074 70120
27774 68074 70105
27799 68081 70094
27824 68085 70080
27849 68072 70066
27874 68038 70059
27899 68036 70047
27924 68041 70034
27949 68043 70021
27974 68041 70013
27999 68045 69996
28024 68052 69979
28049 68040 69967
28074 68019 69955
28099 68016 69947
28124 68009 69932
28149 68014 69921
28174 68015 69911
28199 68019 69900
28224 68026 69885
28249 68014 69872
28274 67995 69861
28299 67978 69844
28324 67979 69833
28349 67984 69822
28374 67989 69807
28399 67994 69799
28424 68001 69789
28449 68004 69774
28474 67981 69765
28499 67961 69752
28524 67955 69745
28549 67959 69735
28574 67962 69722
28599 67968 69709
28624 67973 69699
28649 67971 69690
28674 67954 69679
28699 67943 69669
28724 67939 69663
28749 67944 69649
28774 67948 69639
28799 67951 69626
28824 67956 69613
28849 67957 69606
28874 67947 69594
28899 67944 69578
28924 67937 69570
28949 67944 69554
28974 67948 69542
28999 67953 69531
29024 67955 69519
29049 67953 69509
29074 67941 69498
29099 67913 69488
29124 67911 69476
29149 67917 69464
29174 67925 69454
29199 67931 69437
29224 67937 69423
29249 67934 69410
29274 67928 69398
29299 67923 69388
29324 67920 69376
29349 67923 69363
29374 67927 69351
29399 67931 69338
29424 67931 69326
29449 67933 69312
29474 67933 69304
29499 67931 69294
29524 67931 69286
29549 67932 69276
29574 67941 69265
29599 67941 69259
29624 67939 69246
29649 67946 69233
29674 67946 69225
29699 67924 69214
29724 67917 69206
29749 67922 69196
29774 67927 69189
29799 67931 69177
29824 67929 69172
29849 67930 69161
29874 67932 69155
29899 67914 69147
29924 67905 69140
29949 67909 69134
29974 67910 69126
29999 67910 69115
30024 67908 69108
30049 67910 69102
30074 67915 69094
30099 67908 69088
30124 67900 69081
30149 67893 69073
30174 67866 69065
30199 67864 69060
30224 67861 69053
30249 67865 69048
30274 67871 69041
30299 67874 69028
30324 67875 69019
30349 67829 69011
30374 67729 68997
30399 67713 68988
30424 67703 68984
30449 67710 68977
30474 67712 68968
30499 67718 68959
30524 67719 68952
30549 67634 68944
30574 67571 68935
30599 67559 68928
30624 67554 68921
30649 67559 68913
30674 67568 68904
30699 67571 68896
30724 67578 68888
30749 67512 68885
30774 67417 68878
30799 67404 68874
30824 67409 68868
30849 67414 68861
30874 67417 68859
30899 67421 68848
30924 67424 68842
30949 67358 68836
30974 67253 68828
30999 67229 68822
31024 67234 68814
31049 67241 68806
31074 67246 68799
31099 67252 68792
31124 67259 68785
31149 67183 68767
31174 67109 68763
31199 67086 68755
31224 67088 68749
31249 67091 68740
31274 67096 68726
31299 67103 68719
31324 67107 68711
31349 67056 68703
31374 66973 68696
31399 66958 68689
31424 66960 68683
31449 66963 68672
31474 66967 68664
31499 66970 68659
31524 66976 68651
31549 66913 68647
31574 66823 68638
31599 66810 68627
31624 66802 68618
31649 66806 68609
31674 66810 68600
31699 66816 68588
31724 66820 68582
31749 66746 68569
31774 66656 68558
31799 66626 68548
31824 66627 68539
31849 66633 68526
31874 66640 68520
31899 66642 68512
31924 66642 68503
31949 66582 68496
31974 66508 68487
31999 66487 68482
32024 66482 68473
32049 66485 68466
32074 66490 68455
32099 66492 68449
32124 66494 68440
32149 66442 68428
32174 66366 68422
32199 66346 68413
32224 66343 68406
32249 66354 68394
32274 66358 68387
32299 66363 68377
32324 66367 68369
32349 66323 68360
32374 66229 68350
32399 66211 68340
32424 66206 68332
32449 66207 68328
32474 66212 68319
32499 66216 68309
32524 66218 68302
32549 66169 68292
32574 66079 68283
32599 66053 68275
32624 66037 68269
32649 66041 68258
32674 66046 68247
32699 66047 68233
32724 66047 68224
32749 66001 68219
32774 65933 68214
32799 65911 68198
32824 65908 68192
32849 65906 68184
32874 65911 68177
32899 65914 68167
32924 65917 68153
32949 65873 68144
32974 65824 68129
32999 65808 68119
33024 65809 68109
33049 65809 68102
33074 65819 68089
33099 65824 68080
33124 65822 68076
33149 65766 68060
33174 65701 68049
33199 65675 68041
33224 65676 68029
33249 65683 68014
33274 65685 68005
33299 65689 68000
33324 65693 67987
33349 65649 67978
33374 65588 67969
33399 65565 67958
33424 65566 67947
33449 65568 67939
33474 65573 67933
33499 65582 67927
33524 65590 67919
33549 65548 67912
33574 65473 67893
33599 65434 67880
33624 65441 67864
33649 65448 67859
33674 65451 67852
33699 65457 67841
33724 65461 67834
33749 65417 67821
33774 65333 67806
33799 65312 67801
33824 65308 67794
33849 65315 67781
33874 65318 67770
33899 65323 67754
33924 65328 67743
33949 65296 67733
33974 65208 67722
33999 65171 67716
34024 65172 67701
34049 65177 67690
34074 65180 67671
34099 65184 67658
34124 65191 67642
34149 65171 67629
34174 65094 67617
34199 65072 67604
34224 65068 67593
34249 65073 67580
34274 65082 67565
34299 65092 67549
34324 65095 67537
34349 65037 67525
34374 64941 67508
34399 64925 67493
34424 64920 67481
34449 64919 67466
34474 64923 67455
34499 64927 67441
34524 64935 67430
34549 64896 67424
34574 64829 67404
34599 64766 67396
34624 64763 67381
34649 64771 67368
34674 64779 67351
34699 64781 67332
34724 64789 67323
34749 64766 67315
34774 64719 67300
34799 64693 67287
34824 64694 67269
34849 64696 67257
34874 64704 67246
34899 64707 67237
34924 64709 67226
34949 64684 67210
34974 64626 67193
34999 64590 67177
35024 64592 67170
35049 64600 67151
35074 64609 67141
35099 64614 67124
35124 64612 67105
35149 64587 67094
35174 64523 67080
35199 64494 67066
35224 64504 67044
35249 64509 67028
35274 64508 67016
35299 64514 66994
35324 64517 66983
35349 64495 66969
35374 64433 66956
35399 64411 66938
35424 64414 66925
35449 64424 66910
35474 64428 66892
35499 64430 66878
35524 64426 66867
35549 64395 66853
35574 64321 66836
35599 64287 66826
35624 64286 66807
35649 64294 66793
35674 64301 66785
35699 64308 66772
35724 64316 66764
35749 64275 66747
35774 64230 66729
35799 64208 66712
35824 64203 66699
35849 64200 66689
35874 64203 66677
35899 64210 66657
35924 64217 66642
35949 64202 66629
35974 64132 66616
35999 64100 66598
36024 64101 66589
36049 64110 66577
36074 64120 66561
36099 64121 66552
36124 64123 66542
36149 64099 66528
36174 64067 66514
36199 64048 66498
36224 64046 66484
36249 64056 66471
36274 64060 66460
36299 64065 66450
36324 64068 66432
36349 64056 66415
36374 64009 66397
36399 63967 66386
36424 63963 66367
36449 63972 66344
36474 63976 66331
36499 63975 66323
36524 63978 66310
36549 63970 66300
36574 63934 66292
36599 63908 66277
36624 63909 66259
36649 63914 66245
36674 63916 66228
36699 63920 66209
36724 63925 66197
36749 63905 66184
36774 63876 66176
36799 63856 66161
36824 63856 66154
36849 63863 66140
36874 63872 66132
36899 63875 66111
36924 63874 66093
36949 63872 66075
36974 63831 66059
36999 63816 66048
37024 63825 66036
37049 63825 66026
37074 63825 66018
37099 63829 66004
37124 63833 65984
37149 63824 65967
37174 63761 65952
37199 63745 65937
37224 63743 65925
37249 63747 65917
37274 63751 65905
37299 63757 65894
37324 63758 65881
37349 63751 65863
37374 63712 65851
37399 63695 65840
37424 63701 65826
37449 63705 65814
37474 63709 65802
37499 63711 65786
37524 63712 65772
37549 63702 65753
37574 63677 65741
37599 63664 65725
37624 63652 65713
37649 63656 65699
37674 63662 65684
37699 63668 65671
37724 63672 65649
37749 63659 65635
37774 63619 65628
37799 63592 65611
37824 63595 65601
37849 63597 65596
37874 63600 65585
37899 63607 65576
37924 63615 65563
37949 63607 65555
37974 63576 65546
37999 63545 65533
38024 63545 65517
38049 63554 65505
38074 63560 65493
38099 63571 65486
38124 63573 65471
38149 63561 65459
38174 63539 65454
38199 63523 65439
38224 63522 65431
38249 63525 65425
38274 63527 65418
38299 63528 65407
38324 63530 65398
38349 63528 65380
38374 63515 65365
38399 63492 65353
38424 63492 65341
38449 63497 65331
38474 63501 65323
38499 63504 65310
38524 63508 65296
38549 63500 65285
38574 63483 65275
38599 63478 65262
38624 63477 65248
38649 63479 65241
38674 63486 65232
38699 63492 65217
38724 63494 65207
38749 63497 65190
38774 63495 65175
38799 63479 65159
38824 63477 65150
38849 63482 65136
38874 63486 65125
38899 63490 65110
38924 63491 65099
38949 63491 65092
38974 63486 65088
38999 63461 65076
39024 63450 65061
39049 63453 65051
39074 63456 65040
39099 63461 65026
39124 63464 65014
39149 63469 65005
39174 63461 64993
39199 63449 64979
39224 63446 64966
39249 63450 64958
39274 63455 64950
39299 63460 64943
39324 63465 64932
39349 63468 64920
39374 63464 64908
39399 63457 64903
39424 63450 64893
39449 63456 64885
39474 63459 64878
39499 63463 64865
39524 63465 64859
39549 63466 64852
39574 63461 64845
39599 63454 64835
39624 63446 64825
39649 63446 64814
39674 63453 64806
39699 63454 64793
39724 63456 64784
39749 63463 64772
39774 63467 64764
39799 63456 64760
39824 63451 64755
39849 63457 64742
39874 63462 64736
39899 63461 64722
39924 63461 64715
39949 63464 64702
39974 63467 64695
39999 63463 64684
