Iteration / Electron np / Ion np
24 99037 100000
49 94796 99999
74 93024 99995
99 93024 99991
124 93025 99979
149 93027 99969
174 93029 99953
199 93032 99932
224 93034 99902
249 92979 99862
274 92945 99816
299 92950 99774
324 92960 99717
349 92931 99654
374 92937 99566
399 92944 99484
424 92954 99404
449 92732 99278
474 92743 99164
499 92744 99037
524 92764 98879
549 92774 98727
574 92775 98568
599 92768 98436
624 92703 98311
649 92346 98188
674 92351 98058
699 92314 97925
724 92325 97803
749 92319 97697
774 92332 97581
799 92333 97478
824 92026 97349
849 92016 97225
874 91846 97120
899 91732 97010
924 91736 96885
949 91735 96755
974 91745 96655
999 91744 96556
1024 91707 96444
1049 91568 96343
1074 90727 96232
1099 90722 96143
1124 90715 96031
1149 90730 95925
1174 90738 95827
1199 90741 95748
1224 90740 95658
1249 90247 95555
1274 90237 95451
1299 90221 95357
1324 90228 95237
1349 90228 95147
1374 90242 95060
1399 90257 94968
1424 90228 94892
1449 90121 94813
1474 89612 94730
1499 89617 94652
1524 89620 94554
1549 89636 94470
1574 89627 94385
1599 89634 94309
1624 89531 94239
1649 89461 94168
1674 89414 94085
1699 89330 94005
1724 89336 93900
1749 89339 93824
1774 89344 93753
1799 89333 93685
1824 89328 93626
1849 88687 93548
1874 88662 93474
1899 88656 93401
1924 88655 93325
1949 88663 93262
1974 88671 93197
1999 88676 93120
2024 88663 93042
2049 88442 92979
2074 88202 92924
2099 88200 92844
2124 88205 92764
2149 88208 92680
2174 88213 92623
2199 88226 92553
2224 88204 92496
2249 88120 92425
2274 87808 92374
2299 87800 92312
2324 87800 92256
2349 87800 92206
2374 87806 92151
2399 87810 92092
2424 87754 92038
2449 87695 91981
2474 87451 91930
2499 87443 91870
2524 87450 91795
2549 87459 91739
2574 87468 91681
2599 87474 91631
2624 87388 91578
2649 87302 91517
2674 87122 91454
2699 87101 91402
2724 87096 91350
2749 87104 91288
2774 87109 91241
2799 87112 91197
2824 87045 91140
2849 86889 91089
2874 86754 91045
2899 86739 90985
2924 86738 90935
2949 86737 90891
2974 86741 90832
2999 86741 90789
3024 86677 90732
3049 86515 90675
3074 86383 90626
3099 86365 90571
3124 86367 90520
3149 86373 90471
3174 86380 90424
3199 86379 90374
3224 86341 90326
3249 86129 90268
3274 86012 90215
3299 86003 90177
3324 85998 90135
3349 85995 90099
3374 86001 90047
3399 86010 89985
3424 85990 89951
3449 85776 89908
3474 85668 89863
3499 85668 89820
3524 85667 89771
3549 85670 89720
3574 85674 89686
3599 85676 89644
3624 85657 89597
3649 85407 89562
3674 85338 89520
3699 85336 89488
3724 85332 89452
3749 85337 89405
3774 85340 89359
3799 85336 89316
3824 85330 89264
3849 85112 89227
3874 85048 89185
3899 85044 89139
3924 85042 89087
3949 85040 89037
3974 85047 88987
3999 85050 88941
4024 85031 88903
4049 84831 88854
4074 84744 88818
4099 84744 88783
4124 84742 88736
4149 84745 88697
4174 84748 88651
4199 84748 88614
4224 84731 88582
4249 84538 88544
4274 84460 88501
4299 84455 88466
4324 84449 88435
4349 84449 88400
4374 84454 88348
4399 84456 88308
4424 84434 88282
4449 84280 88230
4474 84215 88182
4499 84215 88139
4524 84217 88095
4549 84211 88051
4574 84213 88001
4599 84210 87961
4624 84208 87910
4649 84003 87888
4674 83944 87847
4699 83943 87815
4724 83944 87769
4749 83949 87738
4774 83946 87696
4799 83946 87671
4824 83934 87637
4849 83768 87606
4874 83705 87579
4899 83705 87535
4924 83708 87504
4949 83707 87473
4974 83710 87436
4999 83711 87398
5024 83703 87358
5049 83532 87308
5074 83461 87273
5099 83463 87232
5124 83469 87187
5149 83472 87146
5174 83475 87114
5199 83473 87076
5224 83467 87046
5249 83308 87009
5274 83251 86979
5299 83241 86943
5324 83242 86905
5349 83241 86869
5374 83242 86836
5399 83246 86806
5424 83234 86773
5449 83119 86747
5474 83057 86724
5499 83059 86689
5524 83065 86654
5549 83067 86613
5574 83069 86578
5599 83075 86530
5624 83061 86510
5649 82921 86474
5674 82879 86445
5699 82878 86408
5724 82873 86374
5749 82876 86350
5774 82874 86318
5799 82872 86293
5824 82867 86258
5849 82739 86231
5874 82690 86192
5899 82688 86155
5924 82690 86116
5949 82692 86085
5974 82691 86055
5999 82700 86020
6024 82694 85997
6049 82556 85962
6074 82504 85937
6099 82498 85916
6124 82499 85892
6149 82499 85869
6174 82499 85850
6199 82496 85814
6224 82497 85778
6249 82397 85748
6274 82353 85711
6299 82353 85675
6324 82354 85641
6349 82349 85612
6374 82354 85579
6399 82352 85557
6424 82342 85530
6449 82274 85503
6474 82232 85474
6499 82229 85442
6524 82229 85410
6549 82233 85379
6574 82234 85353
6599 82232 85328
6624 82233 85310
6649 82132 85281
6674 82074 85257
6699 82070 85230
6724 82074 85195
6749 82071 85174
6774 82070 85150
6799 82074 85126
6824 82070 85100
6849 81997 85066
6874 81936 85036
6899 81933 85008
6924 81929 84982
6949 81928 84954
6974 81929 84930
6999 81930 84903
7024 81926 84879
7049 81871 84839
7074 81824 84817
7099 81819 84789
7124 81824 84756
7149 81826 84734
7174 81825 84712
7199 81827 84688
7224 81830 84658
7249 81757 84628
7274 81709 84594
7299 81709 84569
7324 81707 84537
7349 81704 84513
7374 81705 84493
7399 81706 84469
7424 81703 84443
7449 81657 84420
7474 81612 84398
7499 81613 84375
7524 81614 84354
7549 81616 84337
7574 81618 84313
7599 81616 84289
7624 81618 84268
7649 81568 84247
7674 81538 84228
7699 81536 84207
7724 81534 84195
7749 81541 84165
7774 81542 84144
7799 81548 84112
7824 81544 84083
7849 81488 84059
7874 81453 84036
7899 81455 84008
7924 81451 83983
7949 81452 83963
7974 81452 83945
7999 81452 83925
8024 81451 83910
8049 81413 83887
8074 81385 83866
8099 81383 83839
8124 81382 83822
8149 81384 83799
8174 81384 83779
8199 81386 83760
8224 81386 83740
8249 81352 83719
8274 81324 83700
8299 81322 83681
8324 81320 83665
8349 81322 83642
8374 81329 83617
8399 81331 83598
8424 81330 83583
8449 81301 83567
8474 81281 83548
8499 81278 83534
8524 81279 83514
8549 81280 83496
8574 81281 83475
8599 81285 83458
8624 81284 83440
8649 81251 83425
8674 81231 83411
8699 81231 83397
8724 81235 83378
8749 81236 83363
8774 81239 83348
8799 81242 83335
8824 81245 83317
8849 81230 83295
8874 81202 83273
8899 81199 83255
8924 81195 83240
8949 81198 83223
8974 81202 83201
8999 81206 83179
9024 81208 83162
9049 81185 83145
9074 81151 83128
9099 81150 83103
9124 81152 83086
9149 81156 83067
9174 81154 83046
9199 81158 83025
9224 81161 83009
9249 81158 82987
9274 81134 82966
9299 81138 82952
9324 81139 82934
9349 81139 82914
9374 81140 82890
9399 81139 82880
9424 81144 82855
9449 81134 82846
9474 81122 82828
9499 81119 82811
9524 81120 82789
9549 81121 82771
9574 81121 82760
9599 81128 82745
9624 81129 82732
9649 81104 82714
9674 81094 82702
9699 81092 82690
9724 81094 82681
9749 81086 82670
9774 81005 82658
9799 81006 82647
9824 81008 82634
9849 81006 82620
9874 81006 82610
9899 81003 82592
9924 81004 82576
9949 80945 82561
9974 80768 82541
9999 80770 82522
10024 80770 82512
10049 80775 82495
10074 80777 82483
10099 80778 82468
10124 80779 82446
10149 80661 82429
10174 80520 82416
10199 80515 82404
10224 80517 82393
10249 80524 82382
10274 80525 82369
10299 80526 82358
10324 80527 82343
10349 80416 82335
10374 80211 82320
10399 80203 82309
10424 80208 82295
10449 80214 82283
10474 80219 82272
10499 80217 82259
10524 80218 82253
10549 80104 82242
10574 79926 82223
10599 79910 82215
10624 79908 82204
10649 79917 82190
10674 79918 82175
10699 79919 82161
10724 79926 82145
10749 79805 82137
10774 79635 82126
10799 79624 82111
10824 79624 82098
10849 79629 82085
10874 79636 82072
10899 79643 82057
10924 79647 82044
10949 79541 82028
10974 79374 82018
10999 79357 82006
11024 79364 81986
11049 79367 81977
11074 79373 81956
11099 79379 81942
11124 79384 81930
11149 79271 81914
11174 79086 81899
11199 79074 81886
11224 79081 81872
11249 79085 81860
11274 79095 81842
11299 79100 81819
11324 79103 81809
11349 78973 81800
11374 78844 81785
11399 78831 81766
11424 78829 81743
11449 78834 81721
11474 78839 81704
11499 78852 81683
11524 78858 81665
11549 78757 81650
11574 78592 81625
11599 78570 81601
11624 78573 81585
11649 78582 81570
11674 78584 81550
11699 78586 81528
11724 78591 81507
11749 78477 81482
11774 78319 81459
11799 78304 81434
11824 78305 81408
11849 78307 81391
11874 78312 81372
11899 78319 81351
11924 78324 81322
11949 78173 81301
11974 78032 81278
11999 78011 81257
12024 78016 81234
12049 78026 81221
12074 78028 81206
12099 78033 81188
12124 78042 81166
12149 77936 81142
12174 77770 81120
12199 77748 81101
12224 77752 81073
12249 77759 81053
12274 77760 81034
12299 77762 81016
12324 77758 80991
12349 77626 80970
12374 77488 80942
12399 77475 80925
12424 77476 80908
12449 77482 80898
12474 77490 80872
12499 77495 80844
12524 77504 80817
12549 77374 80793
12574 77212 80766
12599 77197 80734
12624 77199 80709
12649 77202 80675
12674 77214 80641
12699 77217 80610
12724 77211 80579
12749 77083 80553
12774 76950 80521
12799 76933 80494
12824 76935 80468
12849 76941 80437
12874 76943 80398
12899 76947 80370
12924 76952 80341
12949 76815 80314
12974 76693 80296
12999 76676 80268
13024 76677 80243
13049 76684 80219
13074 76694 80195
13099 76694 80177
13124 76698 80152
13149 76561 80120
13174 76421 80091
13199 76410 80064
13224 76416 80039
13249 76425 80004
13274 76429 79975
13299 76428 79943
13324 76436 79906
13349 76310 79876
13374 76214 79835
13399 76197 79807
13424 76202 79781
13449 76212 79748
13474 76215 79727
13499 76217 79700
13524 76219 79671
13549 76078 79641
13574 75965 79622
13599 75951 79590
13624 75947 79568
13649 75952 79541
13674 75961 79521
13699 75965 79492
13724 75964 79470
13749 75849 79443
13774 75739 79418
13799 75720 79388
13824 75715 79364
13849 75717 79328
13874 75730 79286
13899 75731 79253
13924 75728 79215
13949 75601 79187
13974 75486 79161
13999 75469 79142
14024 75472 79118
14049 75482 79082
14074 75489 79050
14099 75487 79018
14124 75483 78992
14149 75353 78962
14174 75253 78933
14199 75247 78905
14224 75250 78876
14249 75258 78851
14274 75265 78817
14299 75266 78795
14324 75262 78774
14349 75162 78752
14374 75039 78717
14399 75028 78687
14424 75035 78661
14449 75041 78632
14474 75042 78607
14499 75039 78579
14524 75046 78540
14549 74942 78500
14574 74855 78457
14599 74834 78434
14624 74836 78397
14649 74838 78363
14674 74844 78333
14699 74858 78305
14724 74865 78266
14749 74744 78236
14774 74633 78207
14799 74621 78180
14824 74618 78156
14849 74623 78130
14874 74632 78097
14899 74635 78074
14924 74639 78040
14949 74549 78017
14974 74450 77990
14999 74429 77964
15024 74427 77938
15049 74431 77913
15074 74430 77889
15099 74437 77866
15124 74447 77832
15149 74329 77800
15174 74261 77777
15199 74239 77745
15224 74245 77703
15249 74244 77678
15274 74247 77654
15299 74263 77619
15324 74266 77587
15349 74182 77563
15374 74086 77541
15399 74070 77518
15424 74062 77495
15449 74075 77463
15474 74080 77437
15499 74082 77404
15524 74089 77372
15549 74024 77351
15574 73944 77325
15599 73939 77301
15624 73935 77279
15649 73940 77258
15674 73942 77236
15699 73950 77205
15724 73947 77172
15749 73868 77152
15774 73781 77126
15799 73777 77096
15824 73768 77067
15849 73775 77038
15874 73780 77018
15899 73779 76991
15924 73788 76959
15949 73716 76926
15974 73636 76892
15999 73627 76870
16024 73625 76849
16049 73626 76818
16074 73628 76797
16099 73633 76770
16124 73629 76747
16149 73542 76720
16174 73497 76701
16199 73494 76671
16224 73491 76654
16249 73500 76630
16274 73503 76603
16299 73508 76581
16324 73510 76566
16349 73436 76540
16374 73366 76514
16399 73361 76484
16424 73356 76454
16449 73352 76434
16474 73355 76414
16499 73361 76394
16524 73368 76369
16549 73323 76344
16574 73256 76316
16599 73254 76296
16624 73250 76269
16649 73250 76247
16674 73254 76222
16699 73258 76196
16724 73260 76173
16749 73209 76141
16774 73151 76100
16799 73131 76073
16824 73128 76056
16849 73127 76032
16874 73131 76007
16899 73142 75983
16924 73140 75961
16949 73095 75941
16974 73047 75923
16999 73035 75903
17024 73033 75885
17049 73034 75869
17074 73034 75852
17099 73039 75821
17124 73042 75804
17149 72986 75786
17174 72954 75762
17199 72948 75735
17224 72942 75717
17249 72942 75703
17274 72945 75688
17299 72951 75669
17324 72958 75648
17349 72916 75626
17374 72873 75604
17399 72863 75573
17424 72868 75548
17449 72873 75526
17474 72872 75498
17499 72871 75473
17524 72871 75448
17549 72839 75425
17574 72815 75405
17599 72808 75381
17624 72805 75360
17649 72804 75342
17674 72806 75317
17699 72809 75300
17724 72815 75286
17749 72780 75260
17774 72738 75242
17799 72728 75224
17824 72727 75208
17849 72730 75188
17874 72734 75171
17899 72735 75158
17924 72740 75134
17949 72709 75111
17974 72688 75089
17999 72680 75073
18024 72687 75055
18049 72696 75039
18074 72694 75018
18099 72699 75005
18124 72699 74988
18149 72670 74971
18174 72632 74961
18199 72627 74944
18224 72631 74922
18249 72629 74914
18274 72631 74897
18299 72638 74884
18324 72642 74866
18349 72625 74856
18374 72590 74841
18399 72581 74823
18424 72579 74803
18449 72584 74785
18474 72591 74765
18499 72595 74747
18524 72601 74725
18549 72583 74704
18574 72557 74679
18599 72547 74649
18624 72548 74629
18649 72549 74611
18674 72547 74597
18699 72548 74583
18724 72550 74575
18749 72538 74556
18774 72526 74540
18799 72522 74517
18824 72515 74497
18849 72525 74474
18874 72525 74463
18899 72533 74442
18924 72539 74425
18949 72531 74408
18974 72498 74399
18999 72500 74384
19024 72506 74372
19049 72511 74353
19074 72517 74340
19099 72521 74327
19124 72526 74316
19149 72519 74307
19174 72510 74294
19199 72507 74283
19224 72508 74270
19249 72511 74258
19274 72517 74241
19299 72523 74220
19324 72526 74204
19349 72524 74191
19374 72508 74181
19399 72486 74164
19424 72483 74149
19449 72483 74140
19474 72483 74130
19499 72483 74120
19524 72488 74104
19549 72495 74093
19574 72484 74080
19599 72478 74064
19624 72477 74058
19649 72479 74048
19674 72482 74034
19699 72483 74022
19724 72487 74016
19749 72489 74001
19774 72489 73990
19799 72470 73977
19824 72466 73967
19849 72471 73954
19874 72472 73948
19899 72464 73932
19924 72466 73921
19949 72471 73915
19974 72475 73900
19999 72468 73892
20024 72470 73876
20049 72476 73865
20074 72476 73852
20099 72483 73839
20124 72481 73824
20149 72485 73813
20174 72488 73800
20199 72487 73793
20224 72487 73784
20249 72474 73775
20274 72454 73766
20299 72440 73755
20324 72436 73746
20349 72440 73736
20374 72442 73716
20399 72443 73705
20424 72447 73695
20449 72399 73681
20474 72320 73663
20499 72310 73655
20524 72303 73646
20549 72307 73637
20574 72308 73628
20599 72305 73618
20624 72304 73614
20649 72222 73609
20674 72145 73601
20699 72135 73592
20724 72127 73585
20749 72127 73574
20774 72129 73568
20799 72134 73547
20824 72133 73537
20849 72054 73527
20874 71976 73514
20899 71972 73502
20924 71973 73494
20949 71977 73486
20974 71986 73478
20999 71988 73472
21024 71986 73466
21049 71887 73456
21074 71823 73440
21099 71812 73430
21124 71810 73424
21149 71811 73417
21174 71815 73410
21199 71821 73398
21224 71829 73388
21249 71746 73380
21274 71662 73373
21299 71650 73364
21324 71650 73357
21349 71654 73346
21374 71659 73334
21399 71665 73331
21424 71670 73322
21449 71582 73313
21474 71499 73300
21499 71491 73292
21524 71491 73282
21549 71498 73274
21574 71499 73263
21599 71503 73255
21624 71507 73252
21649 71413 73247
21674 71354 73242
21699 71345 73235
21724 71345 73223
21749 71348 73201
21774 71350 73192
21799 71358 73180
21824 71361 73173
21849 71274 73166
21874 71203 73156
21899 71195 73148
21924 71194 73142
21949 71197 73133
21974 71197 73129
21999 71202 73120
22024 71206 73106
22049 71128 73092
22074 71062 73082
22099 71052 73076
22124 71050 73070
22149 71057 73063
22174 71058 73057
22199 71060 73044
22224 71065 73037
22249 70984 73023
22274 70923 73017
22299 70907 73010
22324 70907 72995
22349 70912 72990
22374 70915 72981
22399 70922 72969
22424 70927 72960
22449 70832 72953
22474 70768 72939
22499 70760 72929
22524 70763 72921
22549 70772 72912
22574 70775 72910
22599 70781 72900
22624 70786 72889
22649 70671 72882
22674 70610 72872
22699 70600 72865
22724 70601 72857
22749 70603 72848
22774 70609 72832
22799 70613 72821
22824 70610 72808
22849 70533 72797
22874 70481 72788
22899 70477 72776
22924 70475 72770
22949 70478 72757
22974 70483 72747
22999 70489 72735
23024 70491 72727
23049 70407 72713
23074 70328 72703
23099 70316 72693
23124 70314 72681
23149 70319 72673
23174 70321 72664
23199 70323 72658
23224 70328 72644
23249 70258 72639
23274 70201 72631
23299 70195 72618
23324 70198 72598
23349 70202 72582
23374 70206 72575
23399 70204 72564
23424 70208 72554
23449 70115 72538
23474 70061 72532
23499 70055 72520
23524 70052 72510
23549 70053 72492
23574 70057 72475
23599 70063 72454
23624 70063 72444
23649 69997 72432
23674 69919 72420
23699 69912 72410
23724 69911 72399
23749 69916 72384
23774 69921 72373
23799 69924 72361
23824 69927 72346
23849 69863 72331
23874 69822 72321
23899 69816 72308
23924 69815 72296
23949 69820 72284
23974 69824 72273
23999 69822 72267
24024 69823 72254
24049 69726 72245
24074 69661 72230
24099 69654 72211
24124 69648 72202
24149 69655 72195
24174 69657 72182
24199 69660 72168
24224 69662 72157
24249 69620 72140
24274 69559 72125
24299 69547 72110
24324 69551 72097
24349 69556 72088
24374 69558 72074
24399 69562 72061
24424 69567 72052
24449 69498 72039
24474 69423 72024
24499 69414 72015
24524 69418 71999
24549 69422 71973
24574 69424 71962
24599 69420 71950
24624 69423 71945
24649 69368 71927
24674 69314 71906
24699 69305 71891
24724 69305 71883
24749 69310 71863
24774 69313 71850
24799 69314 71840
24824 69316 71823
24849 69269 71807
24874 69218 71795
24899 69208 71787
24924 69204 71773
24949 69207 71760
24974 69211 71745
24999 69214 71730
25024 69214 71719
25049 69142 71706
25074 69094 71692
25099 69090 71675
25124 69092 71661
25149 69093 71646
25174 69091 71630
25199 69095 71619
25224 69097 71604
25249 69034 71585
25274 68982 71566
25299 68985 71549
25324 68984 71533
25349 68986 71515
25374 68988 71498
25399 68991 71478
25424 68990 71474
25449 68940 71451
25474 68882 71434
25499 68882 71413
25524 68883 71395
25549 68885 71375
25574 68886 71358
25599 68882 71347
25624 68880 71334
25649 68837 71317
25674 68788 71303
25699 68777 71287
25724 68778 71274
25749 68785 71257
25774 68789 71245
25799 68793 71227
25824 68791 71210
25849 68732 71200
25874 68696 71188
25899 68693 71172
25924 68694 71154
25949 68698 71139
25974 68701 71131
25999 68705 71119
26024 68705 71107
26049 68657 71097
26074 68621 71079
26099 68609 71058
26124 68609 71047
26149 68610 71036
26174 68618 71027
26199 68623 71006
26224 68623 70993
26249 68588 70972
26274 68554 70963
26299 68550 70951
26324 68547 70942
26349 68549 70923
26374 68550 70908
26399 68552 70890
26424 68554 70872
26449 68519 70858
26474 68483 70849
26499 68477 70839
26524 68479 70831
26549 68483 70814
26574 68486 70794
26599 68491 70777
26624 68488 70770
26649 68435 70760
26674 68397 70748
26699 68386 70732
26724 68382 70725
26749 68384 70703
26774 68388 70689
26799 68393 70680
26824 68398 70667
26849 68358 70652
26874 68328 70645
26899 68327 70626
26924 68324 70617
26949 68331 70597
26974 68332 70589
26999 68333 70578
27024 68334 70563
27049 68297 70542
27074 68276 70523
27099 68268 70508
27124 68264 70486
27149 68267 70472
27174 68271 70456
27199 68275 70432
27224 68275 70421
27249 68246 70408
27274 68232 70400
27299 68222 70392
27324 68224 70380
27349 68230 70369
27374 68233 70358
27399 68236 70346
27424 68237 70332
27449 68208 70309
27474 68190 70290
27499 68183 70280
27524 68174 70267
27549 68183 70244
27574 68188 70230
27599 68192 70214
27624 68192 70202
27649 68165 70187
27674 68133 70173
27699 68120 70164
27724 68115 70152
27749 68120 70135
27774 68124 70125
27799 68128 70113
27824 68131 70103
27849 68094 70089
27874 68071 70080
27899 68065 70069
27924 68066 70057
27949 68072 70046
27974 68080 70034
27999 68077 70019
28024 68077 70009
28049 68078 70000
28074 68065 69988
28099 68056 69975
28124 68054 69963
28149 68059 69941
28174 68066 69923
28199 68074 69910
28224 68071 69902
28249 68053 69893
28274 68035 69877
28299 68027 69863
28324 68024 69846
28349 68030 69838
28374 68033 69828
28399 68037 69820
28424 68036 69809
28449 68025 69795
28474 68010 69784
28499 68002 69776
28524 68004 69764
28549 68007 69748
28574 68009 69740
28599 68011 69731
28624 68011 69724
28649 68004 69713
28674 67985 69707
28699 67985 69695
28724 67984 69686
28749 67988 69670
28774 67986 69659
28799 67987 69638
28824 67987 69627
28849 67985 69614
28874 67980 69602
28899 67975 69590
28924 67973 69567
28949 67973 69556
28974 67975 69547
28999 67978 69536
29024 67986 69525
29049 67992 69514
29074 67984 69499
29099 67975 69487
29124 67974 69478
29149 67979 69463
29174 67980 69459
29199 67984 69442
29224 67987 69437
29249 67985 69426
29274 67977 69416
29299 67970 69411
29324 67969 69400
29349 67974 69391
29374 67978 69377
29399 67978 69368
29424 67979 69363
29449 67978 69356
29474 67974 69352
29499 67967 69340
29524 67968 69329
29549 67974 69320
29574 67976 69312
29599 67981 69297
29624 67978 69291
29649 67979 69283
29674 67975 69275
29699 67967 69267
29724 67963 69256
29749 67960 69249
29774 67967 69240
29799 67970 69233
29824 67970 69222
29849 67970 69212
29874 67963 69201
29899 67953 69188
29924 67955 69179
29949 67963 69169
29974 67952 69164
29999 67950 69154
30024 67945 69148
30049 67950 69138
30074 67951 69126
30099 67947 69116
30124 67950 69110
30149 67941 69104
30174 67900 69092
30199 67898 69081
30224 67897 69071
30249 67899 69062
30274 67898 69061
30299 67896 69057
30324 67888 69051
30349 67853 69040
30374 67758 69035
30399 67748 69029
30424 67744 69019
30449 67748 69012
30474 67752 68997
30499 67750 68986
30524 67747 68979
30549 67667 68974
30574 67576 68968
30599 67561 68956
30624 67568 68945
30649 67573 68940
30674 67576 68930
30699 67577 68920
30724 67584 68916
30749 67531 68913
30774 67422 68904
30799 67392 68893
30824 67384 68886
30849 67394 68874
30874 67399 68867
30899 67406 68859
30924 67415 68852
30949 67363 68843
30974 67260 68838
30999 67224 68825
31024 67219 68817
31049 67226 68806
31074 67231 68798
31099 67235 68787
31124 67236 68781
31149 67190 68771
31174 67111 68763
31199 67068 68753
31224 67072 68745
31249 67073 68741
31274 67084 68734
31299 67087 68721
31324 67093 68715
31349 67054 68709
31374 66955 68700
31399 66904 68692
31424 66911 68685
31449 66923 68681
31474 66937 68672
31499 66940 68666
31524 66944 68658
31549 66898 68646
31574 66805 68634
31599 66751 68626
31624 66748 68613
31649 66754 68603
31674 66762 68597
31699 66775 68586
31724 66777 68574
31749 66744 68566
31774 66646 68561
31799 66617 68553
31824 66624 68544
31849 66630 68529
31874 66638 68515
31899 66642 68507
31924 66639 68499
31949 66596 68491
31974 66505 68479
31999 66439 68471
32024 66440 68460
32049 66449 68454
32074 66454 68451
32099 66463 68439
32124 66464 68431
32149 66416 68423
32174 66343 68413
32199 66284 68405
32224 66291 68394
32249 66301 68384
32274 66308 68376
32299 66314 68368
32324 66317 68363
32349 66274 68357
32374 66191 68348
32399 66158 68338
32424 66160 68328
32449 66165 68321
32474 66184 68312
32499 66198 68301
32524 66205 68286
32549 66140 68282
32574 66060 68275
32599 66042 68266
32624 66043 68256
32649 66056 68235
32674 66060 68229
32699 66065 68220
32724 66060 68212
32749 66013 68197
32774 65950 68184
32799 65901 68178
32824 65903 68170
32849 65904 68166
32874 65913 68155
32899 65923 68144
32924 65924 68134
32949 65866 68128
32974 65798 68120
32999 65757 68114
33024 65754 68104
33049 65772 68091
33074 65782 68083
33099 65791 68075
33124 65793 68065
33149 65742 68053
33174 65666 68043
33199 65616 68030
33224 65612 68016
33249 65619 68006
33274 65626 67998
33299 65629 67984
33324 65631 67973
33349 65587 67962
33374 65531 67954
33399 65509 67940
33424 65513 67926
33449 65517 67918
33474 65526 67908
33499 65527 67895
33524 65530 67889
33549 65471 67878
33574 65406 67865
33599 65372 67855
33624 65372 67842
33649 65380 67825
33674 65387 67819
33699 65387 67805
33724 65395 67791
33749 65360 67782
33774 65293 67759
33799 65257 67749
33824 65258 67736
33849 65262 67721
33874 65267 67714
33899 65269 67712
33924 65269 67700
33949 65213 67693
33974 65148 67676
33999 65090 67665
34024 65098 67653
34049 65111 67633
34074 65116 67619
34099 65126 67600
34124 65126 67586
34149 65091 67572
34174 65013 67557
34199 65001 67543
34224 65006 67535
34249 65010 67525
34274 65024 67506
34299 65037 67496
34324 65037 67489
34349 64995 67478
34374 64912 67460
34399 64874 67442
34424 64875 67430
34449 64881 67410
34474 64885 67399
34499 64892 67384
34524 64885 67379
34549 64853 67356
34574 64792 67344
34599 64768 67328
34624 64765 67319
34649 64773 67312
34674 64774 67300
34699 64770 67286
34724 64770 67273
34749 64731 67256
34774 64666 67244
34799 64650 67229
34824 64646 67214
34849 64652 67199
34874 64657 67186
34899 64664 67169
34924 64668 67153
34949 64625 67140
34974 64575 67127
34999 64551 67119
35024 64545 67106
35049 64549 67092
35074 64556 67084
35099 64563 67073
35124 64565 67054
35149 64534 67038
35174 64479 67024
35199 64454 67008
35224 64451 66995
35249 64451 66987
35274 64458 66972
35299 64465 66952
35324 64466 66939
35349 64437 66922
35374 64388 66908
35399 64369 66894
35424 64367 66883
35449 64380 66866
35474 64385 66847
35499 64393 66831
35524 64388 66818
35549 64360 66812
35574 64288 66799
35599 64268 66780
35624 64272 66764
35649 64278 66755
35674 64281 66744
35699 64278 66729
35724 64280 66708
35749 64256 66693
35774 64203 66684
35799 64166 66667
35824 64166 66653
35849 64174 66632
35874 64181 66623
35899 64178 66605
35924 64183 66589
35949 64170 66577
35974 64111 66562
35999 64099 66549
36024 64093 66538
36049 64094 66528
36074 64109 66513
36099 64117 66489
36124 64121 66468
36149 64103 66453
36174 64044 66441
36199 64015 66432
36224 64019 66420
36249 64031 66407
36274 64039 66393
36299 64039 66381
36324 64042 66369
36349 64017 66354
36374 63954 66335
36399 63920 66324
36424 63918 66308
36449 63926 66294
36474 63937 66277
36499 63948 66259
36524 63945 66248
36549 63928 66237
36574 63880 66217
36599 63862 66201
36624 63860 66188
36649 63866 66178
36674 63867 66165
36699 63871 66156
36724 63866 66146
36749 63846 66127
36774 63794 66111
36799 63784 66093
36824 63787 66084
36849 63785 66069
36874 63791 66057
36899 63794 66043
36924 63792 66030
36949 63778 66015
36974 63734 66004
36999 63707 65987
37024 63707 65970
37049 63714 65957
37074 63719 65944
37099 63725 65926
37124 63732 65915
37149 63721 65906
37174 63686 65891
37199 63678 65881
37224 63681 65868
37249 63684 65855
37274 63690 65841
37299 63698 65829
37324 63700 65820
37349 63697 65804
37374 63675 65787
37399 63655 65777
37424 63650 65759
37449 63655 65746
37474 63664 65732
37499 63666 65720
37524 63665 65705
37549 63659 65699
37574 63616 65687
37599 63588 65679
37624 63587 65669
37649 63592 65658
37674 63595 65646
37699 63600 65629
37724 63601 65618
37749 63591 65604
37774 63559 65597
37799 63550 65581
37824 63549 65570
37849 63552 65556
37874 63553 65541
37899 63558 65524
37924 63559 65509
37949 63545 65497
37974 63505 65487
37999 63477 65474
38024 63468 65464
38049 63478 65454
38074 63483 65442
38099 63486 65432
38124 63484 65422
38149 63482 65405
38174 63463 65392
38199 63452 65375
38224 63454 65355
38249 63450 65344
38274 63456 65331
38299 63461 65320
38324 63469 65314
38349 63461 65306
38374 63427 65287
38399 63412 65274
38424 63408 65265
38449 63411 65257
38474 63410 65249
38499 63413 65239
38524 63417 65222
38549 63415 65206
38574 63411 65189
38599 63397 65179
38624 63400 65170
38649 63410 65155
38674 63416 65146
38699 63420 65132
38724 63425 65118
38749 63427 65110
38774 63412 65103
38799 63388 65085
38824 63389 65072
38849 63393 65061
38874 63395 65048
38899 63396 65040
38924 63400 65031
38949 63399 65017
38974 63388 65004
38999 63375 64990
39024 63378 64973
39049 63388 64961
39074 63394 64952
39099 63395 64937
39124 63399 64922
39149 63407 64913
39174 63397 64902
39199 63377 64889
39224 63382 64879
39249 63385 64868
39274 63392 64857
39299 63399 64849
39324 63404 64845
39349 63407 64831
39374 63396 64822
39399 63385 64816
39424 63383 64809
39449 63389 64796
39474 63389 64791
39499 63390 64783
39524 63395 64777
39549 63392 64770
39574 63392 64762
39599 63380 64753
39624 63372 64742
39649 63374 64736
39674 63378 64726
39699 63378 64713
39724 63386 64701
39749 63386 64691
39774 63391 64683
39799 63370 64674
39824 63375 64664
39849 63383 64653
39874 63388 64641
39899 63385 64634
39924 63380 64625
39949 63391 64614
39974 63390 64606
39999 63390 64596
