Iteration / Neutral Density / Excited Density / Ion Density / Electron Density
0 7.24071e+19 3.62036e+15 5.43053e+14 5.43053e+14
200 7.24071e+19 3.60316e+15 4.86196e+14 4.86196e+14 
400 7.24071e+19 3.59008e+15 4.84404e+14 4.84404e+14 
600 7.24071e+19 3.57903e+15 4.83861e+14 4.83861e+14 
800 7.24071e+19 3.5695e+15 4.84404e+14 4.84404e+14 
1000 7.24071e+19 3.56066e+15 4.81797e+14 4.81797e+14 
1200 7.24071e+19 3.55182e+15 4.80548e+14 4.80548e+14 
1400 7.24071e+19 3.54409e+15 4.78973e+14 4.78973e+14 
1600 7.24071e+19 3.5365e+15 4.74466e+14 4.74466e+14 
1800 7.24072e+19 3.52937e+15 4.71913e+14 4.71913e+14 
2000 7.24072e+19 3.52241e+15 4.69741e+14 4.69741e+14 
2200 7.24072e+19 3.51587e+15 4.65831e+14 4.65831e+14 
2400 7.24072e+19 3.50977e+15 4.61921e+14 4.61921e+14 
2600 7.24072e+19 3.50357e+15 4.58772e+14 4.58772e+14 
2800 7.24072e+19 3.4977e+15 4.55405e+14 4.55405e+14 
3000 7.24072e+19 3.49185e+15 4.52309e+14 4.52309e+14 
3200 7.24072e+19 3.48608e+15 4.49703e+14 4.49703e+14 
3400 7.24072e+19 3.4808e+15 4.47367e+14 4.47367e+14 
3600 7.24072e+19 3.47534e+15 4.44761e+14 4.44761e+14 
3800 7.24072e+19 3.47002e+15 4.42589e+14 4.42589e+14 
4000 7.24072e+19 3.46467e+15 4.40688e+14 4.40688e+14 
4200 7.24072e+19 3.45971e+15 4.38733e+14 4.38733e+14 
4400 7.24072e+19 3.45475e+15 4.36343e+14 4.36343e+14 
4600 7.24072e+19 3.44969e+15 4.3466e+14 4.3466e+14 
4800 7.24072e+19 3.44483e+15 4.32977e+14 4.32977e+14 
5000 7.24072e+19 3.44011e+15 4.31076e+14 4.31076e+14 
5200 7.24072e+19 3.43549e+15 4.29067e+14 4.29067e+14 
5400 7.24072e+19 3.431e+15 4.27818e+14 4.27818e+14 
5600 7.24072e+19 3.42638e+15 4.26134e+14 4.26134e+14 
5800 7.24072e+19 3.42189e+15 4.24831e+14 4.24831e+14 
6000 7.24072e+19 3.41763e+15 4.23636e+14 4.23636e+14 
6200 7.24072e+19 3.41333e+15 4.22604e+14 4.22604e+14 
6400 7.24072e+19 3.4091e+15 4.21084e+14 4.21084e+14 
6600 7.24072e+19 3.40497e+15 4.19998e+14 4.19998e+14 
6800 7.24072e+19 3.40085e+15 4.19237e+14 4.19237e+14 
7000 7.24072e+19 3.39674e+15 4.18531e+14 4.18531e+14 
7200 7.24072e+19 3.39274e+15 4.17771e+14 4.17771e+14 
7400 7.24072e+19 3.3889e+15 4.17119e+14 4.17119e+14 
7600 7.24072e+19 3.38517e+15 4.16305e+14 4.16305e+14 
7800 7.24072e+19 3.38149e+15 4.1587e+14 4.1587e+14 
8000 7.24072e+19 3.37769e+15 4.15545e+14 4.15545e+14 
8200 7.24072e+19 3.37405e+15 4.15164e+14 4.15164e+14 
8400 7.24072e+19 3.37045e+15 4.14839e+14 4.14839e+14 
8600 7.24072e+19 3.36695e+15 4.14676e+14 4.14676e+14 
8800 7.24072e+19 3.36338e+15 4.14404e+14 4.14404e+14 
9000 7.24072e+19 3.35985e+15 4.14187e+14 4.14187e+14 
9200 7.24072e+19 3.35663e+15 4.1397e+14 4.1397e+14 
9400 7.24072e+19 3.35318e+15 4.14133e+14 4.14133e+14 
9600 7.24072e+19 3.34993e+15 4.13915e+14 4.13915e+14 
9800 7.24072e+19 3.34703e+15 4.13046e+14 4.13046e+14 
10000 7.24072e+19 3.34418e+15 4.12232e+14 4.12232e+14 
10200 7.24072e+19 3.34157e+15 4.10603e+14 4.10603e+14 
10400 7.24072e+19 3.33867e+15 4.08593e+14 4.08593e+14 
10600 7.24072e+19 3.33602e+15 4.06367e+14 4.06367e+14 
10800 7.24072e+19 3.33334e+15 4.05064e+14 4.05064e+14 
11000 7.24072e+19 3.33097e+15 4.03434e+14 4.03434e+14 
11200 7.24072e+19 3.32878e+15 4.02348e+14 4.02348e+14 
11400 7.24072e+19 3.32641e+15 4.01262e+14 4.01262e+14 
11600 7.24072e+19 3.32429e+15 4.00448e+14 4.00448e+14 
11800 7.24072e+19 3.32186e+15 3.99307e+14 3.99307e+14 
12000 7.24072e+19 3.31924e+15 3.98384e+14 3.98384e+14 
12200 7.24072e+19 3.31757e+15 3.97298e+14 3.97298e+14 
12400 7.24072e+19 3.31582e+15 3.95995e+14 3.95995e+14 
12600 7.24072e+19 3.31366e+15 3.95289e+14 3.95289e+14 
12800 7.24072e+19 3.31174e+15 3.93822e+14 3.93822e+14 
13000 7.24072e+19 3.30963e+15 3.92791e+14 3.92791e+14 
13200 7.24072e+19 3.30732e+15 3.91433e+14 3.91433e+14 
13400 7.24072e+19 3.30514e+15 3.90673e+14 3.90673e+14 
13600 7.24072e+19 3.30309e+15 3.90075e+14 3.90075e+14 
13800 7.24072e+19 3.30155e+15 3.89478e+14 3.89478e+14 
14000 7.24072e+19 3.29955e+15 3.88772e+14 3.88772e+14 
14200 7.24072e+19 3.29794e+15 3.8774e+14 3.8774e+14 
14400 7.24072e+19 3.2956e+15 3.86654e+14 3.86654e+14 
14600 7.24072e+19 3.29354e+15 3.86491e+14 3.86491e+14 
14800 7.24072e+19 3.29118e+15 3.85514e+14 3.85514e+14 
15000 7.24072e+19 3.28922e+15 3.84319e+14 3.84319e+14 
15200 7.24072e+19 3.2876e+15 3.83722e+14 3.83722e+14 
15400 7.24072e+19 3.28589e+15 3.83722e+14 3.83722e+14 
15600 7.24072e+19 3.28377e+15 3.82907e+14 3.82907e+14 
15800 7.24072e+19 3.28193e+15 3.8231e+14 3.8231e+14 
16000 7.24072e+19 3.28006e+15 3.82581e+14 3.82581e+14 
16200 7.24072e+19 3.27831e+15 3.8193e+14 3.8193e+14 
16400 7.24072e+19 3.27626e+15 3.81875e+14 3.81875e+14 
16600 7.24072e+19 3.27432e+15 3.81549e+14 3.81549e+14 
16800 7.24072e+19 3.27262e+15 3.81495e+14 3.81495e+14 
17000 7.24072e+19 3.27056e+15 3.81278e+14 3.81278e+14 
17200 7.24072e+19 3.26846e+15 3.80681e+14 3.80681e+14 
17400 7.24072e+19 3.26621e+15 3.80681e+14 3.80681e+14 
17600 7.24072e+19 3.26402e+15 3.81169e+14 3.81169e+14 
17800 7.24072e+19 3.26202e+15 3.81224e+14 3.81224e+14 
18000 7.24072e+19 3.26046e+15 3.81549e+14 3.81549e+14 
18200 7.24072e+19 3.2586e+15 3.82255e+14 3.82255e+14 
18400 7.24072e+19 3.25674e+15 3.82255e+14 3.82255e+14 
18600 7.24072e+19 3.2549e+15 3.82798e+14 3.82798e+14 
18800 7.24072e+19 3.25291e+15 3.83341e+14 3.83341e+14 
19000 7.24072e+19 3.2511e+15 3.83559e+14 3.83559e+14 
19200 7.24072e+19 3.24908e+15 3.83885e+14 3.83885e+14 
19400 7.24072e+19 3.24735e+15 3.84373e+14 3.84373e+14 
19600 7.24072e+19 3.24579e+15 3.85079e+14 3.85079e+14 
19800 7.24072e+19 3.24409e+15 3.85948e+14 3.85948e+14 
20000 7.24072e+19 3.24244e+15 3.866e+14 3.866e+14 
