Iteration / Neutral Density / Excited Density / Ion Density / Electron Density
0 7.24071e+19 3.62036e+15 5.43053e+14 5.43053e+14
200 7.24071e+19 3.60278e+15 4.8549e+14 4.8549e+14 
400 7.24071e+19 3.58883e+15 4.82014e+14 4.82014e+14 
600 7.24071e+19 3.5768e+15 4.78213e+14 4.78213e+14 
800 7.24071e+19 3.56602e+15 4.77344e+14 4.77344e+14 
1000 7.24071e+19 3.55616e+15 4.74194e+14 4.74194e+14 
1200 7.24072e+19 3.547e+15 4.71262e+14 4.71262e+14 
1400 7.24072e+19 3.53841e+15 4.68818e+14 4.68818e+14 
1600 7.24072e+19 3.53029e+15 4.66103e+14 4.66103e+14 
1800 7.24072e+19 3.52257e+15 4.61433e+14 4.61433e+14 
2000 7.24072e+19 3.51519e+15 4.57034e+14 4.57034e+14 
2200 7.24072e+19 3.50811e+15 4.53558e+14 4.53558e+14 
2400 7.24072e+19 3.50131e+15 4.50246e+14 4.50246e+14 
2600 7.24072e+19 3.49474e+15 4.46824e+14 4.46824e+14 
2800 7.24072e+19 3.48838e+15 4.43729e+14 4.43729e+14 
3000 7.24072e+19 3.48222e+15 4.40308e+14 4.40308e+14 
3200 7.24072e+19 3.47624e+15 4.37321e+14 4.37321e+14 
3400 7.24072e+19 3.47042e+15 4.34388e+14 4.34388e+14 
3600 7.24072e+19 3.46475e+15 4.32977e+14 4.32977e+14 
3800 7.24072e+19 3.45921e+15 4.30913e+14 4.30913e+14 
4000 7.24072e+19 3.45381e+15 4.28415e+14 4.28415e+14 
4200 7.24072e+19 3.44853e+15 4.25808e+14 4.25808e+14 
4400 7.24072e+19 3.44336e+15 4.24233e+14 4.24233e+14 
4600 7.24072e+19 3.4383e+15 4.22224e+14 4.22224e+14 
4800 7.24072e+19 3.43333e+15 4.19617e+14 4.19617e+14 
5000 7.24072e+19 3.42846e+15 4.175e+14 4.175e+14 
5200 7.24072e+19 3.42368e+15 4.16251e+14 4.16251e+14 
5400 7.24072e+19 3.41898e+15 4.14621e+14 4.14621e+14 
5600 7.24072e+19 3.41437e+15 4.13372e+14 4.13372e+14 
5800 7.24072e+19 3.40982e+15 4.11254e+14 4.11254e+14 
6000 7.24072e+19 3.40535e+15 4.09951e+14 4.09951e+14 
6200 7.24072e+19 3.40095e+15 4.08865e+14 4.08865e+14 
6400 7.24072e+19 3.39662e+15 4.07399e+14 4.07399e+14 
6600 7.24072e+19 3.39234e+15 4.06204e+14 4.06204e+14 
6800 7.24072e+19 3.38813e+15 4.04901e+14 4.04901e+14 
7000 7.24072e+19 3.38398e+15 4.04303e+14 4.04303e+14 
7200 7.24072e+19 3.37988e+15 4.03434e+14 4.03434e+14 
7400 7.24072e+19 3.37583e+15 4.02566e+14 4.02566e+14 
7600 7.24072e+19 3.37183e+15 4.01642e+14 4.01642e+14 
7800 7.24072e+19 3.36789e+15 4.00991e+14 4.00991e+14 
8000 7.24073e+19 3.36399e+15 4.00828e+14 4.00828e+14 
8200 7.24073e+19 3.36014e+15 3.99524e+14 3.99524e+14 
8400 7.24073e+19 3.35633e+15 3.99144e+14 3.99144e+14 
8600 7.24073e+19 3.35256e+15 3.9909e+14 3.9909e+14 
8800 7.24073e+19 3.34884e+15 3.9871e+14 3.9871e+14 
9000 7.24073e+19 3.34515e+15 3.98275e+14 3.98275e+14 
9200 7.24073e+19 3.34151e+15 3.97895e+14 3.97895e+14 
9400 7.24073e+19 3.3379e+15 3.97841e+14 3.97841e+14 
9600 7.24073e+19 3.33433e+15 3.96972e+14 3.96972e+14 
9800 7.24073e+19 3.33079e+15 3.9518e+14 3.9518e+14 
10000 7.24073e+19 3.32729e+15 3.93877e+14 3.93877e+14 
10200 7.24073e+19 3.32382e+15 3.90727e+14 3.90727e+14 
10400 7.24073e+19 3.32038e+15 3.87577e+14 3.87577e+14 
10600 7.24073e+19 3.31698e+15 3.84373e+14 3.84373e+14 
10800 7.24073e+19 3.3136e+15 3.8193e+14 3.8193e+14 
11000 7.24073e+19 3.31026e+15 3.79269e+14 3.79269e+14 
11200 7.24073e+19 3.30694e+15 3.7639e+14 3.7639e+14 
11400 7.24073e+19 3.30365e+15 3.73784e+14 3.73784e+14 
11600 7.24073e+19 3.30039e+15 3.71883e+14 3.71883e+14 
11800 7.24073e+19 3.29716e+15 3.702e+14 3.702e+14 
12000 7.24073e+19 3.29396e+15 3.68136e+14 3.68136e+14 
12200 7.24073e+19 3.29077e+15 3.65855e+14 3.65855e+14 
12400 7.24073e+19 3.28762e+15 3.6352e+14 3.6352e+14 
12600 7.24073e+19 3.28449e+15 3.62108e+14 3.62108e+14 
12800 7.24073e+19 3.28138e+15 3.59882e+14 3.59882e+14 
13000 7.24073e+19 3.27829e+15 3.57818e+14 3.57818e+14 
13200 7.24073e+19 3.27523e+15 3.55211e+14 3.55211e+14 
13400 7.24073e+19 3.27219e+15 3.53636e+14 3.53636e+14 
13600 7.24073e+19 3.26918e+15 3.51844e+14 3.51844e+14 
13800 7.24073e+19 3.26618e+15 3.49455e+14 3.49455e+14 
14000 7.24073e+19 3.2632e+15 3.48532e+14 3.48532e+14 
14200 7.24073e+19 3.26025e+15 3.46305e+14 3.46305e+14 
14400 7.24073e+19 3.25732e+15 3.45328e+14 3.45328e+14 
14600 7.24073e+19 3.2544e+15 3.43373e+14 3.43373e+14 
14800 7.24073e+19 3.2515e+15 3.42069e+14 3.42069e+14 
15000 7.24073e+19 3.24863e+15 3.40712e+14 3.40712e+14 
15200 7.24073e+19 3.24577e+15 3.39028e+14 3.39028e+14 
15400 7.24073e+19 3.24293e+15 3.37888e+14 3.37888e+14 
15600 7.24073e+19 3.24011e+15 3.36693e+14 3.36693e+14 
15800 7.24073e+19 3.2373e+15 3.35824e+14 3.35824e+14 
16000 7.24073e+19 3.23451e+15 3.3463e+14 3.3463e+14 
16200 7.24073e+19 3.23174e+15 3.33815e+14 3.33815e+14 
16400 7.24073e+19 3.22899e+15 3.32457e+14 3.32457e+14 
16600 7.24073e+19 3.22625e+15 3.31317e+14 3.31317e+14 
16800 7.24073e+19 3.22353e+15 3.30882e+14 3.30882e+14 
17000 7.24073e+19 3.22082e+15 3.30177e+14 3.30177e+14 
17200 7.24073e+19 3.21813e+15 3.28765e+14 3.28765e+14 
17400 7.24073e+19 3.21546e+15 3.27516e+14 3.27516e+14 
17600 7.24073e+19 3.2128e+15 3.2757e+14 3.2757e+14 
17800 7.24073e+19 3.21015e+15 3.27244e+14 3.27244e+14 
18000 7.24073e+19 3.20752e+15 3.27081e+14 3.27081e+14 
18200 7.24073e+19 3.2049e+15 3.26538e+14 3.26538e+14 
18400 7.24073e+19 3.2023e+15 3.25886e+14 3.25886e+14 
18600 7.24073e+19 3.19971e+15 3.25452e+14 3.25452e+14 
18800 7.24073e+19 3.19713e+15 3.24855e+14 3.24855e+14 
19000 7.24073e+19 3.19457e+15 3.24366e+14 3.24366e+14 
19200 7.24073e+19 3.19202e+15 3.23823e+14 3.23823e+14 
19400 7.24073e+19 3.18948e+15 3.23171e+14 3.23171e+14 
19600 7.24073e+19 3.18696e+15 3.22302e+14 3.22302e+14 
19800 7.24073e+19 3.18445e+15 3.21433e+14 3.21433e+14 
20000 7.24073e+19 3.18195e+15 3.20619e+14 3.20619e+14 
