Iteration / Neutral Density / Excited Density / Ion Density / Electron Density
0 7.24071e+19 3.62036e+15 5.43053e+14 5.43053e+14
200 7.24071e+19 3.6028e+15 4.85871e+14 4.85871e+14 
400 7.24071e+19 3.58893e+15 4.83115e+14 4.83115e+14 
600 7.24071e+19 3.57699e+15 4.82321e+14 4.82321e+14 
800 7.24071e+19 3.56632e+15 4.81125e+14 4.81125e+14 
1000 7.24071e+19 3.55658e+15 4.76238e+14 4.76238e+14 
1200 7.24071e+19 3.54754e+15 4.75197e+14 4.75197e+14 
1400 7.24071e+19 3.5391e+15 4.71426e+14 4.71426e+14 
1600 7.24071e+19 3.53111e+15 4.66521e+14 4.66521e+14 
1800 7.24071e+19 3.52355e+15 4.63492e+14 4.63492e+14 
2000 7.24071e+19 3.51631e+15 4.60888e+14 4.60888e+14 
2200 7.24071e+19 3.50936e+15 4.58415e+14 4.58415e+14 
2400 7.24071e+19 3.50267e+15 4.5603e+14 4.5603e+14 
2600 7.24071e+19 3.49621e+15 4.53373e+14 4.53373e+14 
2800 7.24071e+19 3.48997e+15 4.5055e+14 4.5055e+14 
3000 7.24071e+19 3.48391e+15 4.48378e+14 4.48378e+14 
3200 7.24071e+19 3.47804e+15 4.47151e+14 4.47151e+14 
3400 7.24071e+19 3.4723e+15 4.45613e+14 4.45613e+14 
3600 7.24071e+19 3.46671e+15 4.43334e+14 4.43334e+14 
3800 7.24071e+19 3.46125e+15 4.41081e+14 4.41081e+14 
4000 7.24071e+19 3.45589e+15 4.39004e+14 4.39004e+14 
4200 7.24071e+19 3.45067e+15 4.37656e+14 4.37656e+14 
4400 7.24071e+19 3.44557e+15 4.35801e+14 4.35801e+14 
4600 7.24071e+19 3.44057e+15 4.3383e+14 4.3383e+14 
4800 7.24071e+19 3.43566e+15 4.32386e+14 4.32386e+14 
5000 7.24071e+19 3.43084e+15 4.30943e+14 4.30943e+14 
5200 7.24071e+19 3.42611e+15 4.29327e+14 4.29327e+14 
5400 7.24071e+19 3.42145e+15 4.28001e+14 4.28001e+14 
5600 7.24071e+19 3.41688e+15 4.26641e+14 4.26641e+14 
5800 7.24071e+19 3.41238e+15 4.25322e+14 4.25322e+14 
6000 7.24071e+19 3.40794e+15 4.24202e+14 4.24202e+14 
6200 7.24071e+19 3.40357e+15 4.23159e+14 4.23159e+14 
6400 7.24071e+19 3.39927e+15 4.22295e+14 4.22295e+14 
6600 7.24071e+19 3.39504e+15 4.21451e+14 4.21451e+14 
6800 7.24071e+19 3.39086e+15 4.20665e+14 4.20665e+14 
7000 7.24071e+19 3.38675e+15 4.20018e+14 4.20018e+14 
7200 7.24071e+19 3.38268e+15 4.19367e+14 4.19367e+14 
7400 7.24071e+19 3.37867e+15 4.18811e+14 4.18811e+14 
7600 7.24071e+19 3.37472e+15 4.18267e+14 4.18267e+14 
7800 7.24071e+19 3.37081e+15 4.17799e+14 4.17799e+14 
8000 7.24071e+19 3.36696e+15 4.175e+14 4.175e+14 
8200 7.24071e+19 3.36314e+15 4.17265e+14 4.17265e+14 
8400 7.24071e+19 3.35938e+15 4.17106e+14 4.17106e+14 
8600 7.24072e+19 3.35566e+15 4.17028e+14 4.17028e+14 
8800 7.24072e+19 3.35197e+15 4.17019e+14 4.17019e+14 
9000 7.24072e+19 3.34834e+15 4.17053e+14 4.17053e+14 
9200 7.24072e+19 3.34474e+15 4.17125e+14 4.17125e+14 
9400 7.24072e+19 3.34118e+15 4.17308e+14 4.17308e+14 
9600 7.24072e+19 3.33768e+15 4.17547e+14 4.17547e+14 
9800 7.24072e+19 3.33422e+15 4.17576e+14 4.17576e+14 
10000 7.24072e+19 3.33081e+15 4.16708e+14 4.16708e+14 
10200 7.24072e+19 3.32743e+15 4.14904e+14 4.14904e+14 
10400 7.24072e+19 3.32415e+15 4.13271e+14 4.13271e+14 
10600 7.24072e+19 3.3209e+15 4.1182e+14 4.1182e+14 
10800 7.24072e+19 3.31772e+15 4.10504e+14 4.10504e+14 
11000 7.24071e+19 3.31458e+15 4.0953e+14 4.0953e+14 
11200 7.24071e+19 3.31149e+15 4.08282e+14 4.08282e+14 
11400 7.24071e+19 3.30842e+15 4.07634e+14 4.07634e+14 
11600 7.24071e+19 3.30538e+15 4.07032e+14 4.07032e+14 
11800 7.24071e+19 3.30238e+15 4.0629e+14 4.0629e+14 
12000 7.24071e+19 3.29941e+15 4.0581e+14 4.0581e+14 
12200 7.24071e+19 3.29647e+15 4.05199e+14 4.05199e+14 
12400 7.24071e+19 3.29354e+15 4.04593e+14 4.04593e+14 
12600 7.24071e+19 3.29063e+15 4.03874e+14 4.03874e+14 
12800 7.24071e+19 3.28776e+15 4.0339e+14 4.0339e+14 
13000 7.24071e+19 3.28493e+15 4.02863e+14 4.02863e+14 
13200 7.24071e+19 3.28211e+15 4.02442e+14 4.02442e+14 
13400 7.24071e+19 3.2793e+15 4.01953e+14 4.01953e+14 
13600 7.24071e+19 3.27652e+15 4.01299e+14 4.01299e+14 
13800 7.24071e+19 3.27376e+15 4.01041e+14 4.01041e+14 
14000 7.24071e+19 3.27103e+15 4.00682e+14 4.00682e+14 
14200 7.24071e+19 3.2683e+15 4.00438e+14 4.00438e+14 
14400 7.24071e+19 3.26558e+15 4.00073e+14 4.00073e+14 
14600 7.24071e+19 3.26289e+15 3.9977e+14 3.9977e+14 
14800 7.24071e+19 3.26022e+15 3.99722e+14 3.99722e+14 
15000 7.24071e+19 3.25757e+15 3.99617e+14 3.99617e+14 
15200 7.24071e+19 3.25491e+15 3.99359e+14 3.99359e+14 
15400 7.24071e+19 3.25229e+15 3.99422e+14 3.99422e+14 
15600 7.24071e+19 3.24969e+15 3.99472e+14 3.99472e+14 
15800 7.24071e+19 3.2471e+15 3.99606e+14 3.99606e+14 
16000 7.24071e+19 3.24452e+15 3.99835e+14 3.99835e+14 
16200 7.24071e+19 3.24196e+15 3.99986e+14 3.99986e+14 
16400 7.24071e+19 3.23942e+15 4.00274e+14 4.00274e+14 
16600 7.24071e+19 3.23689e+15 4.00577e+14 4.00577e+14 
16800 7.24071e+19 3.23438e+15 4.01013e+14 4.01013e+14 
17000 7.24071e+19 3.23187e+15 4.0152e+14 4.0152e+14 
17200 7.24071e+19 3.22939e+15 4.02079e+14 4.02079e+14 
17400 7.24071e+19 3.22693e+15 4.02762e+14 4.02762e+14 
17600 7.24071e+19 3.22448e+15 4.03449e+14 4.03449e+14 
17800 7.24071e+19 3.22203e+15 4.04133e+14 4.04133e+14 
18000 7.24071e+19 3.2196e+15 4.0489e+14 4.0489e+14 
18200 7.24071e+19 3.2172e+15 4.05723e+14 4.05723e+14 
18400 7.24071e+19 3.21481e+15 4.06564e+14 4.06564e+14 
18600 7.24071e+19 3.21242e+15 4.07438e+14 4.07438e+14 
18800 7.24071e+19 3.21006e+15 4.08318e+14 4.08318e+14 
19000 7.24071e+19 3.2077e+15 4.09163e+14 4.09163e+14 
19200 7.24071e+19 3.20534e+15 4.09998e+14 4.09998e+14 
19400 7.24071e+19 3.20299e+15 4.10766e+14 4.10766e+14 
19600 7.24071e+19 3.20064e+15 4.11576e+14 4.11576e+14 
19800 7.24071e+19 3.1983e+15 4.12444e+14 4.12444e+14 
20000 7.24071e+19 3.19598e+15 4.13275e+14 4.13275e+14 
