Iteration / Neutral Density / Excited Density / Ion Density / Electron Density
0 7.24071e+19 3.62036e+15 5.43053e+14 5.43053e+14
200 7.24071e+19 3.60289e+15 4.85564e+14 4.85564e+14 
400 7.24071e+19 3.58932e+15 4.82525e+14 4.82525e+14 
600 7.24071e+19 3.57779e+15 4.81579e+14 4.81579e+14 
800 7.24071e+19 3.5676e+15 4.80717e+14 4.80717e+14 
1000 7.24071e+19 3.55843e+15 4.75518e+14 4.75518e+14 
1200 7.24071e+19 3.54996e+15 4.74555e+14 4.74555e+14 
1400 7.24072e+19 3.54206e+15 4.71966e+14 4.71966e+14 
1600 7.24072e+19 3.53464e+15 4.66666e+14 4.66666e+14 
1800 7.24072e+19 3.52756e+15 4.62958e+14 4.62958e+14 
2000 7.24072e+19 3.52082e+15 4.60225e+14 4.60225e+14 
2200 7.24072e+19 3.51433e+15 4.5762e+14 4.5762e+14 
2400 7.24072e+19 3.5081e+15 4.55159e+14 4.55159e+14 
2600 7.24072e+19 3.50208e+15 4.52472e+14 4.52472e+14 
2800 7.24072e+19 3.49627e+15 4.5001e+14 4.5001e+14 
3000 7.24072e+19 3.49063e+15 4.48198e+14 4.48198e+14 
3200 7.24072e+19 3.4851e+15 4.46909e+14 4.46909e+14 
3400 7.24072e+19 3.47971e+15 4.45143e+14 4.45143e+14 
3600 7.24072e+19 3.4744e+15 4.42755e+14 4.42755e+14 
3800 7.24072e+19 3.46922e+15 4.40426e+14 4.40426e+14 
4000 7.24072e+19 3.46412e+15 4.38496e+14 4.38496e+14 
4200 7.24072e+19 3.45914e+15 4.37105e+14 4.37105e+14 
4400 7.24072e+19 3.45423e+15 4.35167e+14 4.35167e+14 
4600 7.24072e+19 3.44942e+15 4.33151e+14 4.33151e+14 
4800 7.24072e+19 3.44468e+15 4.31704e+14 4.31704e+14 
5000 7.24072e+19 3.44002e+15 4.30197e+14 4.30197e+14 
5200 7.24072e+19 3.43547e+15 4.28582e+14 4.28582e+14 
5400 7.24072e+19 3.43097e+15 4.27255e+14 4.27255e+14 
5600 7.24072e+19 3.42655e+15 4.25964e+14 4.25964e+14 
5800 7.24072e+19 3.42221e+15 4.24663e+14 4.24663e+14 
6000 7.24072e+19 3.41793e+15 4.23551e+14 4.23551e+14 
6200 7.24072e+19 3.41372e+15 4.22461e+14 4.22461e+14 
6400 7.24072e+19 3.40956e+15 4.21494e+14 4.21494e+14 
6600 7.24072e+19 3.40546e+15 4.20626e+14 4.20626e+14 
6800 7.24072e+19 3.40143e+15 4.19858e+14 4.19858e+14 
7000 7.24072e+19 3.39745e+15 4.19223e+14 4.19223e+14 
7200 7.24072e+19 3.39352e+15 4.18568e+14 4.18568e+14 
7400 7.24072e+19 3.38966e+15 4.17988e+14 4.17988e+14 
7600 7.24072e+19 3.38582e+15 4.17562e+14 4.17562e+14 
7800 7.24072e+19 3.38206e+15 4.1713e+14 4.1713e+14 
8000 7.24072e+19 3.37835e+15 4.16819e+14 4.16819e+14 
8200 7.24072e+19 3.37469e+15 4.16582e+14 4.16582e+14 
8400 7.24072e+19 3.37108e+15 4.16402e+14 4.16402e+14 
8600 7.24072e+19 3.36754e+15 4.1628e+14 4.1628e+14 
8800 7.24072e+19 3.36403e+15 4.16218e+14 4.16218e+14 
9000 7.24072e+19 3.36058e+15 4.16278e+14 4.16278e+14 
9200 7.24072e+19 3.35721e+15 4.16399e+14 4.16399e+14 
9400 7.24072e+19 3.35389e+15 4.16548e+14 4.16548e+14 
9600 7.24072e+19 3.35062e+15 4.16764e+14 4.16764e+14 
9800 7.24072e+19 3.34746e+15 4.1685e+14 4.1685e+14 
10000 7.24072e+19 3.34444e+15 4.16112e+14 4.16112e+14 
10200 7.24072e+19 3.34158e+15 4.14442e+14 4.14442e+14 
10400 7.24072e+19 3.33879e+15 4.1247e+14 4.1247e+14 
10600 7.24072e+19 3.33619e+15 4.10949e+14 4.10949e+14 
10800 7.24072e+19 3.3337e+15 4.0984e+14 4.0984e+14 
11000 7.24072e+19 3.33124e+15 4.08744e+14 4.08744e+14 
11200 7.24072e+19 3.3289e+15 4.07929e+14 4.07929e+14 
11400 7.24072e+19 3.32664e+15 4.06845e+14 4.06845e+14 
11600 7.24072e+19 3.32439e+15 4.06091e+14 4.06091e+14 
11800 7.24072e+19 3.32223e+15 4.05356e+14 4.05356e+14 
12000 7.24072e+19 3.32011e+15 4.04575e+14 4.04575e+14 
12200 7.24072e+19 3.31804e+15 4.0376e+14 4.0376e+14 
12400 7.24072e+19 3.31602e+15 4.02906e+14 4.02906e+14 
12600 7.24072e+19 3.31402e+15 4.02296e+14 4.02296e+14 
12800 7.24072e+19 3.31205e+15 4.01798e+14 4.01798e+14 
13000 7.24072e+19 3.31009e+15 4.01223e+14 4.01223e+14 
13200 7.24072e+19 3.30816e+15 4.00641e+14 4.00641e+14 
13400 7.24072e+19 3.30632e+15 4.00218e+14 4.00218e+14 
13600 7.24072e+19 3.30444e+15 3.99673e+14 3.99673e+14 
13800 7.24072e+19 3.30261e+15 3.99243e+14 3.99243e+14 
14000 7.24072e+19 3.30076e+15 3.98999e+14 3.98999e+14 
14200 7.24072e+19 3.29891e+15 3.98704e+14 3.98704e+14 
14400 7.24072e+19 3.2971e+15 3.98441e+14 3.98441e+14 
14600 7.24072e+19 3.29532e+15 3.98219e+14 3.98219e+14 
14800 7.24072e+19 3.29359e+15 3.98102e+14 3.98102e+14 
15000 7.24072e+19 3.29185e+15 3.97927e+14 3.97927e+14 
15200 7.24072e+19 3.2901e+15 3.97862e+14 3.97862e+14 
15400 7.24072e+19 3.28834e+15 3.97894e+14 3.97894e+14 
15600 7.24072e+19 3.28664e+15 3.97842e+14 3.97842e+14 
15800 7.24072e+19 3.28489e+15 3.97997e+14 3.97997e+14 
16000 7.24072e+19 3.2832e+15 3.98109e+14 3.98109e+14 
16200 7.24072e+19 3.28153e+15 3.98329e+14 3.98329e+14 
16400 7.24072e+19 3.27985e+15 3.98748e+14 3.98748e+14 
16600 7.24072e+19 3.2781e+15 3.99024e+14 3.99024e+14 
16800 7.24072e+19 3.27646e+15 3.9949e+14 3.9949e+14 
17000 7.24072e+19 3.27478e+15 4.00129e+14 4.00129e+14 
17200 7.24072e+19 3.27316e+15 4.00594e+14 4.00594e+14 
17400 7.24072e+19 3.27151e+15 4.01188e+14 4.01188e+14 
17600 7.24072e+19 3.26987e+15 4.01911e+14 4.01911e+14 
17800 7.24072e+19 3.26823e+15 4.02668e+14 4.02668e+14 
18000 7.24072e+19 3.26662e+15 4.03424e+14 4.03424e+14 
18200 7.24072e+19 3.26505e+15 4.04295e+14 4.04295e+14 
18400 7.24072e+19 3.26349e+15 4.05177e+14 4.05177e+14 
18600 7.24072e+19 3.26195e+15 4.05995e+14 4.05995e+14 
18800 7.24072e+19 3.26033e+15 4.06867e+14 4.06867e+14 
19000 7.24072e+19 3.2587e+15 4.07734e+14 4.07734e+14 
19200 7.24072e+19 3.25712e+15 4.0855e+14 4.0855e+14 
19400 7.24072e+19 3.25555e+15 4.09395e+14 4.09395e+14 
19600 7.24072e+19 3.25395e+15 4.10264e+14 4.10264e+14 
19800 7.24072e+19 3.25237e+15 4.11097e+14 4.11097e+14 
20000 7.24072e+19 3.25086e+15 4.11961e+14 4.11961e+14 
