Iteration / Ion Density / Electric Potential / Electric Field x1 / Electric Field x2 / Number of Macroparticles
2.17723e+11 0 17699.4 -0
1.54697e+11 0 17699.4 -0
1.53827e+11 0 17487 -0
1.47931e+11 0 16986.7 -0
1.58566e+11 0 16077.8 -0
2.4192e+11 0 14744.3 -0
1.78054e+11 0 13449 -0
2.1016e+11 0 12495.4 -0
1.92745e+11 0 12002.9 -0
1.83396e+11 0 12002.9 -0
1.01931e+11 -1.22169 17805.7 -0
9.43973e+10 -1.22169 17805.7 -106.189
7.67129e+10 -1.20704 17631.1 -356.355
9.2351e+10 -1.1725 17191.1 -704.636
1.17116e+11 -1.10976 16290.1 -1121.18
1.27047e+11 -1.01772 14725.4 -1314.38
1.05228e+11 -0.928311 13278.2 -1124.48
1.04365e+11 -0.862488 12264.9 -723.045
1.13076e+11 -0.828496 11756.7 -246.237
1.04411e+11 -0.828496 11756.7 -0
8.68197e+06 -2.45806 18086.5 -0
1.03447e+06 -2.45806 18086.5 -174.6
3.48671e+08 -2.43395 18040.5 -614.599
2.48105e+08 -2.37321 17856.4 -1340.98
3.96395e+08 -2.24883 17166.1 -2465.67
4.7491e+08 -2.03283 14588.9 -3011.88
7.937e+08 -1.83304 12673.5 -2460.51
1.02915e+09 -1.69316 11529.2 -1521.46
6.98047e+08 -1.62301 11002.4 -508.135
1.84326e+08 -1.62301 11002.4 -0
0 -3.71852 18413.3 -0
0 -3.71852 18413.3 -152.211
0 -3.69751 18587.9 -586.459
0 -3.63756 19027.9 -1579.02
0 -3.47953 19928.9 -4388.66
0 -3.03171 13790.6 -5806.96
0 -2.67788 11297.7 -4184.23
0 -2.45408 10175.8 -2394.13
0 -2.34737 9721.3 -772.982
0 -2.34737 9721.3 -0
0 -5 9282.76 -0
0 -5 9282.76 -0
0 -5 9434.97 -0
0 -5 9869.22 -0
0 -5 11014 -7702.97
0 -3.93661 9346.94 -11643.1
0 -3.39268 8550.88 -6075.31
0 -3.09792 8155.07 -3097.86
0 -2.96503 7985.67 -962.643
0 -2.96503 7985.67 -0
0 -5 -0 -0
0 -5 -0 -0
0 -5 -0 -0
0 -5 -0 -0
0 -5 -0 -4910.93
0 -4.32205 4032.29 -8270.07
0 -3.85832 5403.8 -5376.1
0 -3.57988 5907.92 -2959.34
0 -3.44979 6080.65 -942.378
0 -3.44979 6080.65 -0
0 -5 -769.305 -0
0 -5 -769.305 -0
0 -5 -872.952 -0
0 -5 -1144.86 -0
0 -5 -1799.19 -3670.68
0 -4.49327 1378.42 -6239.27
0 -4.13867 3124.11 -4199.69
0 -3.9135 3992.16 -2421.01
0 -3.80446 4348.36 -789.913
0 -3.80446 4348.36 -0
0 -4.8938 -1434.96 -0
0 -4.8938 -1434.96 -103.647
0 -4.87949 -1577.64 -375.558
0 -4.84195 -1907.31 -926.235
0 -4.75162 -2519.38 -2387.65
0 -4.51234 156.465 -3346.77
0 -4.2896 1722.08 -2762.37
0 -4.131 2588.24 -1735.09
0 -4.05008 2972.26 -586.178
0 -4.05008 2972.26 -0
0 -4.8019 -1188.63 -0
0 -4.8019 -1188.63 -142.679
0 -4.78221 -1222.39 -472.348
0 -4.7367 -1242.5 -941.736
0 -4.6522 -1057.61 -1606.9
0 -4.51487 44.7417 -1997.81
0 -4.37641 1019.5 -1767.91
0 -4.27081 1666.45 -1170.82
0 -4.21477 1980.2 -405.886
0 -4.21477 1980.2 -0
0 -4.72971 -908.554 -0
0 -4.72971 -908.554 -137.4
0 -4.71074 -880.774 -429.419
0 -4.67043 -782.673 -761.461
0 -4.60562 -513.316 -1100.41
0 -4.51852 60.6141 -1269.66
0 -4.43035 644.729 -1140.65
0 -4.36105 1077.88 -774.393
0 -4.32344 1301.88 -272.433
0 -4.32344 1301.88 -0
0 -4.67648 -656.253 -0
0 -4.67648 -656.253 -114.899
0 -4.66062 -609.481 -346.467
0 -4.62865 -494.105 -574.278
0 -4.58134 -273.591 -763.614
0 -4.52323 66.3028 -839.768
0 -4.46541 420.92 -750.646
0 -4.41961 698.458 -513.666
0 -4.3945 847.572 -181.883
0 -4.3945 847.572 -0
0 -4.63911 -450.723 -0
0 -4.63911 -450.723 -90.6278
0 -4.6266 -406.791 -267.271
0 -4.60222 -310.675 -425.571
0 -4.56785 -153.246 -540.001
0 -4.52767 57.2692 -575.15
0 -4.48845 274.19 -508.498
0 -4.45747 447.46 -347.741
0 -4.44045 542.374 -123.319
0 -4.44045 542.374 -0
0 -4.61426 -289.123 -0
0 -4.61426 -289.123 -70.9676
0 -4.60446 -256.287 -206.419
0 -4.58576 -188.556 -320.732
0 -4.56018 -85.9848 -395.67
0 -4.53114 41.8301 -412.332
0 -4.50326 171.111 -360.455
0 -4.48138 274.82 -245.482
0 -4.46937 332.089 -86.9697
0 -4.46937 332.089 -0
0 -4.5992 -160.361 -0
0 -4.5992 -160.361 -57.7911
0 -4.59122 -140.675 -166.704
0 -4.57619 -101.279 -255.269
0 -4.55598 -43.967 -309.615
0 -4.53344 24.9251 -318.054
0 -4.51207 93.6051 -275.508
0 -4.49541 148.62 -186.763
0 -4.48629 179.075 -66.0495
0 -4.48629 179.075 -0
0 -4.59212 -51.2838 -0
0 -4.59212 -51.2838 -51.2821
0 -4.58504 -44.7748 -147.337
0 -4.57178 -31.9167 -224.024
0 -4.55411 -13.5301 -269.466
0 -4.53458 8.23169 -274.76
0 -4.51618 29.7636 -236.76
0 -4.5019 46.9794 -160.012
0 -4.49409 56.5138 -56.5152
0 -4.49409 56.5138 -0
0 -4.59212 -0 -0
0 -4.59212 -0 -51.2821
0 -4.58504 -0 -147.337
0 -4.57178 -0 -224.024
0 -4.55411 -0 -269.466
0 -4.53458 -0 -274.76
0 -4.51618 -0 -236.76
0 -4.5019 -0 -160.012
0 -4.49409 -0 -56.5152
0 -4.49409 -0 -0
