Iteration / Ion Density / Electric Potential / Electric Field x1 / Electric Field x2
0 0 0 17699.5 -0
0 0 0 17699.5 -0
0 0 0 17487.1 -0
0 0 0 16986.8 -0
0 0 0 16077.9 -0
0 0 0 14744.4 -0
0 0 0 13449.1 -0
0 0 0 12495.5 -0
0 0 0 12003 -0
0 0 0 12003 -0
0 0 -1.2217 17805.7 -0
0 0 -1.2217 17805.7 -106.191
0 0 -1.20704 17631.1 -356.353
0 0 -1.17251 17191.1 -704.626
0 0 -1.10977 16290.1 -1121.17
0 0 -1.01773 14725.4 -1314.38
0 0 -0.928318 13278.2 -1124.48
0 0 -0.862495 12264.9 -723.044
0 0 -0.828503 11756.8 -246.236
0 0 -0.828503 11756.8 -0
0 0 -2.45806 18086.5 -0
0 0 -2.45806 18086.5 -174.6
0 0 -2.43396 18040.4 -614.598
0 0 -2.37322 17856.4 -1340.98
0 0 -2.24884 17166 -2465.67
0 0 -2.03283 14588.9 -3011.88
0 0 -1.83305 12673.5 -2460.51
0 0 -1.69316 11529.1 -1521.45
0 0 -1.62301 11002.4 -508.134
0 0 -1.62301 11002.4 -0
0 0 -3.71852 18413.3 -0
0 0 -3.71852 18413.3 -152.212
0 0 -3.69751 18587.9 -586.458
0 0 -3.63756 19027.9 -1579.02
0 0 -3.47953 19928.9 -4388.65
0 0 -3.03171 13790.6 -5806.95
0 0 -2.67788 11297.7 -4184.23
0 0 -2.45408 10175.8 -2394.13
0 0 -2.34737 9721.28 -772.981
0 0 -2.34737 9721.28 -0
0 0 -5 9282.75 -0
0 0 -5 9282.75 -0
0 0 -5 9434.96 -0
0 0 -5 9869.2 -0
0 0 -5 11014 -7702.96
0 0 -3.93661 9346.93 -11643.1
0 0 -3.39268 8550.86 -6075.31
0 0 -3.09792 8155.05 -3097.85
0 0 -2.96503 7985.66 -962.643
0 0 -2.96503 7985.66 -0
0 0 -5 -0 -0
0 0 -5 -0 -0
0 0 -5 -0 -0
0 0 -5 -0 -0
0 0 -5 -0 -4910.93
0 0 -4.32205 4032.28 -8270.07
0 0 -3.85832 5403.79 -5376.1
0 0 -3.57988 5907.91 -2959.34
0 0 -3.44979 6080.64 -942.378
0 0 -3.44979 6080.64 -0
0 0 -5 -769.309 -0
0 0 -5 -769.309 -0
0 0 -5 -872.956 -0
0 0 -5 -1144.87 -0
0 0 -5 -1799.19 -3670.68
0 0 -4.49327 1378.41 -6239.27
0 0 -4.13867 3124.11 -4199.69
0 0 -3.9135 3992.15 -2421.01
0 0 -3.80445 4348.35 -789.913
0 0 -3.80445 4348.35 -0
0 0 -4.8938 -1434.97 -0
0 0 -4.8938 -1434.97 -103.648
0 0 -4.87949 -1577.65 -375.558
0 0 -4.84195 -1907.32 -926.236
0 0 -4.75162 -2519.39 -2387.65
0 0 -4.51234 156.459 -3346.78
0 0 -4.2896 1722.07 -2762.37
0 0 -4.131 2588.23 -1735.09
0 0 -4.05007 2972.26 -586.179
0 0 -4.05007 2972.26 -0
0 0 -4.8019 -1188.64 -0
0 0 -4.8019 -1188.64 -142.679
0 0 -4.78221 -1222.39 -472.349
0 0 -4.7367 -1242.5 -941.737
0 0 -4.6522 -1057.62 -1606.9
0 0 -4.51486 44.7357 -1997.81
0 0 -4.3764 1019.5 -1767.91
0 0 -4.27081 1666.45 -1170.82
0 0 -4.21477 1980.2 -405.886
0 0 -4.21477 1980.2 -0
0 0 -4.72971 -908.56 -0
0 0 -4.72971 -908.56 -137.4
0 0 -4.71074 -880.78 -429.419
0 0 -4.67043 -782.679 -761.461
0 0 -4.60562 -513.321 -1100.41
0 0 -4.51851 60.6089 -1269.66
0 0 -4.43034 644.724 -1140.65
0 0 -4.36105 1077.88 -774.393
0 0 -4.32344 1301.88 -272.433
0 0 -4.32344 1301.88 -0
0 0 -4.67648 -656.258 -0
0 0 -4.67648 -656.258 -114.899
0 0 -4.66062 -609.486 -346.467
0 0 -4.62865 -494.11 -574.279
0 0 -4.58134 -273.596 -763.615
0 0 -4.52323 66.2985 -839.768
0 0 -4.46541 420.916 -750.647
0 0 -4.41961 698.454 -513.666
0 0 -4.3945 847.568 -181.883
0 0 -4.3945 847.568 -0
0 0 -4.63911 -450.726 -0
0 0 -4.63911 -450.726 -90.628
0 0 -4.6266 -406.795 -267.272
0 0 -4.60221 -310.678 -425.571
0 0 -4.56785 -153.249 -540.002
0 0 -4.52767 57.2658 -575.15
0 0 -4.48845 274.187 -508.498
0 0 -4.45747 447.457 -347.741
0 0 -4.44045 542.371 -123.319
0 0 -4.44045 542.371 -0
0 0 -4.61426 -289.126 -0
0 0 -4.61426 -289.126 -70.9677
0 0 -4.60446 -256.289 -206.419
0 0 -4.58576 -188.559 -320.733
0 0 -4.56018 -85.9873 -395.67
0 0 -4.53114 41.8277 -412.333
0 0 -4.50326 171.109 -360.455
0 0 -4.48138 274.818 -245.482
0 0 -4.46937 332.087 -86.9697
0 0 -4.46937 332.087 -0
0 0 -4.5992 -160.362 -0
0 0 -4.5992 -160.362 -57.7913
0 0 -4.59122 -140.677 -166.704
0 0 -4.57618 -101.28 -255.269
0 0 -4.55598 -43.9684 -309.615
0 0 -4.53344 24.9238 -318.054
0 0 -4.51207 93.6038 -275.508
0 0 -4.49541 148.619 -186.763
0 0 -4.48629 179.073 -66.0495
0 0 -4.48629 179.073 -0
0 0 -4.59212 -51.2843 -0
0 0 -4.59212 -51.2843 -51.2822
0 0 -4.58504 -44.7752 -147.337
0 0 -4.57178 -31.9172 -224.024
0 0 -4.55411 -13.5305 -269.467
0 0 -4.53458 8.23126 -274.76
0 0 -4.51618 29.7632 -236.76
0 0 -4.50189 46.9791 -160.012
0 0 -4.49409 56.5135 -56.5151
0 0 -4.49409 56.5135 -0
0 0 -4.59212 -0 -0
0 0 -4.59212 -0 -51.2822
0 0 -4.58504 -0 -147.337
0 0 -4.57178 -0 -224.024
0 0 -4.55411 -0 -269.467
0 0 -4.53458 -0 -274.76
0 0 -4.51618 -0 -236.76
0 0 -4.50189 -0 -160.012
0 0 -4.49409 -0 -56.5151
0 0 -4.49409 -0 -0
25 4.24234e+11 0 17698 -0
25 4.92091e+11 0 17698 -0
25 4.16066e+11 0 17485.6 -0
25 3.65088e+11 0 16985.3 -0
25 3.4902e+11 0 16076.3 -0
25 3.49818e+11 0 14742.7 -0
25 3.77082e+11 0 13447.3 -0
25 3.25943e+11 0 12493.6 -0
25 3.57551e+11 0 12001.1 -0
25 3.44795e+11 0 12001.1 -0
25 8.62443e+11 -1.2216 17804.7 -0
25 7.97268e+11 -1.2216 17804.7 -106.202
25 8.52189e+11 -1.20694 17630.1 -356.368
25 7.51839e+11 -1.1724 17190.1 -704.662
25 7.46321e+11 -1.10966 16289 -1121.27
25 8.57244e+11 -1.01761 14724.2 -1314.5
25 8.53277e+11 -0.928192 13276.9 -1124.56
25 7.62387e+11 -0.862367 12263.5 -723.084
25 7.87028e+11 -0.828371 11755.3 -246.255
25 7.55019e+11 -0.828371 11755.3 -0
25 9.33805e+11 -2.45792 18086.6 -0
25 8.93967e+11 -2.45792 18086.6 -174.606
25 8.58576e+11 -2.43382 18040.5 -614.635
25 8.7979e+11 -2.37307 17856.4 -1341.08
25 8.88671e+11 -2.24869 17166.1 -2465.85
25 8.3242e+11 -2.03267 14588.7 -3012.11
25 9.45229e+11 -1.83287 12673.2 -2460.7
25 9.06634e+11 -1.69297 11528.8 -1521.57
25 9.46405e+11 -1.62281 11002 -508.178
25 7.28755e+11 -1.62281 11002 -0
25 5.11517e+11 -3.71843 18414.3 -0
25 5.30315e+11 -3.71843 18414.3 -152.216
25 4.91603e+11 -3.69742 18588.9 -586.498
25 5.19011e+11 -3.63747 19028.9 -1579.15
25 5.76727e+11 -3.47942 19929.9 -4388.97
25 5.27504e+11 -3.03157 13791.2 -5807.36
25 5.05271e+11 -2.67772 11298.2 -4184.52
25 4.85544e+11 -2.4539 10176.2 -2394.3
25 5.16068e+11 -2.34719 9721.67 -773.042
25 4.27803e+11 -2.34719 9721.67 -0
25 4.93981e+10 -5 9283.41 -0
25 5.5509e+10 -5 9283.41 -0
25 4.02936e+10 -5 9435.62 -0
25 4.68204e+10 -5 9869.9 -0
25 4.44171e+10 -5 11014.8 -7703.51
25 3.97499e+10 -3.93654 9347.61 -11643.9
25 3.72419e+10 -3.39257 8551.49 -6075.74
25 4.79409e+10 -3.09779 8155.66 -3098.07
25 4.35585e+10 -2.96488 7986.26 -962.711
25 4.78826e+10 -2.96488 7986.26 -0
25 0 -5 -0 -0
25 0 -5 -0 -0
25 0 -5 -0 -0
25 0 -5 -0 -0
25 0 -5 -0 -4911.26
25 0 -4.322 4032.6 -8270.64
25 0 -3.85824 5404.22 -5376.47
25 0 -3.57979 5908.38 -2959.54
25 0 -3.44968 6081.12 -942.443
25 0 -3.44968 6081.12 -0
25 0 -5 -769.325 -0
25 0 -5 -769.325 -0
25 0 -5 -872.979 -0
25 0 -5 -1144.91 -0
25 0 -5 -1799.27 -3670.91
25 0 -4.49323 1378.56 -6239.67
25 0 -4.13862 3124.38 -4199.96
25 0 -3.91343 3992.48 -2421.17
25 0 -3.80438 4348.71 -789.966
25 0 -3.80438 4348.71 -0
25 0 -4.8938 -1435 -0
25 0 -4.8938 -1435 -103.653
25 0 -4.87949 -1577.68 -375.58
25 0 -4.84195 -1907.37 -926.292
25 0 -4.75161 -2519.48 -2387.8
25 0 -4.51231 156.533 -3346.99
25 0 -4.28956 1722.25 -2762.54
25 0 -4.13095 2588.47 -1735.21
25 0 -4.05002 2972.52 -586.217
25 0 -4.05002 2972.52 -0
25 0 -4.8019 -1188.66 -0
25 0 -4.8019 -1188.66 -142.687
25 0 -4.7822 -1222.41 -472.376
25 0 -4.73669 -1242.52 -941.794
25 0 -4.65219 -1057.62 -1607
25 0 -4.51484 44.7989 -1997.94
25 0 -4.37637 1019.62 -1768.03
25 0 -4.27077 1666.62 -1170.9
25 0 -4.21473 1980.38 -405.913
25 0 -4.21473 1980.38 -0
25 0 -4.7297 -908.565 -0
25 0 -4.7297 -908.565 -137.407
25 0 -4.71073 -880.783 -429.444
25 0 -4.67042 -782.675 -761.506
25 0 -4.60561 -513.301 -1100.48
25 0 -4.5185 60.6657 -1269.74
25 0 -4.43032 644.818 -1140.72
25 0 -4.36102 1078 -774.443
25 0 -4.32341 1302.02 -272.45
25 0 -4.32341 1302.02 -0
25 0 -4.67647 -656.255 -0
25 0 -4.67647 -656.255 -114.905
25 0 -4.66061 -609.48 -346.486
25 0 -4.62864 -494.097 -574.312
25 0 -4.58133 -273.569 -763.66
25 0 -4.52322 66.3468 -839.819
25 0 -4.46539 420.986 -750.693
25 0 -4.41959 698.542 -513.699
25 0 -4.39448 847.666 -181.895
25 0 -4.39448 847.666 -0
25 0 -4.63911 -450.72 -0
25 0 -4.63911 -450.72 -90.6322
25 0 -4.62659 -406.786 -267.286
25 0 -4.60221 -310.663 -425.595
25 0 -4.56784 -153.224 -540.033
25 0 -4.52766 57.3038 -575.184
25 0 -4.48844 274.238 -508.529
25 0 -4.45745 447.52 -347.763
25 0 -4.44043 542.439 -123.327
25 0 -4.44043 542.439 -0
25 0 -4.61425 -289.12 -0
25 0 -4.61425 -289.12 -70.9709
25 0 -4.60445 -256.281 -206.429
25 0 -4.58575 -188.546 -320.75
25 0 -4.56017 -85.9683 -395.693
25 0 -4.53113 41.8545 -412.356
25 0 -4.50325 171.144 -360.477
25 0 -4.48137 274.859 -245.498
25 0 -4.46936 332.132 -86.976
25 0 -4.46936 332.132 -0
25 0 -4.59919 -160.358 -0
25 0 -4.59919 -160.358 -57.7933
25 0 -4.59122 -140.672 -166.712
25 0 -4.57618 -101.273 -255.282
25 0 -4.55597 -43.9575 -309.632
25 0 -4.53343 24.9388 -318.072
25 0 -4.51206 93.6229 -275.525
25 0 -4.4954 148.641 -186.775
25 0 -4.48628 179.098 -66.0543
25 0 -4.48628 179.098 -0
25 0 -4.59211 -51.2832 -0
25 0 -4.59211 -51.2832 -51.2841
25 0 -4.58503 -44.774 -147.344
25 0 -4.57177 -31.9149 -224.036
25 0 -4.55411 -13.5274 -269.481
25 0 -4.53457 8.23591 -274.776
25 0 -4.51617 29.7689 -236.775
25 0 -4.50189 46.986 -160.023
25 0 -4.49408 56.5208 -56.5195
25 0 -4.49408 56.5208 -0
25 0 -4.59211 -0 -0
25 0 -4.59211 -0 -51.2841
25 0 -4.58503 -0 -147.344
25 0 -4.57177 -0 -224.036
25 0 -4.55411 -0 -269.481
25 0 -4.53457 -0 -274.776
25 0 -4.51617 -0 -236.775
25 0 -4.50189 -0 -160.023
25 0 -4.49408 -0 -56.5195
25 0 -4.49408 -0 -0
50 4.22708e+11 0 17697.8 -0
50 4.00983e+11 0 17697.8 -0
50 3.60066e+11 0 17485.4 -0
50 3.82065e+11 0 16985 -0
50 3.43955e+11 0 16075.9 -0
50 3.44059e+11 0 14742.2 -0
50 3.35885e+11 0 13446.5 -0
50 3.54726e+11 0 12492.7 -0
50 4.15699e+11 0 12000.2 -0
50 3.15003e+11 0 12000.2 -0
50 8.13227e+11 -1.22159 17804.5 -0
50 8.39042e+11 -1.22159 17804.5 -106.198
50 7.78885e+11 -1.20693 17629.9 -356.4
50 7.4554e+11 -1.17238 17189.8 -704.765
50 7.91374e+11 -1.10963 16288.7 -1121.41
50 7.76903e+11 -1.01757 14723.7 -1314.68
50 8.17639e+11 -0.928143 13276.1 -1124.74
50 8.5166e+11 -0.862305 12262.6 -723.194
50 7.92977e+11 -0.828306 11754.4 -246.278
50 8.28247e+11 -0.828306 11754.4 -0
50 8.37162e+11 -2.4579 18086.4 -0
50 8.7956e+11 -2.4579 18086.4 -174.626
50 8.8734e+11 -2.4338 18040.4 -614.695
50 8.23839e+11 -2.37305 17856.3 -1341.24
50 8.8245e+11 -2.24864 17165.9 -2466.19
50 8.9492e+11 -2.03259 14588.2 -3012.53
50 9.93262e+11 -1.83276 12672.4 -2461.05
50 9.4988e+11 -1.69284 11527.8 -1521.77
50 8.95565e+11 -1.62268 11000.9 -508.234
50 9.89807e+11 -1.62268 11000.9 -0
50 7.8115e+11 -3.71841 18414.4 -0
50 9.02648e+11 -3.71841 18414.4 -152.233
50 8.86371e+11 -3.69739 18589 -586.549
50 8.27613e+11 -3.63743 19029.1 -1579.32
50 7.92081e+11 -3.47937 19930.3 -4389.53
50 8.3105e+11 -3.03146 13790.8 -5808.15
50 8.30513e+11 -2.67756 11297.4 -4185.12
50 8.62996e+11 -2.45371 10175.3 -2394.66
50 9.20497e+11 -2.34697 9720.65 -773.158
50 7.7857e+11 -2.34697 9720.65 -0
50 8.30162e+11 -5 9283.6 -0
50 7.89579e+11 -5 9283.6 -0
50 8.54376e+11 -5 9435.84 -0
50 7.97855e+11 -5 9870.15 -0
50 7.98056e+11 -5 11015.2 -7704.46
50 8.58762e+11 -3.93641 9347.46 -11645.4
50 8.7833e+11 -3.39236 8551.1 -6076.61
50 8.14988e+11 -3.09753 8155.17 -3098.53
50 8.131e+11 -2.96461 7985.72 -962.859
50 7.44512e+11 -2.96461 7985.72 -0
50 8.48079e+11 -5 -0 -0
50 7.92067e+11 -5 -0 -0
50 7.68761e+11 -5 -0 -0
50 8.24395e+11 -5 -0 -0
50 7.98848e+11 -5 -0 -4912.22
50 7.29127e+11 -4.32187 4032.69 -8272.2
50 8.06664e+11 -3.85803 5404.35 -5377.42
50 7.83223e+11 -3.57952 5908.51 -2960.04
50 8.00393e+11 -3.4494 6081.26 -942.606
50 5.74293e+11 -3.4494 6081.26 -0
50 5.51e+11 -5 -769.532 -0
50 5.34352e+11 -5 -769.532 -0
50 5.02408e+11 -5 -873.206 -0
50 5.53384e+11 -5 -1145.19 -0
50 6.00102e+11 -5 -1799.7 -3671.77
50 4.71914e+11 -4.49311 1378.7 -6241.05
50 4.08769e+11 -4.13843 3124.79 -4200.79
50 3.83751e+11 -3.9132 3993.01 -2421.62
50 3.99864e+11 -3.80412 4349.29 -790.114
50 3.08499e+11 -3.80412 4349.29 -0
50 6.84225e+10 -4.89377 -1435.34 -0
50 7.88288e+10 -4.89377 -1435.34 -103.674
50 6.28992e+10 -4.87945 -1578.06 -375.661
50 7.10901e+10 -4.84191 -1907.82 -926.497
50 6.11238e+10 -4.75155 -2520.06 -2388.33
50 4.28154e+10 -4.5122 156.599 -3347.71
50 3.37719e+10 -4.2894 1722.62 -2763.11
50 4.23601e+10 -4.13075 2588.99 -1735.55
50 3.62891e+10 -4.04981 2973.11 -586.331
50 3.86044e+10 -4.04981 2973.11 -0
50 0 -4.80185 -1188.9 -0
50 0 -4.80185 -1188.9 -142.718
50 0 -4.78215 -1222.67 -472.479
50 0 -4.73663 -1242.78 -942
50 0 -4.65211 -1057.84 -1607.35
50 0 -4.51473 44.834 -1998.37
50 0 -4.37623 1019.86 -1768.39
50 0 -4.27061 1666.98 -1171.14
50 0 -4.21456 1980.8 -405.995
50 0 -4.21456 1980.8 -0
50 0 -4.72964 -908.751 -0
50 0 -4.72964 -908.751 -137.437
50 0 -4.71067 -880.963 -429.537
50 0 -4.67034 -782.833 -761.672
50 0 -4.60552 -513.399 -1100.71
50 0 -4.51839 60.694 -1270.01
50 0 -4.43019 644.968 -1140.97
50 0 -4.36088 1078.24 -774.604
50 0 -4.32326 1302.3 -272.507
50 0 -4.32326 1302.3 -0
50 0 -4.6764 -656.387 -0
50 0 -4.6764 -656.387 -114.93
50 0 -4.66053 -609.602 -346.561
50 0 -4.62856 -494.194 -574.436
50 0 -4.58123 -273.617 -763.825
50 0 -4.52311 66.3721 -839.999
50 0 -4.46527 421.086 -750.852
50 0 -4.41946 698.699 -513.807
50 0 -4.39434 847.853 -181.933
50 0 -4.39434 847.853 -0
50 0 -4.63903 -450.81 -0
50 0 -4.63903 -450.81 -90.6517
50 0 -4.62651 -406.866 -267.343
50 0 -4.60212 -310.722 -425.687
50 0 -4.56775 -153.249 -540.149
50 0 -4.52755 57.3244 -575.308
50 0 -4.48832 274.305 -508.638
50 0 -4.45733 447.622 -347.837
50 0 -4.44031 542.561 -123.353
50 0 -4.44031 542.561 -0
50 0 -4.61417 -289.177 -0
50 0 -4.61417 -289.177 -70.986
50 0 -4.60437 -256.331 -206.474
50 0 -4.58566 -188.581 -320.819
50 0 -4.56008 -85.9811 -395.778
50 0 -4.53103 41.8693 -412.445
50 0 -4.50314 171.186 -360.554
50 0 -4.48125 274.923 -245.551
50 0 -4.46924 332.208 -86.9947
50 0 -4.46924 332.208 -0
50 0 -4.59911 -160.39 -0
50 0 -4.59911 -160.39 -57.8056
50 0 -4.59113 -140.699 -166.748
50 0 -4.57609 -101.291 -255.337
50 0 -4.55588 -43.9637 -309.699
50 0 -4.53333 24.9474 -318.141
50 0 -4.51196 93.6462 -275.584
50 0 -4.49529 148.676 -186.816
50 0 -4.48617 179.139 -66.0686
50 0 -4.48617 179.139 -0
50 0 -4.59202 -51.2933 -0
50 0 -4.59202 -51.2933 -51.295
50 0 -4.58494 -44.7827 -147.375
50 0 -4.57168 -31.9208 -224.084
50 0 -4.55401 -13.5293 -269.539
50 0 -4.53447 8.23869 -274.835
50 0 -4.51607 29.7762 -236.826
50 0 -4.50178 46.997 -160.058
50 0 -4.49397 56.5338 -56.5319
50 0 -4.49397 56.5338 -0
50 0 -4.59202 -0 -0
50 0 -4.59202 -0 -51.295
50 0 -4.58494 -0 -147.375
50 0 -4.57168 -0 -224.084
50 0 -4.55401 -0 -269.539
50 0 -4.53447 -0 -274.835
50 0 -4.51607 -0 -236.826
50 0 -4.50178 -0 -160.058
50 0 -4.49397 -0 -56.5319
50 0 -4.49397 -0 -0
75 3.69155e+11 0 17697.8 -0
75 3.54286e+11 0 17697.8 -0
75 4.46136e+11 0 17485.3 -0
75 4.35513e+11 0 16984.8 -0
75 3.98938e+11 0 16075.7 -0
75 3.29891e+11 0 14741.9 -0
75 3.69116e+11 0 13446.2 -0
75 3.36865e+11 0 12492.3 -0
75 3.5585e+11 0 11999.7 -0
75 3.58871e+11 0 11999.7 -0
75 8.49274e+11 -1.22158 17804.5 -0
75 7.9793e+11 -1.22158 17804.5 -106.218
75 7.85468e+11 -1.20692 17629.9 -356.464
75 8.69142e+11 -1.17237 17189.7 -704.839
75 8.69576e+11 -1.10962 16288.5 -1121.48
75 8.17134e+11 -1.01755 14723.4 -1314.75
75 7.9604e+11 -0.928116 13275.7 -1124.8
75 7.23732e+11 -0.862276 12262.1 -723.242
75 7.17204e+11 -0.828273 11753.8 -246.307
75 7.91314e+11 -0.828273 11753.8 -0
75 1.02112e+12 -2.4579 18086.4 -0
75 9.63526e+11 -2.4579 18086.4 -174.634
75 8.87051e+11 -2.43379 18040.4 -614.756
75 8.78559e+11 -2.37303 17856.3 -1341.36
75 8.74466e+11 -2.24862 17165.8 -2466.37
75 9.22802e+11 -2.03255 14587.9 -3012.77
75 9.65966e+11 -1.83271 12671.9 -2461.25
75 8.52692e+11 -1.69278 11527.1 -1521.92
75 8.44377e+11 -1.62261 11000.2 -508.296
75 7.30106e+11 -1.62261 11000.2 -0
75 9.38435e+11 -3.7184 18414.5 -0
75 8.50136e+11 -3.7184 18414.5 -152.246
75 8.07782e+11 -3.69739 18589.1 -586.621
75 8.7922e+11 -3.63742 19029.2 -1579.46
75 8.34914e+11 -3.47934 19930.5 -4389.86
75 7.68526e+11 -3.0314 13790.6 -5808.64
75 7.72753e+11 -2.67746 11296.8 -4185.56
75 8.29952e+11 -2.45359 10174.4 -2394.95
75 9.55655e+11 -2.34684 9719.76 -773.261
75 8.24402e+11 -2.34684 9719.76 -0
75 8.10893e+11 -5 9283.62 -0
75 8.39138e+11 -5 9283.62 -0
75 8.05703e+11 -5 9435.86 -0
75 7.78103e+11 -5 9870.24 -0
75 8.31926e+11 -5 11015.3 -7705.04
75 7.98468e+11 -3.93632 9346.96 -11646.4
75 8.76847e+11 -3.39222 8550.24 -6077.35
75 9.22887e+11 -3.09735 8154.12 -3098.95
75 7.74523e+11 -2.96441 7984.6 -962.98
75 7.99267e+11 -2.96441 7984.6 -0
75 7.42678e+11 -5 -0 -0
75 7.77686e+11 -5 -0 -0
75 7.74872e+11 -5 -0 -0
75 7.58634e+11 -5 -0 -0
75 8.27784e+11 -5 -0 -4913.14
75 8.18941e+11 -4.32174 4031.77 -8273.74
75 8.66371e+11 -3.85782 5403.13 -5378.41
75 8.12186e+11 -3.57926 5907.18 -2960.59
75 8.51237e+11 -3.44911 6079.85 -942.78
75 8.3459e+11 -3.44911 6079.85 -0
75 7.29189e+11 -5 -771.171 -0
75 8.53709e+11 -5 -771.171 -0
75 8.59634e+11 -5 -874.893 -0
75 8.28803e+11 -5 -1146.98 -0
75 7.72325e+11 -5 -1801.71 -3673.27
75 7.75837e+11 -4.49291 1376.99 -6243.3
75 7.20462e+11 -4.13812 3123.22 -4201.95
75 7.62539e+11 -3.91283 3991.51 -2422.23
75 8.23001e+11 -3.80373 4347.81 -790.304
75 6.7014e+11 -3.80373 4347.81 -0
75 8.07668e+11 -4.89354 -1438.11 -0
75 8.18234e+11 -4.89354 -1438.11 -103.721
75 8.50445e+11 -4.87922 -1580.89 -375.809
75 8.63779e+11 -4.84166 -1910.78 -926.817
75 8.46216e+11 -4.75128 -2523.19 -2389.16
75 8.19286e+11 -4.51184 154.69 -3348.81
75 7.92329e+11 -4.28897 1721.2 -2763.89
75 7.36405e+11 -4.13028 2587.78 -1736
75 7.22178e+11 -4.04932 2971.99 -586.477
75 6.23347e+11 -4.04932 2971.99 -0
75 8.56472e+11 -4.80147 -1190.61 -0
75 7.81781e+11 -4.80147 -1190.61 -142.778
75 8.02995e+11 -4.78176 -1224.38 -472.671
75 9.43973e+11 -4.73622 -1244.5 -942.299
75 8.29319e+11 -4.65168 -1059.46 -1607.79
75 7.10133e+11 -4.51426 43.7167 -1998.91
75 7.14757e+11 -4.37573 1019.09 -1768.86
75 6.93942e+11 -4.27007 1666.39 -1171.43
75 6.96445e+11 -4.21401 1980.3 -406.096
75 4.85576e+11 -4.21401 1980.3 -0
75 6.45847e+11 -4.72918 -909.505 -0
75 5.76499e+11 -4.72918 -909.505 -137.485
75 5.6054e+11 -4.7102 -881.69 -429.696
75 6.86957e+11 -4.66986 -783.497 -761.896
75 6.63912e+11 -4.60502 -513.969 -1100.95
75 4.64e+11 -4.51787 60.3205 -1270.26
75 3.67272e+11 -4.42966 644.783 -1141.21
75 3.64107e+11 -4.36033 1078.17 -774.782
75 3.60834e+11 -4.3227 1302.29 -272.57
75 2.91368e+11 -4.3227 1302.29 -0
75 1.02541e+11 -4.67591 -656.626 -0
75 1.19322e+11 -4.67591 -656.626 -114.963
75 1.0564e+11 -4.66004 -609.816 -346.663
75 1.27316e+11 -4.62806 -494.341 -574.578
75 9.0248e+10 -4.58072 -273.705 -763.976
75 5.82958e+10 -4.52259 66.3437 -840.161
75 4.62032e+10 -4.46474 421.132 -751.009
75 5.8083e+10 -4.41891 698.812 -513.92
75 5.08761e+10 -4.39379 848.003 -181.973
75 5.05999e+10 -4.39379 848.003 -0
75 7.52702e+08 -4.63853 -450.917 -0
75 1.42962e+09 -4.63853 -450.917 -90.6751
75 8.63543e+08 -4.62601 -406.957 -267.411
75 2.40834e+08 -4.60161 -310.776 -425.785
75 2.82017e+08 -4.56723 -153.271 -540.262
75 0 -4.52703 57.3373 -575.425
75 0 -4.4878 274.359 -508.744
75 0 -4.4568 447.717 -347.912
75 0 -4.43977 542.677 -123.38
75 0 -4.43977 542.677 -0
75 0 -4.61366 -289.242 -0
75 0 -4.61366 -289.242 -71.0032
75 0 -4.60386 -256.386 -206.522
75 0 -4.58515 -188.617 -320.891
75 0 -4.55956 -85.9945 -395.862
75 0 -4.53051 41.8797 -412.531
75 0 -4.50261 171.222 -360.63
75 0 -4.48072 274.981 -245.603
75 0 -4.46871 332.278 -87.0133
75 0 -4.46871 332.278 -0
75 0 -4.5986 -160.426 -0
75 0 -4.5986 -160.426 -57.8188
75 0 -4.59062 -140.729 -166.786
75 0 -4.57558 -101.311 -255.394
75 0 -4.55536 -43.9711 -309.765
75 0 -4.53281 24.9538 -318.208
75 0 -4.51143 93.6663 -275.642
75 0 -4.49476 148.708 -186.855
75 0 -4.48564 179.177 -66.0826
75 0 -4.48564 179.177 -0
75 0 -4.59152 -51.3046 -0
75 0 -4.59152 -51.3046 -51.3065
75 0 -4.58444 -44.7924 -147.408
75 0 -4.57117 -31.9272 -224.133
75 0 -4.55349 -13.5317 -269.597
75 0 -4.53395 8.24082 -274.894
75 0 -4.51554 29.7826 -236.876
75 0 -4.50125 47.0071 -160.092
75 0 -4.49344 56.5458 -56.544
75 0 -4.49344 56.5458 -0
75 0 -4.59152 -0 -0
75 0 -4.59152 -0 -51.3065
75 0 -4.58444 -0 -147.408
75 0 -4.57117 -0 -224.133
75 0 -4.55349 -0 -269.597
75 0 -4.53395 -0 -274.894
75 0 -4.51554 -0 -236.876
75 0 -4.50125 -0 -160.092
75 0 -4.49344 -0 -56.544
75 0 -4.49344 -0 -0
100 3.76554e+11 0 17697.7 -0
100 3.34635e+11 0 17697.7 -0
100 3.68732e+11 0 17485.3 -0
100 4.30961e+11 0 16984.8 -0
100 4.69575e+11 0 16075.5 -0
100 3.82432e+11 0 14741.7 -0
100 3.3684e+11 0 13445.8 -0
100 3.44663e+11 0 12491.8 -0
100 4.41747e+11 0 11999.1 -0
100 3.34362e+11 0 11999.1 -0
100 8.54618e+11 -1.22158 17804.5 -0
100 7.94682e+11 -1.22158 17804.5 -106.231
100 8.00971e+11 -1.20692 17629.8 -356.493
100 8.2565e+11 -1.17237 17189.6 -704.899
100 9.41998e+11 -1.1096 16288.4 -1121.55
100 7.41248e+11 -1.01754 14723.1 -1314.82
100 6.85888e+11 -0.928094 13275.4 -1124.91
100 7.12289e+11 -0.862243 12261.6 -723.37
100 8.53806e+11 -0.828233 11753.3 -246.364
100 7.86874e+11 -0.828233 11753.3 -0
100 8.82167e+11 -2.45789 18086.4 -0
100 9.32325e+11 -2.45789 18086.4 -174.66
100 8.91607e+11 -2.43378 18040.4 -614.824
100 9.35174e+11 -2.37302 17856.3 -1341.46
100 8.72579e+11 -2.24859 17165.7 -2466.54
100 8.51649e+11 -2.03251 14587.6 -3012.99
100 8.68375e+11 -1.83265 12671.4 -2461.48
100 8.61592e+11 -1.69271 11526.6 -1522.1
100 8.84498e+11 -1.62253 10999.6 -508.362
100 9.3001e+11 -1.62253 10999.6 -0
100 9.24667e+11 -3.7184 18414.5 -0
100 8.44542e+11 -3.7184 18414.5 -152.271
100 8.69487e+11 -3.69738 18589.1 -586.679
100 8.91999e+11 -3.63741 19029.3 -1579.59
100 8.86896e+11 -3.47932 19930.6 -4390.21
100 8.71886e+11 -3.03134 13790.2 -5809.12
100 8.7277e+11 -2.67737 11296.2 -4185.92
100 7.69879e+11 -2.45348 10173.8 -2395.16
100 8.17074e+11 -2.34672 9718.99 -773.336
100 8.46995e+11 -2.34672 9718.99 -0
100 8.36519e+11 -5 9283.64 -0
100 8.09575e+11 -5 9283.64 -0
100 7.82279e+11 -5 9435.91 -0
100 8.54967e+11 -5 9870.32 -0
100 8.69006e+11 -5 11015.5 -7705.61
100 8.39246e+11 -3.93625 9346.53 -11647.4
100 8.16154e+11 -3.39209 8549.44 -6077.97
100 7.30884e+11 -3.09719 8153.13 -3099.33
100 7.80723e+11 -2.96423 7983.52 -963.127
100 8.08008e+11 -2.96423 7983.52 -0
100 9.02841e+11 -5 -0 -0
100 8.54697e+11 -5 -0 -0
100 8.17028e+11 -5 -0 -0
100 7.98594e+11 -5 -0 -0
100 8.31865e+11 -5 -0 -4914.01
100 8.24243e+11 -4.32163 4030.89 -8275.18
100 8.58595e+11 -3.85762 5401.89 -5379.32
100 7.40889e+11 -3.57901 5905.77 -2961.08
100 7.49091e+11 -3.44884 6078.41 -942.94
100 5.80015e+11 -3.44884 6078.41 -0
100 8.87487e+11 -5 -772.995 -0
100 8.18857e+11 -5 -772.995 -0
100 7.7037e+11 -5 -876.74 -0
100 8.77012e+11 -5 -1148.92 -0
100 8.34156e+11 -5 -1803.89 -3674.72
100 6.9961e+11 -4.49271 1375.07 -6245.49
100 6.85473e+11 -4.13782 3121.37 -4203.09
100 7.60975e+11 -3.91247 3989.66 -2422.81
100 8.6715e+11 -3.80335 4345.99 -790.486
100 7.2007e+11 -3.80335 4345.99 -0
100 8.44654e+11 -4.89329 -1441.72 -0
100 8.42615e+11 -4.89329 -1441.72 -103.745
100 8.13979e+11 -4.87897 -1584.53 -375.928
100 8.62327e+11 -4.84139 -1914.52 -927.154
100 9.07574e+11 -4.75097 -2527.15 -2390.01
100 7.54808e+11 -4.51145 151.86 -3349.92
100 7.8839e+11 -4.28852 1718.81 -2764.72
100 8.23264e+11 -4.12978 2585.58 -1736.46
100 6.89722e+11 -4.0488 2969.86 -586.616
100 6.73648e+11 -4.0488 2969.86 -0
100 7.53387e+11 -4.80097 -1194.14 -0
100 7.91488e+11 -4.80097 -1194.14 -142.815
100 7.86891e+11 -4.78126 -1227.93 -472.802
100 8.61519e+11 -4.7357 -1248.02 -942.617
100 9.59809e+11 -4.65113 -1062.84 -1608.33
100 7.93717e+11 -4.51367 40.7687 -1999.52
100 7.61471e+11 -4.3751 1016.48 -1769.37
100 7.38677e+11 -4.26941 1663.98 -1171.77
100 7.9113e+11 -4.21333 1977.95 -406.213
100 7.30369e+11 -4.21333 1977.95 -0
100 7.13857e+11 -4.72844 -912.782 -0
100 8.36124e+11 -4.72844 -912.782 -137.53
100 8.77923e+11 -4.70945 -884.971 -429.806
100 9.27652e+11 -4.6691 -786.744 -762.069
100 8.23648e+11 -4.60425 -517.016 -1101.23
100 7.35991e+11 -4.51708 57.5597 -1270.59
100 6.44554e+11 -4.42884 642.277 -1141.51
100 6.99123e+11 -4.3595 1075.84 -774.996
100 7.60456e+11 -4.32186 1300.05 -272.65
100 6.40121e+11 -4.32186 1300.05 -0
100 8.06331e+11 -4.67496 -659.182 -0
100 8.77436e+11 -4.67496 -659.182 -115.004
100 8.8873e+11 -4.65909 -612.371 -346.764
100 1.00162e+12 -4.62709 -496.886 -574.662
100 8.88771e+11 -4.57975 -276.084 -764.03
100 7.87219e+11 -4.52162 64.204 -840.23
100 6.96411e+11 -4.46376 419.183 -751.089
100 6.683e+11 -4.41793 697.004 -513.989
100 6.43309e+11 -4.39281 846.276 -182
100 5.88644e+11 -4.39281 846.276 -0
100 8.65594e+11 -4.63744 -452.429 -0
100 7.80197e+11 -4.63744 -452.429 -90.7184
100 8.67925e+11 -4.62492 -408.45 -267.509
100 1.09586e+12 -4.60051 -312.24 -425.782
100 8.27694e+11 -4.56614 -154.635 -540.137
100 6.70476e+11 -4.52594 56.1154 -575.327
100 6.48566e+11 -4.48671 273.248 -508.706
100 6.34652e+11 -4.45572 446.676 -347.903
100 6.15453e+11 -4.43868 541.679 -123.378
100 4.45368e+11 -4.43868 541.679 -0
100 7.1456e+11 -4.61251 -289.833 -0
100 5.92956e+11 -4.61251 -289.833 -71.0251
100 6.12721e+11 -4.6027 -256.935 -206.575
100 8.19475e+11 -4.58399 -189.103 -320.847
100 6.68386e+11 -4.55841 -86.4719 -395.675
100 4.23186e+11 -4.52937 41.4171 -412.346
100 3.34337e+11 -4.50148 170.791 -360.528
100 3.52687e+11 -4.47959 274.577 -245.558
100 3.33841e+11 -4.46758 331.89 -86.9979
100 2.84344e+11 -4.46758 331.89 -0
100 1.45027e+11 -4.59743 -160.519 -0
100 1.64861e+11 -4.59743 -160.519 -57.8207
100 1.63838e+11 -4.58945 -140.795 -166.779
100 2.00168e+11 -4.5744 -101.325 -255.319
100 1.19318e+11 -4.5542 -44.0092 -309.617
100 8.06281e+10 -4.53166 24.865 -318.064
100 6.64852e+10 -4.51029 93.5581 -275.547
100 8.47926e+10 -4.49362 148.605 -186.803
100 7.31649e+10 -4.4845 179.077 -66.0642
100 5.0082e+10 -4.4845 179.077 -0
100 4.33748e+09 -4.59035 -51.299 -0
100 6.61848e+09 -4.59035 -51.299 -51.3007
100 3.92548e+09 -4.58326 -44.779 -147.381
100 3.5291e+09 -4.57 -31.9006 -224.061
100 1.4089e+09 -4.55233 -13.5211 -269.485
100 1.30656e+09 -4.5328 8.23125 -274.779
100 7.1645e+08 -4.5144 29.7639 -236.788
100 1.13316e+09 -4.50011 46.9896 -160.039
100 2.02736e+09 -4.49231 56.5279 -56.5259
100 7.91927e+08 -4.49231 56.5279 -0
100 0 -4.59035 -0 -0
100 0 -4.59035 -0 -51.3007
100 0 -4.58326 -0 -147.381
100 0 -4.57 -0 -224.061
100 0 -4.55233 -0 -269.485
100 0 -4.5328 -0 -274.779
100 0 -4.5144 -0 -236.788
100 0 -4.50011 -0 -160.039
100 0 -4.49231 -0 -56.5259
100 0 -4.49231 -0 -0
125 4.99269e+11 0 17697.7 -0
125 4.70763e+11 0 17697.7 -0
125 5.12984e+11 0 17485.3 -0
125 4.40459e+11 0 16984.8 -0
125 4.02812e+11 0 16075.4 -0
125 4.42514e+11 0 14741.4 -0
125 3.94554e+11 0 13445.5 -0
125 4.22082e+11 0 12491.5 -0
125 4.05449e+11 0 11998.7 -0
125 3.67697e+11 0 11998.7 -0
125 8.2374e+11 -1.22158 17804.5 -0
125 8.45082e+11 -1.22158 17804.5 -106.23
125 8.24625e+11 -1.20691 17629.8 -356.482
125 7.27596e+11 -1.17237 17189.6 -704.913
125 7.82836e+11 -1.1096 16288.3 -1121.66
125 8.63589e+11 -1.01752 14722.9 -1314.95
125 7.41224e+11 -0.928073 13275.1 -1124.99
125 7.33496e+11 -0.862218 12261.3 -723.411
125 7.89518e+11 -0.828207 11752.8 -246.373
125 7.6623e+11 -0.828207 11752.8 -0
125 8.14612e+11 -2.4579 18086.5 -0
125 8.677e+11 -2.4579 18086.5 -174.68
125 8.94705e+11 -2.43378 18040.4 -614.858
125 8.73267e+11 -2.37302 17856.2 -1341.53
125 8.83276e+11 -2.24858 17165.6 -2466.69
125 8.42665e+11 -2.03249 14587.5 -3013.19
125 8.65292e+11 -1.83262 12671.2 -2461.68
125 8.86226e+11 -1.69266 11526.2 -1522.25
125 9.60098e+11 -1.62247 10999.1 -508.419
125 8.52249e+11 -1.62247 10999.1 -0
125 8.0096e+11 -3.7184 18414.5 -0
125 7.84653e+11 -3.7184 18414.5 -152.295
125 8.82809e+11 -3.69738 18589.2 -586.732
125 9.3834e+11 -3.6374 19029.3 -1579.68
125 9.505e+11 -3.4793 19930.7 -4390.41
125 7.83906e+11 -3.03131 13790.1 -5809.43
125 7.60875e+11 -2.67732 11295.9 -4186.27
125 8.6765e+11 -2.4534 10173.3 -2395.43
125 9.35855e+11 -2.34663 9718.47 -773.427
125 7.82939e+11 -2.34663 9718.47 -0
125 8.47158e+11 -5 9283.63 -0
125 8.00227e+11 -5 9283.63 -0
125 8.03321e+11 -5 9435.92 -0
125 8.57078e+11 -5 9870.36 -0
125 9.08094e+11 -5 11015.6 -7705.94
125 7.24778e+11 -3.9362 9346.22 -11648
125 7.28336e+11 -3.392 8548.93 -6078.47
125 7.45304e+11 -3.09707 8152.55 -3099.67
125 8.56051e+11 -2.9641 7982.92 -963.244
125 8.37928e+11 -2.9641 7982.92 -0
125 8.07057e+11 -5 -0 -0
125 8.38523e+11 -5 -0 -0
125 8.29238e+11 -5 -0 -0
125 8.68754e+11 -5 -0 -0
125 8.23978e+11 -5 -0 -4914.55
125 7.87095e+11 -4.32155 4030.26 -8276.1
125 7.59497e+11 -3.85749 5401.08 -5379.94
125 7.55181e+11 -3.57885 5904.97 -2961.45
125 7.53728e+11 -3.44866 6077.62 -943.056
125 7.62076e+11 -3.44866 6077.62 -0
125 8.80251e+11 -5 -774.178 -0
125 8.19594e+11 -5 -774.178 -0
125 8.30572e+11 -5 -877.953 -0
125 8.71263e+11 -5 -1150.2 -0
125 8.83355e+11 -5 -1805.31 -3675.68
125 8.189e+11 -4.49258 1373.81 -6246.9
125 7.87984e+11 -4.13762 3120.2 -4203.76
125 6.74621e+11 -3.91225 3988.58 -2423.13
125 7.41304e+11 -3.80311 4344.91 -790.591
125 7.36569e+11 -3.80311 4344.91 -0
125 8.08733e+11 -4.89313 -1444.08 -0
125 8.0307e+11 -4.89313 -1444.08 -103.774
125 8.08853e+11 -4.8788 -1586.92 -376.026
125 9.17314e+11 -4.84122 -1916.98 -927.362
125 9.40039e+11 -4.75078 -2529.72 -2390.54
125 7.62902e+11 -4.5112 150.06 -3350.59
125 7.15372e+11 -4.28823 1717.3 -2765.16
125 6.35309e+11 -4.12947 2584.18 -1736.74
125 7.10028e+11 -4.04848 2968.49 -586.73
125 7.06513e+11 -4.04848 2968.49 -0
125 8.78297e+11 -4.80065 -1196.43 -0
125 8.60789e+11 -4.80065 -1196.43 -142.842
125 8.44967e+11 -4.78093 -1230.2 -472.897
125 8.93424e+11 -4.73536 -1250.31 -942.797
125 9.38053e+11 -4.65077 -1065.07 -1608.64
125 8.02377e+11 -4.51329 38.8483 -1999.89
125 7.80376e+11 -4.37469 1014.74 -1769.64
125 6.4617e+11 -4.26899 1662.32 -1171.93
125 6.99448e+11 -4.21291 1976.36 -406.277
125 5.3976e+11 -4.21291 1976.36 -0
125 8.93938e+11 -4.72796 -914.979 -0
125 8.37283e+11 -4.72796 -914.979 -137.549
125 7.96785e+11 -4.70897 -887.159 -429.904
125 9.98417e+11 -4.66861 -788.923 -762.231
125 8.83943e+11 -4.60375 -519.141 -1101.39
125 6.65297e+11 -4.51657 55.6011 -1270.78
125 6.21677e+11 -4.42832 640.434 -1141.68
125 6.90971e+11 -4.35896 1074.05 -775.113
125 7.72529e+11 -4.32131 1298.31 -272.691
125 6.61711e+11 -4.32131 1298.31 -0
125 8.94115e+11 -4.67433 -661.342 -0
125 8.74854e+11 -4.67433 -661.342 -115.023
125 8.59034e+11 -4.65845 -614.527 -346.841
125 1.03356e+12 -4.62645 -498.998 -574.779
125 9.51557e+11 -4.57911 -278.165 -764.116
125 7.32996e+11 -4.52097 62.2187 -840.312
125 7.14564e+11 -4.4631 417.303 -751.193
125 7.40463e+11 -4.41727 695.185 -514.051
125 6.39299e+11 -4.39214 844.484 -182.014
125 6.32517e+11 -4.39214 844.484 -0
125 7.77515e+11 -4.63666 -454.537 -0
125 8.10555e+11 -4.63666 -454.537 -90.7334
125 8.33212e+11 -4.62414 -410.587 -267.56
125 1.06046e+12 -4.59973 -314.338 -425.869
125 1.02747e+12 -4.56534 -156.651 -540.172
125 7.24343e+11 -4.52515 54.1722 -575.309
125 6.62944e+11 -4.48592 271.399 -508.719
125 6.92912e+11 -4.45493 444.903 -347.931
125 7.29882e+11 -4.43789 539.929 -123.391
125 6.48205e+11 -4.43789 539.929 -0
125 7.09707e+11 -4.61158 -291.722 -0
125 8.14146e+11 -4.61158 -291.722 -71.0721
125 9.15348e+11 -4.60177 -258.91 -206.642
125 1.04832e+12 -4.58306 -191.109 -320.843
125 8.52117e+11 -4.55748 -88.337 -395.605
125 6.42265e+11 -4.52845 39.665 -412.262
125 6.02332e+11 -4.50057 169.147 -360.462
125 6.55119e+11 -4.47868 273.043 -245.52
125 7.16677e+11 -4.46668 330.45 -86.9874
125 5.99818e+11 -4.46668 330.45 -0
125 8.15147e+11 -4.59639 -161.644 -0
125 9.29776e+11 -4.59639 -161.644 -57.9214
125 9.54244e+11 -4.58839 -142.147 -166.947
125 1.16618e+12 -4.57334 -102.786 -255.296
125 8.74302e+11 -4.55315 -45.3487 -309.398
125 6.87991e+11 -4.53063 23.6546 -317.825
125 6.19618e+11 -4.50927 92.4532 -275.341
125 6.09404e+11 -4.49262 147.621 -186.629
125 5.80099e+11 -4.48351 178.282 -65.9847
125 5.46716e+11 -4.48351 178.282 -0
125 8.62992e+11 -4.58927 -51.5722 -0
125 7.78092e+11 -4.58927 -51.5722 -51.5745
125 9.49529e+11 -4.58215 -45.2254 -147.783
125 1.25632e+12 -4.56887 -32.4082 -224.045
125 7.74487e+11 -4.55122 -13.9744 -269.165
125 6.03024e+11 -4.53171 7.82506 -274.46
125 6.03e+11 -4.51333 29.3912 -236.496
125 5.9584e+11 -4.49906 46.6699 -159.692
125 5.47613e+11 -4.49129 56.328 -56.3266
125 4.28769e+11 -4.49129 56.328 -0
125 9.11905e+11 -4.58927 -0 -0
125 7.27121e+11 -4.58927 -0 -51.5745
125 8.21488e+11 -4.58215 -0 -147.783
125 1.22938e+12 -4.56887 -0 -224.045
125 7.94677e+11 -4.55122 -0 -269.165
125 5.28646e+11 -4.53171 -0 -274.46
125 4.27429e+11 -4.51333 -0 -236.496
125 4.1061e+11 -4.49906 -0 -159.692
125 3.59979e+11 -4.49129 -0 -56.3266
125 3.22421e+11 -4.49129 -0 -0
150 3.99511e+11 0 17697.7 -0
150 4.65229e+11 0 17697.7 -0
150 4.34568e+11 0 17485.2 -0
150 4.64246e+11 0 16984.7 -0
150 4.62027e+11 0 16075.4 -0
150 5.10127e+11 0 14741.4 -0
150 4.54668e+11 0 13445.5 -0
150 4.82129e+11 0 12491.4 -0
150 4.61891e+11 0 11998.6 -0
150 4.28888e+11 0 11998.6 -0
150 8.59878e+11 -1.22157 17804.4 -0
150 9.49361e+11 -1.22157 17804.4 -106.201
150 8.14226e+11 -1.20691 17629.8 -356.455
150 8.20457e+11 -1.17237 17189.7 -704.906
150 7.63871e+11 -1.1096 16288.3 -1121.67
150 8.60021e+11 -1.01752 14722.9 -1314.99
150 8.43636e+11 -0.928068 13275.1 -1125.02
150 8.67152e+11 -0.862212 12261.2 -723.407
150 8.43292e+11 -0.828202 11752.8 -246.361
150 8.80471e+11 -0.828202 11752.8 -0
150 9.527e+11 -2.45789 18086.5 -0
150 9.88562e+11 -2.45789 18086.5 -174.635
150 8.53903e+11 -2.43378 18040.4 -614.793
150 7.7107e+11 -2.37302 17856.3 -1341.53
150 8.88566e+11 -2.24858 17165.7 -2466.74
150 8.98584e+11 -2.03249 14587.5 -3013.23
150 9.01796e+11 -1.83261 12671.2 -2461.69
150 9.01633e+11 -1.69265 11526.2 -1522.24
150 9.7799e+11 -1.62247 10999.2 -508.414
150 9.65093e+11 -1.62247 10999.2 -0
150 8.81323e+11 -3.7184 18414.5 -0
150 8.05295e+11 -3.7184 18414.5 -152.264
150 8.03715e+11 -3.69738 18589.1 -586.686
150 8.26497e+11 -3.63741 19029.3 -1579.67
150 8.34211e+11 -3.47931 19930.7 -4390.46
150 7.8996e+11 -3.03131 13790.1 -5809.47
150 7.52132e+11 -2.67731 11295.9 -4186.26
150 8.01432e+11 -2.4534 10173.3 -2395.41
150 8.55389e+11 -2.34663 9718.48 -773.421
150 7.86719e+11 -2.34663 9718.48 -0
150 7.59211e+11 -5 9283.64 -0
150 7.98917e+11 -5 9283.64 -0
150 7.97518e+11 -5 9435.9 -0
150 7.00793e+11 -5 9870.32 -0
150 7.69457e+11 -5 11015.6 -7705.97
150 8.38741e+11 -3.9362 9346.23 -11648
150 7.21172e+11 -3.392 8548.93 -6078.46
150 7.11172e+11 -3.09707 8152.5 -3099.67
150 7.9226e+11 -2.9641 7982.84 -963.243
150 7.80025e+11 -2.9641 7982.84 -0
150 7.35956e+11 -5 -0 -0
150 7.92805e+11 -5 -0 -0
150 7.87875e+11 -5 -0 -0
150 8.30872e+11 -5 -0 -0
150 8.13126e+11 -5 -0 -4914.55
150 7.36828e+11 -4.32155 4030.3 -8276.12
150 7.70608e+11 -3.85749 5401.1 -5380
150 8.3129e+11 -3.57885 5904.93 -2961.5
150 8.61135e+11 -3.44865 6077.55 -943.076
150 6.99836e+11 -3.44865 6077.55 -0
150 7.2055e+11 -5 -774.218 -0
150 7.61479e+11 -5 -774.218 -0
150 8.49936e+11 -5 -878 -0
150 9.32594e+11 -5 -1150.25 -0
150 9.62966e+11 -5 -1805.35 -3675.66
150 7.03314e+11 -4.49258 1373.8 -6246.9
150 6.63515e+11 -4.13762 3120.21 -4203.84
150 7.73039e+11 -3.91224 3988.59 -2423.21
150 8.30477e+11 -3.8031 4344.92 -790.614
150 7.04035e+11 -3.8031 4344.92 -0
150 8.38834e+11 -4.89312 -1444.17 -0
150 7.76438e+11 -4.89312 -1444.17 -103.782
150 8.19477e+11 -4.87879 -1587.02 -376.035
150 9.33546e+11 -4.84121 -1917.08 -927.35
150 9.64423e+11 -4.75077 -2529.8 -2390.5
150 6.89025e+11 -4.5112 150.005 -3350.56
150 6.57062e+11 -4.28823 1717.28 -2765.2
150 6.69997e+11 -4.12947 2584.21 -1736.79
150 7.65681e+11 -4.04847 2968.55 -586.748
150 7.57778e+11 -4.04847 2968.55 -0
150 8.30754e+11 -4.80063 -1196.52 -0
150 8.60187e+11 -4.80063 -1196.52 -142.85
150 8.56415e+11 -4.78091 -1230.3 -472.909
150 9.75067e+11 -4.73535 -1250.39 -942.776
150 9.44047e+11 -4.65076 -1065.16 -1608.58
150 7.33583e+11 -4.51329 38.7558 -1999.83
150 6.76457e+11 -4.37469 1014.69 -1769.63
150 6.76901e+11 -4.26899 1662.36 -1171.94
150 6.72639e+11 -4.2129 1976.43 -406.272
150 6.66074e+11 -4.2129 1976.43 -0
150 8.82487e+11 -4.72794 -915.051 -0
150 8.35238e+11 -4.72794 -915.051 -137.56
150 8.66125e+11 -4.70895 -887.232 -429.903
150 9.82159e+11 -4.66859 -788.983 -762.211
150 9.51024e+11 -4.60373 -519.212 -1101.36
150 7.71935e+11 -4.51655 55.5384 -1270.72
150 7.21773e+11 -4.42831 640.399 -1141.6
150 6.13798e+11 -4.35896 1074.08 -775.049
150 6.81198e+11 -4.32131 1298.32 -272.678
150 6.80353e+11 -4.32131 1298.32 -0
150 7.93678e+11 -4.67431 -661.419 -0
150 8.36098e+11 -4.67431 -661.419 -115.031
150 8.75811e+11 -4.65843 -614.588 -346.841
150 1.04576e+12 -4.62643 -499.061 -574.756
150 1.00895e+12 -4.57909 -278.207 -764.056
150 6.85587e+11 -4.52095 62.1797 -840.218
150 6.31926e+11 -4.4631 417.263 -751.092
150 5.52625e+11 -4.41727 695.153 -514.011
150 6.49509e+11 -4.39214 844.448 -182.027
150 6.52703e+11 -4.39214 844.448 -0
150 8.72724e+11 -4.63663 -454.6 -0
150 8.67481e+11 -4.63663 -454.6 -90.729
150 8.82799e+11 -4.62411 -410.631 -267.545
150 1.0655e+12 -4.5997 -314.413 -425.831
150 9.91294e+11 -4.56532 -156.712 -540.117
150 7.42941e+11 -4.52514 54.1062 -575.245
150 7.1138e+11 -4.48591 271.312 -508.625
150 5.75107e+11 -4.45492 444.797 -347.864
150 6.56086e+11 -4.43789 539.852 -123.382
150 5.07033e+11 -4.43789 539.852 -0
150 8.88017e+11 -4.61155 -291.741 -0
150 8.51447e+11 -4.61155 -291.741 -71.0625
150 8.53722e+11 -4.60174 -258.938 -206.654
150 1.15809e+12 -4.58303 -191.179 -320.837
150 8.68803e+11 -4.55745 -88.4218 -395.537
150 6.04085e+11 -4.52842 39.5931 -412.195
150 5.98068e+11 -4.50055 169.059 -360.402
150 6.22451e+11 -4.47867 272.913 -245.47
150 6.83872e+11 -4.46666 330.333 -86.9712
150 6.07913e+11 -4.46666 330.333 -0
150 9.27751e+11 -4.59636 -161.655 -0
150 9.16578e+11 -4.59636 -161.655 -57.926
150 9.28242e+11 -4.58836 -142.175 -166.982
150 1.24238e+12 -4.57331 -102.832 -255.314
150 9.07797e+11 -4.55312 -45.4434 -309.346
150 6.63611e+11 -4.5306 23.5785 -317.764
150 6.53312e+11 -4.50925 92.3829 -275.305
150 6.83778e+11 -4.4926 147.531 -186.59
150 6.00893e+11 -4.48349 178.198 -65.9624
150 5.77099e+11 -4.48349 178.198 -0
150 8.17344e+11 -4.58924 -51.5792 -0
150 8.16385e+11 -4.58924 -51.5792 -51.5825
150 9.15296e+11 -4.58212 -45.2357 -147.831
150 1.32118e+12 -4.56883 -32.4282 -224.105
150 9.83488e+11 -4.55118 -14.0264 -269.127
150 6.17403e+11 -4.53168 7.7903 -274.369
150 6.07981e+11 -4.5133 29.3689 -236.449
150 6.47857e+11 -4.49904 46.6456 -159.655
150 6.76454e+11 -4.49126 56.3043 -56.3037
150 5.72498e+11 -4.49126 56.3043 -0
150 7.31436e+11 -4.58924 -0 -0
150 7.16357e+11 -4.58924 -0 -51.5825
150 8.05088e+11 -4.58212 -0 -147.831
150 1.12525e+12 -4.56883 -0 -224.105
150 8.08702e+11 -4.55118 -0 -269.127
150 5.84859e+11 -4.53168 -0 -274.369
150 5.9231e+11 -4.5133 -0 -236.449
150 6.52898e+11 -4.49904 -0 -159.655
150 7.67699e+11 -4.49126 -0 -56.3037
150 5.76342e+11 -4.49126 -0 -0
175 4.98241e+11 0 17697.7 -0
175 4.33093e+11 0 17697.7 -0
175 4.50592e+11 0 17485.2 -0
175 4.19178e+11 0 16984.7 -0
175 5.12323e+11 0 16075.3 -0
175 5.27579e+11 0 14741.4 -0
175 4.36316e+11 0 13445.4 -0
175 4.1887e+11 0 12491.3 -0
175 5.5127e+11 0 11998.6 -0
175 5.24378e+11 0 11998.6 -0
175 8.12594e+11 -1.22158 17804.4 -0
175 8.08006e+11 -1.22158 17804.4 -106.232
175 7.9088e+11 -1.20691 17629.8 -356.512
175 8.39961e+11 -1.17236 17189.6 -704.953
175 9.29762e+11 -1.10959 16288.2 -1121.67
175 8.86657e+11 -1.01752 14722.9 -1314.96
175 7.78028e+11 -0.928066 13275 -1125.02
175 8.88921e+11 -0.862208 12261.2 -723.427
175 9.19502e+11 -0.828197 11752.8 -246.368
175 8.46065e+11 -0.828197 11752.8 -0
175 9.1728e+11 -2.45789 18086.5 -0
175 9.77566e+11 -2.45789 18086.5 -174.658
175 8.85203e+11 -2.43378 18040.4 -614.844
175 9.02284e+11 -2.37301 17856.3 -1341.55
175 8.62346e+11 -2.24858 17165.7 -2466.72
175 8.314e+11 -2.03248 14587.4 -3013.23
175 8.80514e+11 -1.8326 12671.1 -2461.71
175 9.16772e+11 -1.69265 11526.2 -1522.23
175 8.94801e+11 -1.62246 10999.1 -508.396
175 8.23278e+11 -1.62246 10999.1 -0
175 7.78805e+11 -3.7184 18414.5 -0
175 8.36184e+11 -3.7184 18414.5 -152.269
175 8.12372e+11 -3.69738 18589.2 -586.704
175 8.48781e+11 -3.6374 19029.4 -1579.69
175 8.63559e+11 -3.4793 19930.7 -4390.49
175 8.49559e+11 -3.0313 13790.1 -5809.53
175 9.39448e+11 -2.6773 11295.9 -4186.29
175 9.02063e+11 -2.45339 10173.3 -2395.38
175 8.42907e+11 -2.34662 9718.43 -773.394
175 7.16318e+11 -2.34662 9718.43 -0
175 8.6083e+11 -5 9283.65 -0
175 9.0304e+11 -5 9283.65 -0
175 7.62907e+11 -5 9435.92 -0
175 7.75243e+11 -5 9870.35 -0
175 7.24633e+11 -5 11015.6 -7706
175 8.12153e+11 -3.93619 9346.26 -11648.1
175 8.02989e+11 -3.39199 8548.98 -6078.51
175 8.04204e+11 -3.09706 8152.55 -3099.66
175 8.68789e+11 -2.96408 7982.87 -963.235
175 8.51225e+11 -2.96408 7982.87 -0
175 8.51788e+11 -5 -0 -0
175 8.95582e+11 -5 -0 -0
175 7.66777e+11 -5 -0 -0
175 7.23851e+11 -5 -0 -0
175 8.57461e+11 -5 -0 -4914.58
175 7.89684e+11 -4.32155 4030.33 -8276.16
175 8.04001e+11 -3.85748 5401.17 -5380
175 7.89497e+11 -3.57884 5905.01 -2961.49
175 8.55401e+11 -3.44865 6077.63 -943.076
175 8.25874e+11 -3.44865 6077.63 -0
175 8.25325e+11 -5 -774.193 -0
175 7.76254e+11 -5 -774.193 -0
175 7.79392e+11 -5 -877.969 -0
175 8.14978e+11 -5 -1150.2 -0
175 8.43514e+11 -5 -1805.31 -3675.68
175 7.26501e+11 -4.49258 1373.83 -6246.91
175 6.39218e+11 -4.13762 3120.26 -4203.82
175 7.06762e+11 -3.91224 3988.63 -2423.2
175 7.61292e+11 -3.8031 4344.95 -790.612
175 6.24735e+11 -3.8031 4344.95 -0
175 7.35101e+11 -4.89312 -1444.12 -0
175 7.83906e+11 -4.89312 -1444.12 -103.776
175 8.14887e+11 -4.8788 -1586.97 -376.005
175 7.78286e+11 -4.84122 -1917.03 -927.341
175 8.66665e+11 -4.75078 -2529.75 -2390.55
175 8.04627e+11 -4.5112 150.052 -3350.59
175 6.11183e+11 -4.28823 1717.3 -2765.2
175 6.38851e+11 -4.12947 2584.19 -1736.8
175 7.12676e+11 -4.04847 2968.51 -586.75
175 6.78851e+11 -4.04847 2968.51 -0
175 7.53576e+11 -4.80064 -1196.5 -0
175 8.05945e+11 -4.80064 -1196.5 -142.851
175 8.0071e+11 -4.78092 -1230.3 -472.908
175 9.11061e+11 -4.73536 -1250.43 -942.774
175 8.63039e+11 -4.65077 -1065.17 -1608.59
175 7.09218e+11 -4.51329 38.8167 -1999.87
175 6.96936e+11 -4.37469 1014.73 -1769.69
175 7.70701e+11 -4.26899 1662.35 -1171.99
175 7.82575e+11 -4.2129 1976.41 -406.287
175 6.11319e+11 -4.2129 1976.41 -0
175 6.93612e+11 -4.72795 -915.07 -0
175 7.88444e+11 -4.72795 -915.07 -137.581
175 8.84277e+11 -4.70895 -887.266 -429.936
175 1.07278e+12 -4.6686 -789.03 -762.211
175 1.01753e+12 -4.60373 -519.236 -1101.31
175 6.57141e+11 -4.51656 55.5635 -1270.69
175 5.89126e+11 -4.42831 640.448 -1141.67
175 7.28068e+11 -4.35895 1074.13 -775.126
175 7.45835e+11 -4.32131 1298.38 -272.691
175 6.39794e+11 -4.32131 1298.38 -0
175 8.38979e+11 -4.67432 -661.459 -0
175 7.82031e+11 -4.67432 -661.459 -115.048
175 8.73234e+11 -4.65843 -614.619 -346.868
175 1.08438e+12 -4.62643 -499.079 -574.743
175 1.01931e+12 -4.57909 -278.208 -764.001
175 6.52739e+11 -4.52096 62.1887 -840.181
175 5.73713e+11 -4.4631 417.298 -751.129
175 6.35972e+11 -4.41727 695.237 -514.056
175 6.88722e+11 -4.39214 844.557 -182.03
175 7.13638e+11 -4.39214 844.557 -0
175 8.67728e+11 -4.63663 -454.633 -0
175 8.79176e+11 -4.63663 -454.633 -90.7403
175 9.10673e+11 -4.62411 -410.656 -267.556
175 1.15118e+12 -4.5997 -314.411 -425.8
175 9.89375e+11 -4.56533 -156.726 -540.042
175 6.49102e+11 -4.52515 54.0968 -575.183
175 6.17871e+11 -4.48592 271.334 -508.621
175 6.14307e+11 -4.45493 444.9 -347.867
175 6.16316e+11 -4.4379 539.969 -123.372
175 5.99032e+11 -4.4379 539.969 -0
175 8.68771e+11 -4.61155 -291.733 -0
175 8.66111e+11 -4.61155 -291.733 -71.0713
175 9.27477e+11 -4.60174 -258.929 -206.646
175 1.13376e+12 -4.58303 -191.153 -320.813
175 9.63642e+11 -4.55745 -88.4166 -395.493
175 6.80963e+11 -4.52843 39.6072 -412.122
175 6.69629e+11 -4.50056 169.101 -360.326
175 5.70045e+11 -4.47869 273.017 -245.42
175 6.21298e+11 -4.46668 330.41 -86.9605
175 6.01025e+11 -4.46668 330.41 -0
175 7.85211e+11 -4.59636 -161.642 -0
175 8.69192e+11 -4.59636 -161.642 -57.9371
175 9.52574e+11 -4.58836 -142.152 -166.976
175 1.23365e+12 -4.57331 -102.803 -255.288
175 9.758e+11 -4.55312 -45.4046 -309.282
175 5.84745e+11 -4.53061 23.6071 -317.665
175 5.66354e+11 -4.50927 92.4147 -275.211
175 4.98024e+11 -4.49262 147.584 -186.558
175 5.94659e+11 -4.48351 178.232 -65.9782
175 6.01501e+11 -4.48351 178.232 -0
175 8.58228e+11 -4.58924 -51.5823 -0
175 8.73496e+11 -4.58924 -51.5823 -51.582
175 9.39208e+11 -4.58212 -45.2271 -147.807
175 1.27832e+12 -4.56883 -32.4133 -224.065
175 9.65152e+11 -4.55119 -14.0046 -269.083
175 6.39568e+11 -4.53169 7.78483 -274.302
175 6.56729e+11 -4.51332 29.3583 -236.349
175 5.27623e+11 -4.49906 46.6473 -159.603
175 6.12192e+11 -4.49129 56.3125 -56.313
175 5.01758e+11 -4.49129 56.3125 -0
175 9.23093e+11 -4.58924 -0 -0
175 8.50281e+11 -4.58924 -0 -51.582
175 9.95181e+11 -4.58212 -0 -147.807
175 1.34414e+12 -4.56883 -0 -224.065
175 8.55637e+11 -4.55119 -0 -269.083
175 5.88834e+11 -4.53169 -0 -274.302
175 5.85558e+11 -4.51332 -0 -236.349
175 5.82837e+11 -4.49906 -0 -159.603
175 6.69379e+11 -4.49129 -0 -56.313
175 5.61385e+11 -4.49129 -0 -0
200 4.73986e+11 0 17697.7 -0
200 4.83045e+11 0 17697.7 -0
200 4.3985e+11 0 17485.2 -0
200 4.28619e+11 0 16984.7 -0
200 4.32942e+11 0 16075.4 -0
200 5.00569e+11 0 14741.3 -0
200 4.92613e+11 0 13445.4 -0
200 5.0099e+11 0 12491.3 -0
200 4.65659e+11 0 11998.6 -0
200 3.35745e+11 0 11998.6 -0
200 9.02715e+11 -1.22158 17804.5 -0
200 8.60061e+11 -1.22158 17804.5 -106.24
200 8.42172e+11 -1.20691 17629.8 -356.511
200 8.66808e+11 -1.17236 17189.6 -704.919
200 7.74586e+11 -1.1096 16288.2 -1121.67
200 8.49843e+11 -1.01752 14722.8 -1315.01
200 8.90569e+11 -0.928061 13275 -1125.04
200 8.94302e+11 -0.862205 12261.1 -723.4
200 8.07772e+11 -0.828196 11752.7 -246.353
200 7.82746e+11 -0.828196 11752.7 -0
200 7.47561e+11 -2.45789 18086.5 -0
200 8.48532e+11 -2.45789 18086.5 -174.701
200 9.98616e+11 -2.43378 18040.4 -614.88
200 9.09746e+11 -2.37301 17856.3 -1341.54
200 8.72596e+11 -2.24858 17165.6 -2466.75
200 9.14211e+11 -2.03248 14587.4 -3013.26
200 8.85804e+11 -1.8326 12671.1 -2461.71
200 9.00127e+11 -1.69264 11526.1 -1522.26
200 1.00023e+12 -1.62245 10999.1 -508.42
200 8.67248e+11 -1.62245 10999.1 -0
200 8.28008e+11 -3.7184 18414.5 -0
200 7.73991e+11 -3.7184 18414.5 -152.291
200 8.16377e+11 -3.69738 18589.2 -586.726
200 8.20935e+11 -3.6374 19029.4 -1579.7
200 8.61771e+11 -3.4793 19930.7 -4390.52
200 9.09113e+11 -3.0313 13790.1 -5809.55
200 8.25633e+11 -2.6773 11295.9 -4186.31
200 8.84354e+11 -2.45338 10173.2 -2395.44
200 9.23419e+11 -2.34661 9718.42 -773.425
200 8.42452e+11 -2.34661 9718.42 -0
200 7.805e+11 -5 9283.63 -0
200 7.77259e+11 -5 9283.63 -0
200 7.42453e+11 -5 9435.92 -0
200 7.96466e+11 -5 9870.35 -0
200 8.94293e+11 -5 11015.6 -7706.03
200 8.18273e+11 -3.93619 9346.27 -11648.1
200 7.65018e+11 -3.39199 8548.95 -6078.55
200 8.70201e+11 -3.09705 8152.53 -3099.7
200 8.87253e+11 -2.96407 7982.89 -963.241
200 8.27629e+11 -2.96407 7982.89 -0
200 8.24977e+11 -5 -0 -0
200 8.82039e+11 -5 -0 -0
200 8.20588e+11 -5 -0 -0
200 8.33885e+11 -5 -0 -0
200 7.99652e+11 -5 -0 -4914.61
200 7.48817e+11 -4.32154 4030.31 -8276.22
200 7.88353e+11 -3.85747 5401.11 -5380.05
200 8.09318e+11 -3.57883 5904.99 -2961.5
200 7.94708e+11 -3.44864 6077.63 -943.066
200 6.82833e+11 -3.44864 6077.63 -0
200 7.51029e+11 -5 -774.192 -0
200 7.90332e+11 -5 -774.192 -0
200 7.74398e+11 -5 -877.938 -0
200 8.43478e+11 -5 -1150.17 -0
200 8.91752e+11 -5 -1805.29 -3675.72
200 7.88368e+11 -4.49257 1373.84 -6247.01
200 8.42571e+11 -4.13761 3120.25 -4203.87
200 8.01186e+11 -3.91223 3988.63 -2423.18
200 7.75849e+11 -3.80309 4344.94 -790.597
200 6.20185e+11 -3.80309 4344.94 -0
200 8.69885e+11 -4.89312 -1444.1 -0
200 8.715e+11 -4.89312 -1444.1 -103.746
200 7.62568e+11 -4.8788 -1586.91 -375.982
200 8.35284e+11 -4.84122 -1916.95 -927.348
200 7.91945e+11 -4.75078 -2529.7 -2390.6
200 7.99486e+11 -4.5112 150.105 -3350.68
200 7.20682e+11 -4.28822 1717.38 -2765.25
200 7.05248e+11 -4.12946 2584.27 -1736.81
200 7.96934e+11 -4.04846 2968.58 -586.752
200 7.71789e+11 -4.04846 2968.58 -0
200 8.41857e+11 -4.80064 -1196.42 -0
200 9.14984e+11 -4.80064 -1196.42 -142.812
200 7.75605e+11 -4.78093 -1230.22 -472.859
200 8.5459e+11 -4.73537 -1250.32 -942.795
200 9.15606e+11 -4.65078 -1065.1 -1608.66
200 7.52033e+11 -4.51329 38.8814 -1999.92
200 7.22265e+11 -4.37469 1014.83 -1769.71
200 7.00785e+11 -4.26898 1662.45 -1171.99
200 7.54273e+11 -4.2129 1976.49 -406.296
200 7.40297e+11 -4.2129 1976.49 -0
200 8.37225e+11 -4.72796 -914.987 -0
200 8.03679e+11 -4.72796 -914.987 -137.546
200 8.06167e+11 -4.70897 -887.207 -429.883
200 9.1057e+11 -4.66861 -788.961 -762.226
200 9.19938e+11 -4.60375 -519.171 -1101.4
200 6.63735e+11 -4.51657 55.6097 -1270.76
200 5.73368e+11 -4.42832 640.504 -1141.69
200 6.46661e+11 -4.35896 1074.15 -775.139
200 7.04306e+11 -4.32131 1298.4 -272.703
200 5.58154e+11 -4.32131 1298.4 -0
200 7.20014e+11 -4.67433 -661.403 -0
200 8.00984e+11 -4.67433 -661.403 -115.032
200 8.70835e+11 -4.65845 -614.598 -346.832
200 9.51154e+11 -4.62645 -499.081 -574.76
200 9.78954e+11 -4.57911 -278.195 -764.091
200 7.2778e+11 -4.52097 62.2123 -840.247
200 5.18744e+11 -4.46311 417.302 -751.165
200 6.03392e+11 -4.41727 695.192 -514.091
200 6.45681e+11 -4.39214 844.502 -182.042
200 6.26452e+11 -4.39214 844.502 -0
200 7.73672e+11 -4.63665 -454.617 -0
200 8.14114e+11 -4.63665 -454.617 -90.7414
200 8.35079e+11 -4.62413 -410.681 -267.561
200 1.04878e+12 -4.59972 -314.485 -425.822
200 8.93732e+11 -4.56534 -156.752 -540.102
200 6.53761e+11 -4.52515 54.1265 -575.262
200 6.39593e+11 -4.48593 271.345 -508.71
200 7.09411e+11 -4.45493 444.852 -347.939
200 7.10672e+11 -4.43789 539.916 -123.393
200 5.51154e+11 -4.43789 539.916 -0
200 6.93561e+11 -4.61157 -291.757 -0
200 8.13943e+11 -4.61157 -291.757 -71.096
200 9.34515e+11 -4.60176 -258.984 -206.7
200 1.25795e+12 -4.58304 -191.23 -320.831
200 9.69331e+11 -4.55747 -88.4614 -395.48
200 5.79728e+11 -4.52844 39.6091 -412.15
200 5.44881e+11 -4.50057 169.118 -360.44
200 7.00226e+11 -4.47868 273.015 -245.521
200 6.82822e+11 -4.46667 330.417 -86.9778
200 6.10032e+11 -4.46667 330.417 -0
200 8.18919e+11 -4.59638 -161.682 -0
200 7.96971e+11 -4.59638 -161.682 -57.9679
200 9.54543e+11 -4.58837 -142.191 -167.034
200 1.31086e+12 -4.57332 -102.829 -255.3
200 9.86493e+11 -4.55313 -45.4139 -309.263
200 5.89826e+11 -4.53062 23.6129 -317.683
200 5.16049e+11 -4.50927 92.4251 -275.304
200 6.08422e+11 -4.49262 147.61 -186.641
200 6.15432e+11 -4.48351 178.26 -65.9907
200 6.30172e+11 -4.48351 178.26 -0
200 9.051e+11 -4.58925 -51.6082 -0
200 8.97487e+11 -4.58925 -51.6082 -51.6047
200 9.74209e+11 -4.58213 -45.2451 -147.846
200 1.35356e+12 -4.56884 -32.4207 -224.054
200 9.37691e+11 -4.5512 -13.9992 -269.039
200 5.3639e+11 -4.5317 7.80349 -274.311
200 5.66716e+11 -4.51333 29.373 -236.443
200 5.83624e+11 -4.49906 46.6645 -159.686
200 5.70919e+11 -4.49128 56.328 -56.3272
200 5.24429e+11 -4.49128 56.328 -0
200 8.6245e+11 -4.58925 -0 -0
200 8.9507e+11 -4.58925 -0 -51.6047
200 1.08702e+12 -4.58213 -0 -147.846
200 1.37876e+12 -4.56884 -0 -224.054
200 8.39082e+11 -4.5512 -0 -269.039
200 5.64574e+11 -4.5317 -0 -274.311
200 5.84285e+11 -4.51333 -0 -236.443
200 5.45209e+11 -4.49906 -0 -159.686
200 5.71015e+11 -4.49128 -0 -56.3272
200 4.99276e+11 -4.49128 -0 -0
