1.52808e-05 0.000167438 6865.21 -137.149
5.29283e-05 0.000348641 7128.04 -151.565
5.22011e-05 1.84271e-05 7063.99 34.2447
4.5121e-05 0.000409039 6954.86 -248.805
5.75933e-05 0.000452345 6481.11 211.68
4.55742e-05 2.73875e-06 7195.21 138.708
5.29632e-05 0.000101203 7030.34 339.731
5.27026e-05 0.000557809 6491.01 154.37
2.80408e-05 4.43797e-05 7691.97 144.587
4.48548e-05 0.000314872 6725.73 155.913
5.33211e-05 0.000109943 7029.66 -24.3321
2.58604e-05 0.000581137 7110.59 -125.274
3.46987e-05 0.000220972 7454.58 125.531
4.0377e-05 0.000472764 6518.53 -251.674
3.08851e-05 0.000344852 7250.74 -566.679
8.1686e-05 0.000447398 7277.72 192.162
2.77225e-05 0.000526388 7629.85 -366.162
7.70653e-05 0.000267245 6844.97 267.506
2.59354e-05 0.000240052 6341.95 -386.377
6.98755e-05 0.000300493 7346.07 264.316
5.3747e-05 0.000283466 7032.45 90.4235
2.71811e-05 2.77169e-05 7484.6 99.0268
7.3546e-05 0.000297986 7286.83 183.846
4.20497e-05 0.000288457 6726.99 -170.348
4.96504e-05 0.000444351 6461.75 146.496
5.50391e-05 0.000198831 7018.42 10.5856
3.01331e-05 3.86665e-05 8038.68 -126.755
1.89071e-05 0.000151165 6520.76 -86.89
1.94205e-05 9.2366e-05 6920.23 -119.764
1.53645e-05 0.000321994 7195.18 51.431
6.85206e-05 0.000241782 6738.52 -324.915
5.64706e-05 0.000222606 7517.02 203.836
5.4119e-05 0.000493365 6796.62 60.6104
1.94108e-05 0.000107931 7145.97 295.303
2.45758e-05 2.46333e-06 6757.45 182.41
2.00009e-05 0.000413221 7321.73 186.455
4.81249e-05 0.000610311 7843.44 67.7948
6.70175e-05 0.000492097 7595 125.717
6.42117e-05 0.000550884 7154.53 -221.057
7.35117e-05 0.000591408 7527.54 -241.479
2.0158e-05 0.000398752 6646.25 105.581
3.87519e-05 0.0001293 7863.65 -75.2066
7.73543e-05 0.000334333 7471.38 24.44
6.66749e-05 0.000441975 7271.96 40.2359
6.96985e-05 0.000352945 6492.73 -75.7068
1.82936e-05 0.000415917 7483.76 276.547
4.86892e-05 0.00024192 6367.28 228.872
1.6944e-05 0.000219804 7292.93 191.909
4.17299e-05 0.000238259 6834.48 68.4463
2.09063e-05 0.000205549 7002.09 242.392
3.38809e-05 0.00031426 7017.17 272.864
3.31614e-05 0.000486117 7587.08 -297.091
7.66733e-05 0.00035457 6473.72 -174.487
7.38983e-05 0.000430257 7213.85 -121.044
6.82211e-05 6.83849e-05 6733.86 35.9227
5.43465e-05 0.000146615 6780.35 -116.293
7.12582e-05 0.000505403 7484.68 -25.7752
8.1179e-05 0.000520405 6760.64 116.144
5.06174e-05 0.000519587 7264.32 -147.367
3.25414e-05 0.000571019 6444.71 377.613
5.2186e-05 0.000392846 7944.14 88.1542
5.50501e-05 0.000302661 7555.45 193.923
6.84774e-05 0.000119107 7223.86 198.661
6.5406e-05 8.5719e-05 7760.11 49.594
1.42969e-05 0.000426518 7167.42 -121.234
7.23006e-05 0.000195551 7284.55 -357.483
5.33201e-05 9.19848e-05 7679.19 -128.39
3.39029e-05 0.000574052 6701.41 -82.5455
2.27266e-05 0.000496572 6642.44 49.7365
4.03744e-05 0.000193894 7526.93 122.841
1.61217e-05 0.000108274 6231.13 70.4742
3.38844e-05 0.000170065 7559.02 215.6
2.17809e-05 5.6705e-05 6612.59 -266.547
3.64979e-05 5.67421e-06 6779.67 214.15
1.5723e-05 0.00016429 7454.09 409.223
7.95178e-05 0.000483831 6875.59 -153.375
4.24012e-05 0.000612407 6754.71 -109.217
6.83757e-05 0.000148694 6830.91 -50.9568
7.27968e-05 0.000416446 6900.25 -155.898
2.88064e-05 0.000511762 7047.22 65.513
5.0359e-05 4.60671e-05 7138.23 104.5
4.67343e-05 0.000148406 7300.23 -44.2117
6.29595e-05 5.93155e-05 6544.13 63.9732
3.81565e-05 0.000236836 7097.44 -137.269
6.34374e-05 0.000138745 7494.56 196.628
2.21497e-05 0.000369315 7518.48 -150.849
2.87129e-05 0.000495458 7091.28 197.947
2.81068e-05 0.000353168 6326.88 95.1208
4.76351e-05 0.000362081 7357.82 230.222
3.47505e-05 0.00020244 7401.49 -155.543
7.75117e-05 0.000481937 6898.79 448.194
4.71131e-05 6.49028e-05 7514.02 197.322
2.70216e-05 2.88223e-05 7606.17 -253.392
8.09454e-05 0.000420865 7607.93 -165.077
1.98376e-05 0.000289338 7511.7 297.607
1.40903e-05 0.000331897 6706.53 -356.971
2.38761e-05 0.000616182 7782.82 35.4725
6.86144e-05 0.000550353 7271.51 -341.78
4.94601e-05 0.00019387 7523.36 -30.7479
1.51815e-05 0.000126827 6752.6 72.4204
6.99655e-05 0.000239504 6872.14 -401.252
1.80443e-05 0.000617423 6807.55 -96.8497
5.05287e-05 0.00028961 7554.64 211.683
3.45605e-05 0.000361978 6800.63 118.043
8.22635e-05 0.000165801 7178.55 174.441
6.18614e-05 0.000398422 7720.29 -244.34
6.55073e-05 0.000399294 7122.61 -270.776
5.87159e-05 0.000516255 6790.68 -62.1381
7.66414e-05 0.000595302 7370.48 133.442
3.46957e-05 0.000390573 6763.63 -28.6164
7.70382e-05 0.000386251 7245.78 -160.09
7.50509e-05 0.000218834 7267.05 316.852
5.91591e-05 0.000393677 6572.43 -71.6038
6.50363e-05 0.000403617 7715.48 -44.2352
7.72554e-05 0.000401946 7302.49 79.4885
5.14435e-05 0.000237737 7106.86 110.639
3.12591e-05 0.000401089 6980.23 -72.3928
3.66383e-05 0.000580856 6358.93 -346.744
1.69485e-05 0.000355659 7650.37 -78.2762
2.062e-05 0.00011674 7359.14 -94.9138
7.64518e-05 1.30733e-05 7474.31 -212.987
6.43242e-05 0.000117425 7379.62 -153.387
1.41179e-05 0.000513864 7164.48 -73.2928
6.98859e-05 0.000563812 7133.06 -5.88057
6.72044e-05 0.000185533 6922.11 251.746
8.11308e-05 0.000562539 7166.79 -75.0452
5.7954e-05 0.000286319 6218.4 141.798
1.87519e-05 0.000389133 6790.79 -342.677
4.81653e-05 0.000603524 7442.4 -68.3207
2.33644e-05 7.89611e-05 7254.84 126.137
7.41595e-05 0.000557625 7331.15 48.2515
3.26331e-05 0.000214593 7149.51 -6.27086
5.83088e-05 0.000290709 7225.62 150.87
1.9552e-05 0.000237531 6810.81 -36.5867
8.10148e-05 0.000308379 6542.27 -186.872
6.02904e-05 0.000362331 6361.04 228.023
2.99946e-05 0.000573591 6800.59 283.157
6.0313e-05 9.15731e-05 6533.41 -137.508
2.018e-05 0.000509651 6550.58 -90.7225
1.13203e-05 0.000499746 6915.88 -230.703
4.92542e-05 0.000301907 6986.94 206.143
9.62795e-06 0.000310749 6438.08 -55.654
2.58395e-05 0.000491076 7068.16 -42.1208
2.74181e-05 0.00057637 7605.83 219.386
3.09471e-05 1.17961e-05 7345.52 218.268
5.58582e-05 7.66754e-05 7234.9 162.13
4.52207e-05 2.95144e-05 7236.12 168.299
6.79735e-05 0.000506993 7388.03 1.39184
6.0656e-05 0.000286288 7126.94 -131.062
2.50123e-05 0.000566953 7259.55 -0.426336
4.993e-05 4.02887e-05 6070.02 231.033
9.04254e-06 0.000478237 7133.55 -138.193
4.63523e-05 0.000599281 6143.27 55.8312
4.61893e-05 0.000561247 6596.52 -7.2975
7.23405e-05 0.000326063 7427.03 154.348
1.06485e-05 0.000153488 6990.44 204.794
1.72271e-05 0.000552192 6654.4 24.9745
5.71622e-05 0.000501294 6866.04 126.614
3.28464e-05 0.000403863 7140.84 309.874
5.39594e-05 0.000215946 6787.01 -134.695
3.1272e-05 0.000131106 7350.31 -57.6754
3.21195e-05 0.000248602 6886.42 53.4538
7.61389e-05 0.00016269 7719.61 158.661
7.35454e-05 0.000301874 7341.32 -223.9
5.23915e-05 8.51329e-05 7118.73 -293.601
4.98239e-05 0.000281971 7261.65 219.746
1.13518e-05 0.000139933 7678.96 25.3277
1.42123e-05 0.000358817 6173.61 7.4412
5.00708e-05 0.000341403 7018.3 40.7488
2.64802e-05 0.000312876 6375.61 181.076
7.35362e-05 0.000369539 6759.75 -121.193
6.37951e-05 0.000560527 7146.45 -75.2232
2.83276e-05 0.000560986 6772.26 -106.008
2.24453e-05 0.000447036 6736.33 -74.7943
4.80439e-05 0.000610087 6872.2 -170.142
5.83869e-05 0.000357649 6940.55 -108.176
2.9025e-05 0.000304131 6669.97 -294.577
7.0609e-05 0.000140914 7116.01 382.997
6.42587e-05 3.45652e-05 7135.96 27.4984
4.98962e-05 0.000406268 6762.79 121.915
3.65364e-05 7.70617e-05 7270.85 -97.9519
1.71363e-05 3.45162e-05 7368.07 -47.3145
4.2e-05 0.000527969 7315.63 -191.526
6.88105e-05 0.000517675 7334 -409.54
2.92565e-05 0.000544558 7632.46 482.599
7.48981e-05 0.000322653 7552.72 31.8118
3.1343e-05 0.000247156 6809.83 -118.471
5.91014e-05 0.00055517 6732.39 70.1859
3.62876e-05 0.000348026 6455.8 16.1424
3.79471e-05 0.000291834 7221.88 256.551
3.10534e-05 0.000473164 7180.37 83.5265
3.13911e-05 0.000196643 7657.22 129.583
2.54335e-05 0.000539185 7479.73 -140.53
1.81498e-05 0.000336085 6878.94 134.296
2.81009e-05 0.000517392 7230.31 -53.3914
4.84944e-05 0.000258803 6398.37 215.191
5.85532e-05 0.000202605 6426.96 -77.0607
6.68417e-05 0.000279613 7180.38 -84.3312
5.11627e-05 0.000415207 7556.26 133.947
1.63025e-05 0.000377774 6509.38 92.6069
1.89295e-05 0.000474053 6720.45 168.487
9.82205e-06 0.000442703 6543.29 -200.803
1.80112e-05 0.00038869 6303.21 120.395
2.26338e-05 0.000476935 7497.29 256.129
1.80371e-05 0.000480956 7128.41 -193.315
1.32801e-05 0.000317191 6722.93 90.8727
3.63974e-05 0.000509693 7058.99 -212.241
6.14912e-05 1.91209e-05 6829.07 -140.473
1.52715e-05 0.00012895 7374.05 51.1523
4.42682e-05 0.000232424 6684.48 -41.9706
6.67192e-05 3.83076e-05 6490.01 386.971
5.39847e-05 0.000207374 6723.65 189.743
5.57262e-05 0.000332451 6774.07 -81.9739
4.61433e-05 0.000177215 7248.57 -206.011
4.00234e-05 0.000448524 7009.18 -198.645
6.2783e-05 0.000459924 6579.42 236.27
3.58431e-05 0.000348246 7421.2 -328.135
4.31883e-05 0.000481958 6741.71 -136.07
1.47774e-05 0.000373418 6513.93 249.241
3.66289e-05 0.000458996 7174.41 -69.5166
2.2608e-05 0.000546458 6741.02 -168.499
6.83232e-05 0.000221948 6941.45 284.232
2.08148e-05 4.72826e-07 6935.86 -102.025
5.34527e-05 0.000355503 6903.29 -115
2.70598e-05 0.00020928 6913.15 -130.701
1.47764e-05 0.000367206 7032.24 -68.9479
2.00527e-05 7.54012e-05 7142.26 423.4
3.66259e-05 0.000486472 6571.11 -197.801
5.42289e-05 0.000379136 6971.46 167.454
4.59378e-05 0.000563678 6807.18 -374.271
2.15704e-05 0.000519754 6753.37 -465.794
7.17053e-05 2.04788e-05 6925.7 64.0372
4.71724e-05 0.000331418 7171.78 -121.906
4.8616e-05 0.00048342 7736.24 216.565
6.4312e-05 8.37459e-05 6811.88 -87.8659
3.48119e-05 0.000306003 7133.97 149.023
4.36352e-05 3.56612e-05 7266.17 -242.491
2.02679e-05 0.000595211 6688.48 -213.401
1.63806e-05 0.000324777 7157.05 -214.902
4.06386e-05 1.60524e-05 6708.19 -7.6456
7.54024e-05 0.000616475 7216.55 -43.7941
5.27554e-05 6.03594e-05 6974.75 -6.09546
3.22897e-05 0.000457088 7156.37 -157.054
3.02931e-05 0.000393161 6739.74 56.4566
1.89534e-05 0.000310607 6721.33 -30.009
3.84885e-05 0.000549275 7244.07 106.824
5.09128e-05 0.000275033 7035.65 39.9804
4.39991e-05 0.000490008 7067.17 -122.841
6.7198e-05 0.000584987 6744.97 447.642
6.4079e-05 0.000276729 6816.98 82.668
4.35505e-05 0.000621137 7073.84 113.128
5.8664e-05 0.000531897 7034.31 -123.325
1.60986e-05 0.000386818 6805.72 -299.267
4.8677e-05 0.000304062 7801.44 50.7864
4.86194e-05 0.000174912 6777.74 475.471
5.19577e-05 0.000305619 7648.83 347.997
2.18033e-05 0.000113004 6953.99 20.2889
7.17432e-05 9.08969e-05 7538.78 101.856
1.20604e-05 6.57875e-06 7425.51 24.9924
2.82381e-05 9.93485e-06 6609 176.461
4.09656e-05 4.98752e-05 7404.22 192.361
7.26734e-05 0.000376504 7472.2 -157.133
4.78133e-05 0.00058016 7357.66 -205.14
1.28803e-05 9.00307e-05 6836.21 332.596
7.49149e-05 8.4768e-05 7588.92 322.783
1.41998e-05 0.000568775 7092 71.8921
4.69258e-05 0.000456053 7121 35.476
3.73145e-05 0.000298816 7322.71 -81.5205
2.41784e-05 0.000360246 6746.82 -172.533
2.59995e-05 0.000472603 6183.16 -121.135
6.94036e-06 0.000419012 7113.09 -163.526
5.37653e-05 0.000427315 7068.82 -362.581
6.63996e-05 0.000447955 6656.1 40.8285
3.38054e-05 0.000215823 7724.59 -542.564
4.68702e-05 0.000251609 7094.16 -85.3214
4.65983e-06 0.000468416 6506.75 -161.23
5.79186e-08 0.000133233 7071.28 -210.503
5.29456e-05 1.81494e-05 7188.64 7.69689
2.83562e-05 0.000215721 6554.17 152.894
3.14868e-05 0.00039584 7226.96 38.077
2.43385e-05 0.000513116 6475.15 -143.957
2.87433e-05 0.000437732 7316.1 -259.322
6.17802e-05 0.000215719 6462.08 -17.4538
1.17562e-05 0.000480548 6629.42 -258.055
2.70493e-05 0.000178523 7289.16 -182.135
6.86308e-05 0.000246442 7536.02 337.591
3.54718e-06 0.000597472 6656.18 252.097
4.49626e-05 0.000391422 7008.97 261.175
3.09973e-06 0.000240882 7094.92 332.966
1.87901e-05 0.000218459 6339.24 -440.287
1.13298e-05 0.00032164 6815.69 -122.067
3.06746e-05 4.76598e-05 7453.98 17.4241
5.69613e-05 0.000281788 6945.98 -122.346
5.25134e-05 0.000342162 7689.3 471.824
2.70634e-05 8.18492e-05 7628.95 242.908
6.74574e-05 0.000276299 7174.42 61.0599
4.91946e-05 0.000179755 6573.32 -5.06914
6.45569e-05 0.000286532 6844.62 12.8274
2.28755e-05 0.000113105 6515.11 -163.857
5.48594e-05 0.00043412 7781.39 45.5453
5.8778e-05 0.000369389 7575.79 -85.6605
5.63848e-05 0.00017717 6798.22 157.187
2.69621e-05 0.000245652 6854.39 130.097
3.17873e-05 0.000251398 7079.64 3.59125
1.35537e-05 0.000497937 6379.75 -22.633
4.57626e-05 0.00043029 6748.1 -92.1846
2.77512e-05 3.5939e-05 7180.22 -90.8124
4.85211e-05 0.000562185 7291.2 185.922
4.06656e-05 0.00053222 7279.03 421.696
4.56269e-05 0.000526119 6969.8 -147.877
4.64626e-06 0.000384604 7549.16 -241.434
6.87316e-05 0.000537649 6957.84 -106.297
4.38417e-05 5.22236e-05 7318.85 267.705
3.83678e-05 0.000504776 7005.5 71.4294
5.16875e-05 4.22567e-05 7078.58 -44.9339
5.58143e-05 0.000358263 6979.7 410.236
6.53407e-05 0.000430167 7590.41 309.381
3.03525e-05 0.000613897 6414.84 -174.914
6.87579e-06 0.000576044 7125.63 159.755
2.73484e-05 4.3495e-05 7252.06 374.798
3.70717e-05 0.000373742 7423.57 254.299
3.99659e-05 0.000162991 7327.01 -179.103
5.96344e-07 6.00437e-05 7735.42 -219.157
9.31844e-06 0.000434121 6359.27 129.143
2.80921e-05 0.000512543 6666.65 277.148
1.2225e-05 0.000145746 6983.58 -21.4448
2.43068e-05 0.000320954 6653.43 217.038
3.17922e-05 0.000400312 6796.59 66.8893
3.83817e-05 6.43378e-05 6986.61 178.204
2.17225e-06 0.000409123 7332.31 -11.8713
3.29859e-06 0.000544028 7234.05 -365.155
5.24306e-05 8.09316e-05 6745.94 -322.155
2.00358e-05 0.000347029 6653.19 -98.2262
1.00809e-06 0.000105906 7671.35 -57.9336
1.94789e-05 0.000453129 7499.35 -59.4253
5.9028e-05 7.45215e-05 7261.39 42.8466
3.02517e-05 0.000324922 7837.22 -6.25844
4.0033e-05 0.000568485 6942.17 -329.187
5.15376e-05 0.000254603 6805.51 88.0017
4.56434e-05 5.6143e-06 7825.3 90.0511
2.50688e-05 0.000292204 6800.34 -234.008
1.49462e-05 0.000595294 7586.23 52.9874
1.25836e-05 0.000413336 6485.35 71.3448
3.57508e-05 8.26984e-06 7462.69 -57.8607
6.01261e-05 0.000530716 6895.64 -125.043
3.81761e-05 0.000591564 7515.28 -112.572
4.95328e-05 0.00035047 6783.7 160.806
3.75725e-05 0.000390159 6941.15 289.413
4.04171e-05 4.55602e-05 7434.97 -117.861
5.61764e-05 1.4865e-05 6894.86 -100.951
3.89793e-05 0.000416021 7043.91 -6.17315
9.54705e-06 0.000140669 6819.55 -51.4673
5.7333e-05 0.000445863 6893.32 4.3665
2.91275e-05 0.000291865 7310.8 -308.844
3.24813e-06 6.22216e-06 6954.13 408.802
8.84313e-06 8.42599e-05 7236.32 289.261
4.21265e-05 0.000567495 6397.13 294.523
2.84475e-05 0.000319669 7393.01 341.733
3.6838e-05 0.000366823 6404.43 4.82054
2.17574e-05 0.000334362 6879.67 -74.5846
1.71591e-05 9.56426e-05 6524.23 44.9214
2.26515e-05 0.000326421 6347.95 -174.503
6.20539e-05 0.000214888 7041.5 -115.875
6.12656e-05 0.000445738 6161.36 54.8234
9.27976e-06 0.000366719 6996.87 49.0191
4.69738e-05 8.07803e-05 7481.69 -286.731
3.15608e-05 0.000589714 7396.05 96.9926
3.15933e-05 0.000541864 7285.48 451.428
3.13727e-05 0.000417994 7313.86 215.831
6.00805e-06 0.000337126 6936.15 9.72617
3.45064e-05 0.00036771 6786.21 462.739
5.45064e-05 0.000304043 6841.73 19.1548
5.41484e-05 0.00052647 7453 -89.491
5.52009e-05 0.000223048 7217.81 -95.156
6.0204e-05 0.000409366 6603.14 20.616
4.70994e-05 0.000182798 6185.02 66.9669
3.3512e-05 0.00031724 7279.88 67.0195
1.95154e-05 0.000371888 6683.64 170.545
1.69207e-05 0.000503283 7217.44 125.233
1.68318e-05 0.000121767 7547.51 87.4118
5.25991e-06 0.000399363 7403.74 214.171
2.68987e-05 0.000268707 6090.87 -222.309
3.13266e-05 0.000605844 6974.49 -355.593
3.23693e-05 0.000536598 7039.39 111.249
2.08024e-05 0.000144182 6798.53 151.73
1.33455e-05 0.000471446 6841.72 207.153
4.66958e-05 0.000348688 7193.29 11.2441
2.20542e-05 0.000365569 7079.18 -181.9
3.18088e-05 0.000375077 6817.42 34.253
6.15968e-05 0.000359262 6879.3 -56.9066
5.57157e-05 0.000288743 7480.9 4.71052
6.32232e-05 0.000342163 7334.88 -118.46
5.84624e-05 7.92434e-05 6764.71 17.1118
1.377e-05 0.000335112 7165.24 49.507
4.46236e-06 0.000616625 7030.44 -333.928
5.0342e-05 0.000132999 6895.28 -130.533
1.64145e-05 0.000294191 6696.76 -104.105
5.69271e-05 6.25644e-05 7453.38 -125.671
1.3879e-05 0.00027118 7300.17 224.075
1.30947e-05 9.70086e-05 7207.05 216.612
5.24998e-06 0.000290185 6554.57 76.6903
5.21873e-05 0.000148074 6682.21 -93.3412
5.70375e-05 0.000603971 7045.28 135.724
5.68852e-06 0.000397009 6902.91 157.809
