Iteration / Electron np / Ion np
199 9047 9987
399 9008 9954
599 9011 9884
799 8970 9822
999 8954 9734
1199 8867 9655
1399 8823 9561
1599 8739 9476
1799 8663 9416
1999 8620 9328
2199 8545 9266
2399 8476 9194
2599 8404 9137
2799 8352 9072
2999 8295 9017
3199 8239 8969
3399 8178 8919
3599 8131 8864
3799 8081 8817
3999 8043 8761
4199 8006 8717
4399 7972 8668
4599 7936 8620
4799 7886 8577
4999 7861 8542
5199 7828 8499
5399 7795 8451
5599 7769 8409
5799 7742 8375
5999 7716 8333
6199 7696 8296
6399 7668 8259
6599 7652 8225
6799 7638 8191
6999 7612 8165
7199 7598 8127
7399 7583 8096
7599 7575 8072
7799 7562 8043
7999 7553 8015
8199 7539 7996
8399 7527 7963
8599 7523 7935
8799 7515 7906
8999 7516 7885
9199 7508 7866
9399 7503 7847
9599 7489 7818
9799 7479 7805
9999 7447 7790
10199 7399 7768
10399 7344 7744
10599 7290 7729
10799 7240 7711
10999 7199 7691
11199 7157 7671
11399 7114 7647
11599 7077 7633
11799 7035 7609
11999 6998 7581
12199 6960 7554
12399 6918 7525
12599 6871 7503
12799 6838 7473
12999 6808 7444
13199 6769 7418
13399 6735 7384
13599 6699 7351
13799 6671 7321
13999 6633 7289
14199 6605 7262
14399 6579 7224
14599 6553 7193
14799 6524 7164
14999 6505 7130
15199 6478 7099
15399 6452 7065
15599 6432 7035
15799 6416 7004
15999 6392 6980
16199 6369 6946
16399 6355 6916
16599 6339 6894
16799 6330 6867
16999 6316 6834
17199 6296 6818
17399 6290 6790
17599 6287 6763
17799 6272 6741
17999 6265 6716
18199 6264 6694
18399 6261 6671
18599 6259 6652
18799 6260 6634
18999 6259 6614
19199 6266 6592
19399 6270 6569
19599 6280 6558
19799 6279 6542
19999 6298 6526
20199 6302 6510
20399 6276 6498
20599 6259 6483
20799 6213 6469
20999 6189 6459
21199 6155 6448
21399 6125 6433
21599 6107 6423
21799 6056 6412
21999 6032 6394
22199 6010 6382
22399 5982 6369
22599 5960 6358
22799 5947 6343
22999 5911 6333
23199 5887 6317
23399 5869 6302
23599 5839 6285
23799 5831 6270
23999 5797 6253
24199 5778 6236
24399 5760 6220
24599 5734 6205
24799 5708 6184
24999 5699 6167
25199 5671 6143
25399 5663 6122
25599 5641 6106
25799 5627 6087
25999 5619 6068
26199 5602 6053
26399 5590 6033
26599 5571 6012
26799 5566 5995
26999 5557 5974
27199 5555 5959
27399 5554 5935
27599 5547 5920
27799 5544 5905
27999 5535 5887
28199 5525 5870
28399 5520 5854
28599 5517 5844
28799 5529 5820
28999 5527 5809
29199 5531 5798
29399 5541 5781
29599 5529 5766
29799 5539 5756
29999 5531 5746
30199 5499 5731
30399 5465 5719
30599 5450 5712
30799 5399 5695
30999 5359 5685
31199 5341 5677
31399 5308 5664
31599 5288 5655
31799 5269 5645
31999 5242 5634
32199 5215 5619
32399 5204 5607
32599 5161 5597
32799 5152 5582
32999 5122 5569
33199 5111 5555
33399 5090 5543
33599 5073 5530
33799 5049 5514
33999 5032 5499
34199 5008 5480
34399 4993 5466
34599 4975 5448
34799 4961 5430
34999 4947 5407
35199 4931 5398
35399 4922 5377
35599 4903 5360
35799 4892 5344
35999 4882 5323
36199 4876 5306
36399 4859 5287
36599 4857 5272
36799 4848 5254
36999 4846 5240
37199 4833 5218
37399 4827 5204
37599 4827 5188
37799 4823 5169
37999 4820 5156
38199 4812 5141
38399 4806 5126
38599 4804 5114
38799 4796 5095
38999 4802 5087
39199 4797 5071
39399 4804 5059
39599 4809 5047
39799 4807 5034
39999 4820 5024
40199 4827 5012
40399 4806 5001
40599 4750 4988
40799 4719 4981
40999 4707 4968
41199 4701 4959
41399 4669 4947
41599 4646 4938
41799 4635 4927
41999 4610 4918
42199 4573 4905
42399 4562 4897
42599 4539 4888
42799 4521 4874
42999 4505 4860
43199 4476 4853
43399 4437 4836
43599 4431 4828
43799 4416 4815
43999 4402 4803
44199 4379 4787
44399 4365 4769
44599 4345 4756
44799 4338 4740
44999 4312 4728
45199 4306 4715
45399 4299 4701
45599 4291 4685
45799 4266 4668
45999 4255 4654
46199 4241 4635
46399 4225 4620
46599 4226 4605
46799 4227 4591
46999 4227 4576
47199 4218 4562
47399 4209 4548
47599 4194 4533
47799 4189 4518
47999 4185 4505
48199 4189 4493
48399 4187 4478
48599 4182 4460
48799 4167 4454
48999 4172 4439
49199 4175 4424
49399 4167 4411
49599 4176 4402
49799 4193 4389
49999 4190 4380
50199 4133 4367
50399 4101 4359
50599 4087 4345
50799 4058 4336
50999 4044 4327
51199 4013 4315
51399 3992 4308
51599 3974 4298
51799 3955 4289
51999 3932 4275
52199 3913 4268
52399 3890 4255
52599 3876 4246
52799 3852 4236
52999 3833 4226
53199 3809 4214
53399 3791 4200
53599 3768 4192
53799 3764 4177
53999 3743 4169
54199 3738 4152
54399 3722 4141
54599 3702 4128
54799 3680 4112
54999 3677 4098
55199 3649 4084
55399 3644 4068
55599 3638 4053
55799 3628 4041
55999 3621 4025
56199 3607 4008
56399 3599 3994
56599 3589 3977
56799 3582 3963
56999 3564 3948
57199 3566 3934
57399 3566 3918
57599 3561 3903
57799 3565 3890
57999 3558 3875
58199 3562 3864
58399 3554 3848
58599 3553 3835
58799 3555 3824
58999 3558 3812
59199 3564 3799
59399 3566 3789
59599 3556 3781
59799 3558 3764
59999 3555 3756
60199 3561 3744
60399 3546 3737
60599 3513 3725
60799 3516 3715
60999 3494 3706
61199 3461 3693
61399 3442 3684
61599 3426 3672
61799 3400 3665
61999 3370 3656
62199 3344 3644
62399 3332 3638
62599 3312 3626
62799 3296 3616
62999 3268 3607
63199 3241 3596
63399 3226 3584
63599 3206 3576
63799 3186 3565
63999 3172 3553
64199 3164 3541
64399 3146 3530
64599 3130 3518
64799 3116 3502
64999 3104 3490
65199 3091 3478
65399 3085 3464
65599 3070 3449
65799 3062 3440
65999 3048 3423
66199 3037 3405
66399 3025 3395
66599 3023 3378
66799 3013 3367
66999 3002 3351
67199 3001 3336
67399 2996 3325
67599 2992 3311
67799 2973 3298
67999 2980 3282
68199 2976 3267
68399 2975 3252
68599 2973 3243
68799 2977 3227
68999 2975 3216
69199 2982 3201
69399 2976 3193
69599 2976 3182
69799 2996 3171
69999 2981 3160
70199 2960 3150
70399 2925 3141
70599 2892 3133
70799 2852 3121
70999 2828 3116
71199 2801 3102
71399 2782 3093
71599 2767 3084
71799 2727 3072
71999 2714 3065
72199 2687 3056
72399 2679 3043
72599 2654 3035
72799 2638 3024
72999 2627 3014
73199 2612 3004
73399 2593 2988
73599 2575 2978
73799 2552 2966
73999 2551 2953
74199 2535 2942
74399 2516 2928
74599 2509 2912
74799 2499 2901
74999 2472 2890
75199 2475 2874
75399 2452 2859
75599 2443 2846
75799 2434 2835
75999 2418 2821
76199 2413 2806
76399 2419 2790
76599 2404 2775
76799 2399 2760
76999 2386 2748
77199 2381 2733
77399 2379 2721
77599 2372 2707
77799 2371 2695
77999 2376 2681
78199 2366 2667
78399 2356 2658
78599 2365 2643
78799 2370 2634
78999 2362 2623
79199 2358 2606
79399 2359 2601
79599 2370 2586
79799 2384 2580
79999 2391 2566
80199 2383 2556
80399 2380 2546
80599 2359 2537
80799 2328 2527
80999 2294 2521
81199 2275 2509
81399 2257 2503
81599 2246 2492
81799 2229 2485
81999 2217 2476
82199 2189 2466
82399 2168 2453
82599 2141 2447
82799 2124 2439
82999 2124 2431
83199 2096 2423
83399 2086 2413
83599 2068 2399
83799 2041 2391
83999 2031 2380
84199 2022 2371
84399 2000 2360
84599 1983 2350
84799 1962 2336
84999 1964 2326
85199 1943 2315
85399 1947 2300
85599 1929 2285
85799 1948 2276
85999 1912 2263
86199 1911 2251
86399 1896 2239
86599 1896 2225
86799 1894 2211
86999 1884 2200
87199 1870 2188
87399 1871 2176
87599 1876 2160
87799 1870 2148
87999 1874 2138
88199 1870 2125
88399 1877 2115
88599 1867 2098
88799 1885 2090
88999 1869 2077
89199 1869 2065
89399 1864 2057
89599 1875 2045
89799 1856 2036
89999 1831 2028
90199 1807 2014
90399 1793 2004
90599 1766 1995
90799 1750 1986
90999 1725 1977
91199 1701 1965
91399 1669 1959
91599 1647 1950
91799 1629 1940
91999 1615 1933
92199 1601 1922
92399 1571 1913
92599 1558 1902
92799 1538 1893
92999 1522 1883
93199 1508 1873
93399 1485 1861
93599 1466 1850
93799 1455 1840
93999 1434 1829
94199 1421 1816
94399 1410 1802
94599 1405 1790
94799 1393 1779
94999 1380 1766
95199 1372 1755
95399 1351 1741
95599 1345 1732
95799 1330 1716
95999 1334 1703
96199 1321 1691
96399 1294 1677
96599 1294 1662
96799 1282 1651
96999 1277 1635
97199 1260 1621
97399 1249 1608
97599 1242 1594
97799 1246 1583
97999 1244 1566
98199 1241 1551
98399 1237 1543
98599 1244 1529
98799 1237 1514
98999 1245 1503
99199 1253 1491
99399 1261 1478
99599 1249 1466
99799 1251 1457
99999 1249 1445
100199 1249 1433
100399 1230 1425
100599 1199 1411
100799 1185 1403
100999 1173 1390
101199 1165 1381
101399 1137 1371
101599 1113 1361
101799 1088 1351
101999 1079 1341
102199 1061 1329
102399 1040 1319
102599 1024 1311
102799 1010 1302
102999 997 1292
103199 967 1277
103399 957 1269
103599 948 1259
103799 938 1248
103999 926 1239
104199 906 1226
104399 900 1217
104599 885 1206
104799 879 1194
104999 881 1185
105199 861 1174
105399 848 1164
105599 825 1155
105799 833 1145
105999 822 1134
106199 808 1123
106399 818 1109
106599 803 1101
106799 799 1092
106999 805 1080
107199 793 1070
107399 799 1058
107599 789 1050
107799 784 1039
107999 784 1029
108199 779 1019
108399 770 1010
108599 774 999
108799 769 993
108999 774 983
109199 765 974
109399 756 962
109599 760 953
109799 763 948
109999 748 938
110199 731 930
110399 711 921
110599 695 912
110799 672 905
110999 662 898
111199 639 887
111399 622 881
111599 609 872
111799 600 865
111999 577 856
112199 561 848
112399 553 840
112599 537 832
112799 516 822
112999 511 812
113199 499 804
113399 482 796
113599 471 786
113799 459 778
113999 450 768
114199 436 756
114399 431 749
114599 416 740
114799 407 729
114999 402 720
115199 392 709
115399 388 698
115599 383 690
115799 379 679
115999 364 672
116199 359 661
116399 356 651
116599 357 640
116799 347 632
116999 343 624
117199 342 614
117399 338 605
117599 336 595
117799 332 585
117999 330 578
118199 326 571
118399 330 561
118599 325 553
118799 319 547
118999 318 537
119199 324 531
119399 326 522
119599 317 515
119799 314 509
119999 309 502
