Iteration / Electron np / Ion np
0 10000 10000
200 8976 9990
400 9022 9945
600 9035 9879
800 8974 9795
1000 8934 9716
1200 8855 9623
1400 8747 9540
1600 8671 9460
1800 8640 9374
2000 8519 9299
2200 8471 9233
2400 8411 9155
2600 8363 9094
2800 8312 9030
3000 8261 8970
3200 8207 8922
3400 8161 8865
3600 8080 8809
3800 8041 8760
4000 7988 8712
4200 7953 8668
4400 7931 8621
4600 7891 8581
4800 7861 8529
5000 7805 8489
5200 7779 8452
5400 7754 8408
5600 7726 8364
5800 7697 8329
6000 7680 8290
6200 7653 8250
6400 7631 8219
6600 7611 8182
6800 7594 8153
7000 7573 8121
7200 7568 8083
7400 7546 8051
7600 7534 8029
7800 7524 7998
8000 7507 7978
8200 7501 7946
8400 7492 7920
8600 7487 7893
8800 7480 7867
9000 7485 7850
9200 7486 7829
9400 7491 7807
9600 7480 7787
9800 7455 7767
10000 7394 7752
10200 7352 7729
10400 7303 7711
10600 7275 7691
10800 7230 7677
11000 7189 7658
11200 7143 7636
11400 7103 7619
11600 7056 7593
11800 7025 7582
12000 6984 7549
12200 6944 7528
12400 6915 7504
12600 6875 7479
12800 6836 7452
13000 6804 7427
13200 6761 7395
13400 6735 7369
13600 6705 7338
13800 6671 7309
14000 6646 7278
14200 6614 7252
14400 6583 7212
14600 6553 7189
14800 6522 7158
15000 6511 7126
15200 6483 7096
15400 6469 7065
15600 6438 7031
15800 6423 7001
16000 6412 6978
16200 6391 6958
16400 6380 6927
16600 6359 6899
16800 6348 6877
17000 6347 6849
17200 6334 6823
17400 6333 6803
17600 6325 6774
17800 6312 6757
18000 6312 6731
18200 6307 6715
18400 6311 6688
18600 6311 6671
18800 6309 6657
19000 6310 6634
19200 6316 6617
19400 6321 6604
19600 6327 6583
19800 6343 6574
20000 6347 6562
20200 6366 6548
20400 6347 6534
20600 6332 6523
20800 6290 6511
21000 6248 6497
21200 6226 6487
21400 6198 6474
21600 6169 6468
21800 6155 6454
22000 6125 6444
22200 6093 6433
22400 6069 6419
22600 6057 6408
22800 6013 6399
23000 6002 6388
23200 5979 6375
23400 5961 6362
23600 5935 6351
23800 5933 6337
24000 5892 6322
24200 5880 6311
24400 5864 6293
24600 5839 6283
24800 5836 6266
25000 5814 6247
25200 5812 6236
25400 5798 6218
25600 5793 6199
25800 5773 6188
26000 5752 6171
26200 5740 6149
26400 5736 6135
26600 5719 6120
26800 5715 6102
27000 5703 6086
27200 5698 6071
27400 5699 6056
27600 5699 6042
27800 5694 6022
28000 5681 6012
28200 5687 5996
28400 5688 5983
28600 5681 5968
28800 5693 5958
29000 5708 5943
29200 5715 5929
29400 5726 5917
29600 5723 5905
29800 5735 5895
30000 5714 5889
30200 5691 5877
30400 5645 5869
30600 5631 5860
30800 5609 5847
31000 5575 5843
31200 5542 5835
31400 5512 5825
31600 5491 5812
31800 5460 5804
32000 5439 5795
32200 5414 5784
32400 5391 5775
32600 5373 5767
32800 5358 5757
33000 5334 5744
33200 5318 5732
33400 5286 5723
33600 5269 5709
33800 5249 5695
34000 5223 5683
34200 5225 5670
34400 5218 5656
34600 5191 5643
34800 5172 5629
35000 5150 5616
35200 5136 5596
35400 5128 5581
35600 5125 5565
35800 5114 5544
36000 5098 5534
36200 5089 5513
36400 5075 5500
36600 5066 5483
36800 5056 5467
37000 5063 5450
37200 5055 5439
37400 5055 5421
37600 5053 5407
37800 5051 5394
38000 5032 5377
38200 5029 5365
38400 5046 5350
38600 5047 5338
38800 5047 5324
39000 5053 5314
39200 5048 5302
39400 5060 5291
39600 5073 5281
39800 5101 5267
40000 5113 5257
40200 5124 5246
40400 5131 5239
40600 5112 5227
40800 5104 5221
41000 5082 5214
41200 5047 5202
41400 5017 5195
41600 4993 5190
41800 4962 5178
42000 4928 5175
42200 4903 5163
42400 4877 5157
42600 4872 5151
42800 4846 5142
43000 4818 5135
43200 4799 5125
43400 4780 5114
43600 4754 5106
43800 4746 5097
44000 4728 5089
44200 4710 5079
44400 4691 5066
44600 4686 5054
44800 4685 5040
45000 4661 5029
45200 4650 5016
45400 4630 5004
45600 4631 4991
45800 4636 4979
46000 4609 4967
46200 4603 4956
46400 4588 4943
46600 4588 4931
46800 4589 4915
47000 4577 4905
47200 4571 4884
47400 4568 4876
47600 4557 4861
47800 4572 4850
48000 4568 4837
48200 4567 4825
48400 4567 4815
48600 4575 4805
48800 4586 4791
49000 4588 4781
49200 4569 4770
49400 4578 4762
49600 4607 4750
49800 4610 4739
50000 4593 4733
50200 4581 4724
50400 4553 4717
50600 4545 4709
50800 4514 4699
51000 4496 4692
51200 4461 4685
51400 4436 4680
51600 4417 4672
51800 4373 4661
52000 4356 4656
