Iteration / Electron np / Ion np / Electron Inner np / Ion Inner np
0 100000 100000 49984 50476
200 89589 99936 50463 50499
400 88960 99615 50556 50547
600 88844 99084 50782 50622
800 88671 98386 50637 50708
1000 88072 97627 50906 50807
1200 87792 96856 50980 50896
1400 87182 96033 51092 50995
1600 86329 95238 51070 51071
1800 85704 94531 51062 51135
2000 85164 93797 51119 51213
2200 84764 93139 51282 51295
2400 84363 92512 51441 51367
2600 83865 91912 51379 51435
2800 83318 91397 51376 51484
3000 82847 90847 51443 51533
3200 82583 90363 51608 51579
3400 82307 89883 51553 51619
3600 81924 89411 51666 51645
3800 81502 88968 51728 51680
4000 81136 88516 51624 51705
4200 80817 88088 51710 51733
4400 80519 87672 51781 51762
4600 80130 87264 51796 51789
4800 79826 86876 51840 51794
5000 79555 86509 51859 51812
5200 79241 86107 51784 51832
5400 78977 85741 51825 51839
5600 78734 85370 51818 51858
5800 78499 85035 51870 51900
6000 78299 84705 51980 51922
6200 78104 84387 51921 51938
6400 77905 84073 51885 51967
6600 77725 83748 51967 51986
6800 77598 83451 51995 52006
7000 77475 83166 51998 52023
7200 77355 82874 52016 52035
7400 77229 82593 51986 52053
7600 77135 82330 52011 52069
7800 77063 82074 51997 52083
8000 77015 81872 52083 52117
8200 76946 81651 52098 52130
8400 76923 81444 52140 52153
8600 76917 81271 52147 52180
8800 76895 81087 52161 52197
9000 76924 80910 52250 52224
9200 76921 80747 52210 52237
9400 76952 80592 52273 52275
9600 76975 80465 52293 52307
9800 76917 80358 52289 52351
10000 76714 80286 52312 52400
10200 76454 80211 52500 52477
10400 76108 80196 52533 52555
10600 75788 80206 52640 52650
10800 75569 80238 52688 52765
11000 75367 80257 52856 52870
11200 75187 80293 53082 53001
11400 75075 80347 53252 53139
11600 74849 80400 53291 53282
11800 74709 80427 53435 53401
12000 74541 80465 53421 53554
12200 74376 80485 53573 53687
12400 74299 80515 53812 53826
12600 74068 80522 54013 53974
12800 74017 80544 54147 54136
13000 73894 80529 54228 54280
13200 73714 80485 54409 54428
13400 73608 80375 54649 54552
13600 73524 80325 54598 54706
13800 73362 80269 54753 54843
14000 73315 80174 54957 54994
14200 73239 80088 55060 55125
14400 73121 79986 55143 55239
14600 73064 79898 55387 55381
14800 72951 79722 55511 55502
15000 72935 79607 55622 55643
15200 72916 79498 55741 55764
15400 72870 79422 55890 55890
15600 72837 79286 56040 56013
15800 72846 79185 56157 56127
16000 72840 79071 56264 56234
16200 72843 79000 56385 56359
16400 72884 78890 56584 56509
16600 72889 78773 56635 56618
16800 72937 78687 56751 56729
17000 72990 78598 56910 56844
17200 73086 78544 57052 56980
17400 73148 78473 57121 57101
17600 73235 78396 57306 57201
17800 73364 78340 57398 57324
18000 73471 78274 57550 57427
18200 73616 78278 57634 57574
18400 73743 78217 57698 57690
18600 73885 78176 57866 57809
18800 73983 78141 57918 57924
19000 74106 78119 58074 58018
19200 74240 78083 58278 58123
19400 74382 78072 58261 58221
19600 74537 78065 58427 58340
19800 74693 78083 58515 58453
20000 74879 78146 58638 58591
20200 75044 78175 58804 58713
20400 75181 78229 58824 58842
20600 75278 78292 58852 58957
20800 75312 78383 59002 59101
21000 75256 78490 59217 59259
21200 75178 78595 59429 59421
21400 75137 78697 59556 59584
21600 75050 78771 59709 59750
21800 74945 78868 59855 59898
22000 74902 78935 59884 60026
22200 74875 79034 60110 60185
22400 74820 79118 60291 60325
22600 74757 79163 60529 60457
22800 74685 79194 60516 60572
23000 74635 79259 60662 60694
23200 74609 79289 60749 60799
23400 74482 79264 60839 60891
23600 74480 79296 60908 61021
23800 74400 79288 61119 61115
24000 74346 79293 61160 61231
24200 74320 79273 61296 61333
24400 74232 79273 61340 61417
24600 74188 79225 61526 61495
24800 74108 79186 61577 61595
25000 74080 79119 61616 61669
25200 74041 79075 61745 61766
25400 74045 79053 61853 61866
25600 74000 79000 61908 61944
25800 73967 78931 62021 62027
26000 73966 78880 62077 62123
26200 73970 78838 62173 62210
26400 73957 78753 62316 62283
26600 73964 78676 62334 62354
26800 73977 78627 62350 62423
27000 74009 78576 62493 62521
27200 74023 78480 62563 62597
27400 74040 78404 62663 62669
27600 74104 78361 62682 62753
27800 74161 78320 62688 62824
28000 74248 78280 62808 62905
28200 74333 78245 62909 62984
28400 74400 78189 62904 63048
28600 74484 78144 63024 63126
28800 74567 78122 63206 63183
29000 74650 78089 63246 63248
29200 74767 78092 63331 63350
29400 74850 78075 63456 63429
29600 74950 78064 63430 63505
29800 75055 78091 63661 63599
30000 75152 78100 63657 63676
30200 75292 78181 63781 63790
30400 75367 78231 63919 63914
30600 75319 78399 64239 64096
30800 75335 78603 64318 64307
31000 75332 78857 64587 64535
31200 75388 79128 64808 64785
31400 75421 79445 65124 65065
31600 75545 79719 65404 65350
31800 75713 80032 65576 65616
32000 75924 80322 65840 65896
32200 76040 80599 66157 66152
32400 76148 80860 66325 66377
32600 76257 81060 66526 66602
32800 76359 81261 66845 66830
33000 76414 81426 66979 67035
33200 76438 81555 67203 67207
33400 76499 81666 67329 67349
33600 76558 81766 67549 67504
33800 76573 81836 67616 67638
34000 76564 81885 67730 67758
34200 76566 81920 67844 67861
34400 76539 81933 67943 67971
34600 76499 81904 68030 68057
34800 76490 81875 68120 68137
35000 76510 81850 68191 68194
35200 76502 81841 68249 68283
35400 76438 81782 68328 68329
35600 76414 81715 68352 68383
35800 76440 81674 68429 68450
36000 76439 81612 68469 68513
36200 76426 81534 68514 68559
36400 76456 81461 68562 68627
36600 76471 81393 68561 68677
36800 76500 81332 68657 68723
37000 76529 81287 68664 68755
37200 76554 81208 68771 68788
37400 76611 81125 68713 68829
37600 76643 81060 68712 68855
37800 76704 81021 68814 68906
38000 76780 80991 68894 68950
38200 76859 80935 68980 68962
38400 76928 80895 68973 69000
38600 77005 80853 68901 69035
38800 77102 80826 68940 69067
39000 77192 80808 68951 69099
39200 77289 80783 69018 69128
39400 77408 80803 69173 69187
39600 77495 80807 69126 69228
39800 77595 80794 69148 69261
40000 77710 80813 69164 69308
40200 77853 80869 69249 69383
40400 77977 80951 69322 69440
40600 78122 81006 69391 69524
40800 78141 81113 69487 69596
41000 78091 81273 69480 69715
41200 78033 81493 69604 69870
41400 78118 81749 69897 70056
41600 78245 82026 70080 70249
41800 78277 82283 70273 70450
42000 78366 82541 70627 70675
42200 78445 82793 70718 70848
42400 78566 83038 70757 71004
42600 78690 83217 70984 71138
42800 78710 83328 71131 71237
43000 78739 83427 71206 71333
43200 78751 83545 71268 71443
43400 78756 83638 71445 71536
43600 78749 83686 71455 71610
43800 78721 83719 71517 71657
44000 78680 83742 71489 71700
44200 78661 83751 71580 71731
44400 78633 83707 71607 71747
44600 78596 83695 71601 71784
44800 78580 83676 71658 71791
45000 78557 83659 71600 71815
45200 78530 83612 71684 71813
45400 78485 83570 71711 71822
45600 78448 83517 71726 71808
45800 78464 83469 71726 71829
46000 78476 83409 71724 71836
46200 78452 83324 71619 71798
46400 78422 83259 71600 71780
46600 78439 83212 71579 71778
46800 78454 83156 71556 71771
47000 78493 83083 71563 71752
47200 78561 83018 71514 71755
47400 78575 82937 71451 71718
47600 78626 82900 71501 71704
47800 78673 82835 71396 71672
48000 78745 82782 71487 71655
48200 78814 82745 71486 71638
48400 78888 82716 71422 71620
48600 78979 82717 71458 71617
48800 79054 82703 71496 71588
49000 79126 82674 71479 71562
49200 79222 82683 71468 71570
49400 79342 82703 71485 71580
49600 79443 82695 71496 71575
49800 79541 82711 71517 71566
50000 79653 82732 71539 71578
50200 79766 82792 71482 71576
50400 79901 82866 71567 71594
50600 79902 82984 71658 71639
50800 79844 83135 71895 71717
51000 79814 83336 72051 71841
51200 79806 83585 72046 71989
51400 79857 83824 72110 72150
51600 79877 84071 72264 72282
51800 79997 84355 72458 72446
52000 80126 84617 72685 72634
52200 80277 84862 72821 72813
52400 80344 85066 72929 72960
52600 80429 85234 73068 73056
52800 80455 85355 73094 73149
53000 80557 85510 73190 73263
53200 80541 85589 73269 73322
53400 80464 85631 73311 73358
53600 80460 85685 73368 73404
53800 80463 85699 73427 73443
54000 80444 85708 73423 73459
54200 80429 85750 73476 73510
54400 80360 85717 73496 73518
54600 80299 85677 73526 73528
54800 80284 85634 73432 73546
55000 80235 85573 73487 73527
55200 80189 85513 73507 73516
55400 80192 85478 73434 73521
55600 80203 85450 73454 73525
55800 80204 85396 73492 73516
56000 80176 85316 73513 73511
56200 80153 85266 73455 73500
56400 80163 85209 73468 73478
56600 80197 85145 73425 73452
56800 80219 85055 73470 73426
57000 80239 85003 73400 73409
57200 80286 84923 73427 73396
57400 80320 84836 73434 73373
57600 80364 84776 73275 73360
57800 80426 84732 73306 73335
58000 80491 84697 73281 73302
58200 80604 84666 73188 73316
58400 80665 84627 73121 73304
58600 80720 84578 73122 73288
58800 80798 84532 73112 73238
59000 80908 84513 73151 73236
59200 80966 84472 73094 73207
59400 81072 84487 73083 73179
59600 81169 84496 73145 73180
59800 81246 84470 73148 73169
60000 81323 84467 73144 73139
60200 81450 84508 73175 73165
60400 81573 84569 73178 73176
60600 81685 84640 73299 73204
60800 81717 84740 73335 73244
61000 81677 84884 73517 73318
61200 81616 85091 73481 73441
61400 81586 85328 73511 73572
61600 81604 85548 73523 73718
61800 81673 85803 73812 73879
62000 81726 86022 74032 73993
62200 81821 86238 74030 74144
62400 81944 86420 74224 74259
62600 82020 86596 74290 74372
62800 82014 86716 74405 74450
63000 81993 86800 74389 74490
63200 82030 86878 74542 74552
63400 82063 86998 74570 74622
63600 82061 87075 74579 74657
63800 82001 87122 74598 74677
64000 81990 87131 74668 74705
64200 81953 87135 74650 74720
64400 81946 87110 74673 74706
64600 81882 87079 74631 74688
64800 81827 87034 74674 74674
65000 81775 86980 74701 74676
65200 81740 86910 74561 74636
65400 81745 86866 74541 74607
65600 81712 86824 74559 74619
65800 81684 86762 74616 74599
66000 81696 86698 74579 74568
66200 81699 86631 74520 74571
66400 81694 86549 74447 74548
66600 81673 86460 74418 74519
66800 81719 86389 74359 74490
67000 81742 86328 74338 74464
67200 81756 86292 74255 74416
67400 81795 86221 74261 74382
67600 81853 86163 74193 74350
67800 81892 86108 74167 74329
68000 81920 86047 74110 74279
68200 81975 85998 74060 74260
68400 82050 85950 74144 74235
68600 82135 85918 74135 74233
68800 82227 85893 74124 74210
69000 82325 85872 74120 74201
69200 82418 85852 74105 74164
69400 82503 85849 74099 74141
69600 82583 85814 74042 74099
69800 82652 85800 74057 74058
70000 82757 85807 74107 74052
70200 82859 85846 74044 74057
70400 82961 85905 74058 74061
70600 82965 85981 74122 74066
70800 82890 86101 74196 74134
71000 82889 86284 74412 74235
71200 82790 86494 74379 74349
71400 82785 86732 74374 74483
71600 82816 86977 74470 74610
71800 82853 87186 74816 74753
72000 82912 87374 74846 74845
72200 83023 87592 74938 74977
72400 83109 87769 75097 75075
72600 83132 87894 75105 75145
72800 83124 87979 75171 75207
73000 83101 88069 75238 75280
73200 83109 88148 75238 75332
73400 83075 88194 75317 75349
73600 83027 88213 75310 75346
73800 82981 88230 75288 75377
74000 82933 88249 75293 75373
74200 82900 88228 75211 75361
74400 82860 88231 75260 75358
74600 82801 88201 75315 75350
74800 82746 88145 75197 75334
75000 82735 88102 75209 75304
75200 82683 88017 75227 75267
75400 82599 87916 75148 75242
75600 82547 87831 75104 75197
75800 82543 87755 75060 75146
76000 82526 87669 75039 75089
76200 82540 87620 75050 75079
76400 82519 87549 74973 75060
76600 82533 87458 74931 75024
76800 82543 87382 74898 74972
77000 82578 87314 74887 74913
77200 82595 87235 74901 74879
77400 82625 87161 74777 74817
77600 82661 87084 74816 74793
77800 82690 86998 74772 74747
78000 82760 86947 74668 74738
78200 82811 86886 74651 74701
78400 82876 86815 74575 74625
78600 82930 86759 74478 74576
78800 83017 86734 74422 74538
79000 83099 86706 74345 74478
79200 83176 86670 74329 74449
79400 83284 86659 74342 74415
79600 83387 86655 74321 74380
79800 83491 86679 74369 74369
80000 83587 86689 74360 74310
80200 83676 86712 74332 74295
80400 83829 86769 74420 74303
80600 83951 86854 74452 74333
80800 83940 86975 74473 74375
81000 83876 87141 74479 74469
81200 83852 87370 74397 74583
81400 83870 87638 74682 74691
81600 83903 87930 74861 74864
81800 84005 88225 75084 75053
82000 84131 88474 75127 75170
82200 84240 88682 75185 75314
82400 84341 88845 75389 75419
82600 84390 89010 75462 75522
82800 84422 89136 75578 75596
83000 84379 89229 75530 75647
83200 84353 89286 75575 75672
83400 84346 89334 75631 75699
83600 84294 89378 75681 75725
83800 84279 89401 75741 75737
84000 84230 89400 75588 75741
84200 84174 89391 75749 75749
84400 84123 89382 75731 75750
84600 84046 89340 75713 75750
84800 83994 89287 75597 75716
85000 83973 89245 75666 75697
85200 83923 89178 75610 75663
85400 83869 89081 75604 75631
85600 83811 89035 75608 75626
85800 83814 88952 75575 75590
86000 83805 88901 75523 75576
86200 83774 88809 75458 75522
86400 83763 88704 75412 75480
86600 83772 88636 75409 75463
86800 83752 88560 75339 75398
87000 83780 88498 75298 75378
87200 83784 88393 75209 75333
87400 83836 88323 75175 75284
87600 83851 88228 75130 75212
87800 83891 88146 75054 75160
88000 83923 88082 75045 75112
88200 83976 88012 74937 75058
88400 84047 87949 74934 75001
88600 84145 87929 74953 74956
88800 84230 87897 74871 74919
89000 84314 87888 74890 74884
89200 84399 87849 74803 74855
89400 84498 87833 74776 74824
89600 84629 87855 74842 74823
89800 84736 87882 74734 74806
90000 84826 87883 74653 74783
90200 84976 87929 74837 74811
90400 85071 87993 74926 74820
90600 85081 88100 74998 74847
90800 85035 88269 74939 74919
91000 85003 88513 74822 75040
91200 84982 88764 74965 75153
91400 85024 89066 75314 75339
91600 85100 89378 75508 75515
91800 85291 89673 75805 75695
92000 85457 89959 75836 75857
92200 85569 90193 75833 75985
92400 85692 90411 76064 76123
92600 85813 90602 76238 76221
92800 85857 90749 76257 76281
93000 85859 90883 76211 76375
93200 85903 90993 76363 76436
93400 85890 91074 76370 76462
93600 85839 91102 76399 76476
93800 85799 91126 76430 76492
94000 85769 91105 76432 76478
94200 85708 91082 76397 76450
94400 85662 91079 76387 76462
94600 85611 91007 76397 76409
94800 85532 90964 76330 76389
95000 85487 90924 76338 76380
95200 85449 90859 76355 76346
95400 85416 90789 76255 76327
95600 85399 90709 76204 76302
95800 85370 90632 76216 76263
96000 85329 90515 76142 76219
96200 85315 90459 76130 76179
96400 85306 90392 76025 76126
96600 85320 90291 75945 76076
96800 85292 90186 75942 76011
97000 85317 90120 75909 75964
97200 85339 90016 75885 75892
97400 85357 89936 75819 75868
97600 85387 89858 75779 75818
97800 85431 89792 75783 75795
98000 85477 89727 75654 75726
98200 85540 89628 75689 75685
98400 85591 89580 75649 75625
98600 85665 89530 75542 75585
98800 85722 89474 75478 75516
99000 85792 89418 75453 75462
99200 85890 89387 75373 75428
99400 85987 89388 75354 75407
99600 86082 89371 75189 75382
99800 86211 89398 75280 75386
100000 86310 89425 75235 75375
100200 86428 89478 75276 75378
100400 86579 89550 75325 75400
100600 86699 89669 75434 75480
100800 86690 89864 75335 75564
101000 86719 90135 75661 75698
101200 86753 90406 75882 75838
101400 86758 90676 75998 75982
101600 86894 91009 76056 76159
101800 87024 91256 76052 76283
102000 87079 91503 76346 76430
102200 87198 91724 76523 76572
102400 87278 91910 76680 76667
102600 87348 92086 76662 76749
102800 87342 92219 76740 76801
103000 87381 92272 76852 76849
103200 87331 92353 76807 76861
103400 87308 92405 76845 76880
103600 87264 92428 76830 76879
103800 87209 92443 76831 76899
104000 87161 92425 76870 76884
104200 87068 92368 76801 76879
104400 87003 92346 76844 76874
104600 86939 92289 76782 76844
104800 86861 92238 76779 76811
105000 86832 92175 76766 76772
105200 86783 92101 76683 76723
105400 86735 92026 76703 76703
105600 86693 91941 76669 76669
105800 86656 91873 76599 76627
106000 86616 91786 76576 76582
106200 86603 91685 76517 76532
106400 86594 91605 76471 76487
106600 86561 91535 76451 76438
106800 86550 91447 76334 76373
107000 86587 91365 76277 76317
107200 86610 91299 76198 76273
107400 86623 91194 76025 76198
107600 86673 91119 76053 76133
107800 86722 91042 76032 76081
108000 86748 90929 75914 76003
108200 86802 90866 75796 75962
108400 86849 90796 75849 75885
108600 86928 90749 75759 75844
108800 87001 90673 75723 75787
109000 87078 90647 75743 75746
109200 87175 90612 75658 75708
109400 87276 90595 75595 75656
109600 87390 90601 75577 75631
109800 87473 90593 75525 75589
110000 87576 90619 75531 75562
110200 87682 90671 75501 75558
110400 87761 90749 75551 75581
110600 87778 90901 75483 75635
110800 87765 91082 75611 75685
111000 87765 91336 75895 75794
111200 87776 91624 75964 75947
111400 87781 91925 76188 76094
111600 87891 92211 76344 76236
111800 88034 92488 76488 76383
112000 88169 92746 76531 76511
112200 88266 92986 76710 76643
112400 88386 93158 76727 76755
112600 88385 93274 76841 76813
112800 88401 93444 76863 76905
113000 88406 93513 76939 76939
113200 88371 93558 76994 76971
113400 88308 93611 76924 77012
113600 88202 93598 76969 77000
113800 88180 93597 76969 76984
114000 88127 93596 76989 76996
114200 88057 93576 77002 76981
114400 87976 93512 76910 76931
114600 87888 93423 76870 76881
114800 87790 93357 76755 76844
115000 87746 93281 76805 76815
115200 87685 93187 76796 76764
115400 87596 93064 76718 76713
115600 87551 92988 76685 76679
115800 87540 92905 76679 76626
116000 87502 92827 76593 76573
116200 87445 92734 76567 76539
116400 87426 92625 76441 76494
116600 87425 92517 76304 76406
116800 87416 92427 76390 76361
117000 87429 92325 76320 76311
117200 87445 92228 76120 76251
117400 87480 92128 76109 76194
117600 87516 92035 76050 76129
117800 87553 91943 75946 76068
118000 87584 91856 75930 75992
118200 87637 91773 75895 75938
118400 87705 91683 75918 75879
118600 87771 91615 75806 75819
118800 87845 91547 75782 75779
119000 87934 91529 75718 75724
119200 87992 91496 75633 75646
119400 88112 91473 75662 75618
119600 88222 91473 75549 75579
119800 88326 91486 75442 75553
120000 88442 91500 75464 75540
