Iteration / Electron np / Ion np
0 10000 10000
200 8953 9993
400 8995 9943
600 9018 9899
800 8941 9811
1000 8943 9728
1200 8816 9640
1400 8797 9549
1600 8673 9464
1800 8637 9391
2000 8543 9309
2200 8472 9227
2400 8410 9162
2600 8360 9101
2800 8302 9037
3000 8238 8975
3200 8196 8918
3400 8132 8862
3600 8080 8809
3800 8034 8759
4000 7987 8706
4200 7943 8662
4400 7913 8617
4600 7878 8570
4800 7834 8525
5000 7807 8479
5200 7781 8442
5400 7754 8402
5600 7724 8361
5800 7694 8320
6000 7671 8286
6200 7646 8243
6400 7623 8213
6600 7600 8179
6800 7589 8143
7000 7573 8115
7200 7553 8077
7400 7540 8048
7600 7525 8017
7800 7502 7993
8000 7499 7963
8200 7501 7931
8400 7498 7908
8600 7488 7887
8800 7482 7858
9000 7472 7844
9200 7476 7820
9400 7479 7796
9600 7471 7775
9800 7442 7758
10000 7409 7736
10200 7352 7724
10400 7315 7698
10600 7264 7682
10800 7219 7667
11000 7178 7651
11200 7126 7631
11400 7087 7612
11600 7051 7592
11800 7007 7569
12000 6970 7549
12200 6936 7520
12400 6888 7494
12600 6843 7472
12800 6811 7444
13000 6775 7416
13200 6737 7386
13400 6705 7356
13600 6667 7325
13800 6645 7295
14000 6613 7262
14200 6575 7227
14400 6540 7192
14600 6517 7160
14800 6493 7127
15000 6458 7097
15200 6447 7070
15400 6423 7034
15600 6404 7001
15800 6384 6973
16000 6360 6943
16200 6342 6918
16400 6331 6895
16600 6317 6867
16800 6303 6836
17000 6296 6810
17200 6284 6786
17400 6277 6758
17600 6268 6732
17800 6269 6711
18000 6263 6689
18200 6261 6665
18400 6256 6646
18600 6255 6631
18800 6260 6609
19000 6269 6587
19200 6266 6572
19400 6268 6558
19600 6286 6540
19800 6294 6524
20000 6304 6512
20200 6319 6496
20400 6298 6483
20600 6278 6472
20800 6236 6459
21000 6214 6448
21200 6200 6433
21400 6146 6429
21600 6118 6420
21800 6088 6407
22000 6061 6396
22200 6048 6388
22400 6006 6374
22600 5982 6363
22800 5961 6349
23000 5939 6339
23200 5927 6326
23400 5897 6311
23600 5880 6298
23800 5867 6283
24000 5834 6273
24200 5817 6254
24400 5797 6239
24600 5774 6225
24800 5755 6211
25000 5734 6193
25200 5729 6178
25400 5720 6159
25600 5699 6139
25800 5689 6125
26000 5689 6106
26200 5679 6087
26400 5669 6072
26600 5665 6054
26800 5656 6036
27000 5638 6021
27200 5625 6003
27400 5619 5989
27600 5626 5971
27800 5613 5957
28000 5615 5943
28200 5616 5927
28400 5616 5914
28600 5623 5898
28800 5626 5886
29000 5631 5875
29200 5634 5863
29400 5644 5849
29600 5661 5839
29800 5660 5826
30000 5628 5820
30200 5617 5807
30400 5594 5795
30600 5555 5786
30800 5535 5777
31000 5502 5768
31200 5476 5759
31400 5442 5752
31600 5422 5743
31800 5395 5731
32000 5379 5724
32200 5357 5717
32400 5333 5706
32600 5310 5699
32800 5292 5687
33000 5261 5677
33200 5244 5666
33400 5224 5658
33600 5207 5643
33800 5188 5634
34000 5172 5618
34200 5148 5606
34400 5138 5590
34600 5118 5578
34800 5103 5563
35000 5089 5548
35200 5084 5530
35400 5074 5517
35600 5062 5502
35800 5049 5486
36000 5036 5465
36200 5028 5449
36400 5027 5433
36600 5011 5418
36800 5009 5402
37000 5003 5389
37200 4995 5375
37400 4996 5359
37600 4991 5347
37800 4989 5329
38000 4985 5316
38200 4983 5300
38400 4985 5287
38600 4996 5279
38800 4994 5259
39000 4993 5248
39200 5003 5235
39400 4999 5225
39600 5014 5216
39800 5029 5205
40000 5051 5197
40200 5056 5185
40400 5058 5174
40600 5055 5166
40800 5031 5160
41000 5009 5150
41200 4987 5143
41400 4951 5133
41600 4922 5126
41800 4911 5118
42000 4886 5111
42200 4846 5103
42400 4806 5097
42600 4794 5087
42800 4777 5077
43000 4760 5068
43200 4743 5058
43400 4720 5051
43600 4700 5043
43800 4679 5033
44000 4665 5022
44200 4644 5012
44400 4632 5002
44600 4618 4985
44800 4607 4971
45000 4615 4961
45200 4588 4951
45400 4569 4936
45600 4569 4924
45800 4549 4907
46000 4543 4896
46200 4544 4882
46400 4524 4870
46600 4523 4857
46800 4507 4844
47000 4503 4832
47200 4508 4816
47400 4489 4805
47600 4496 4794
47800 4506 4781
48000 4506 4771
48200 4505 4757
48400 4499 4745
48600 4504 4733
48800 4516 4726
49000 4521 4713
49200 4536 4702
49400 4549 4694
49600 4559 4683
49800 4554 4674
50000 4531 4664
50200 4513 4656
50400 4493 4649
50600 4482 4638
50800 4429 4631
51000 4419 4624
51200 4400 4616
51400 4375 4607
51600 4335 4602
51800 4312 4590
52000 4283 4585
52200 4266 4580
52400 4247 4571
52600 4235 4563
52800 4222 4557
53000 4192 4549
53200 4187 4537
53400 4170 4529
53600 4147 4523
53800 4135 4513
54000 4120 4504
54200 4102 4496
54400 4080 4486
54600 4087 4473
54800 4066 4463
55000 4058 4451
55200 4039 4438
55400 4035 4427
55600 4013 4414
55800 4018 4401
56000 3998 4386
56200 3995 4376
56400 3989 4364
56600 3993 4347
56800 3974 4336
57000 3975 4323
57200 3977 4310
57400 3970 4301
57600 3968 4288
57800 3958 4277
58000 3962 4265
58200 3964 4252
58400 3965 4241
58600 3962 4235
58800 3971 4223
59000 3978 4210
59200 3980 4201
59400 3990 4194
59600 4018 4179
59800 4032 4173
60000 4045 4163
60200 4043 4156
60400 4046 4143
60600 4047 4140
60800 4049 4130
61000 4035 4121
61200 4009 4117
61400 3985 4109
61600 3940 4103
61800 3909 4096
62000 3877 4088
62200 3862 4080
62400 3841 4073
62600 3816 4067
62800 3800 4059
63000 3779 4054
63200 3751 4045
63400 3754 4038
63600 3734 4030
63800 3715 4022
64000 3721 4013
64200 3704 4005
64400 3677 3996
64600 3660 3986
64800 3646 3975
65000 3640 3966
65200 3643 3956
65400 3626 3947
65600 3608 3939
65800 3608 3928
66000 3598 3918
66200 3599 3905
66400 3581 3895
66600 3583 3886
66800 3576 3872
67000 3563 3861
67200 3584 3849
67400 3560 3837
67600 3562 3824
67800 3562 3815
68000 3563 3803
68200 3560 3793
68400 3564 3786
68600 3583 3772
68800 3587 3765
69000 3606 3750
69200 3593 3743
69400 3624 3737
69600 3609 3724
69800 3610 3717
70000 3604 3708
70200 3572 3700
70400 3558 3694
70600 3548 3688
70800 3537 3682
71000 3496 3671
71200 3476 3666
71400 3445 3657
71600 3426 3656
71800 3401 3646
72000 3365 3640
72200 3350 3635
72400 3337 3627
72600 3323 3622
72800 3297 3617
73000 3289 3606
73200 3267 3600
73400 3253 3595
73600 3244 3586
73800 3232 3577
74000 3211 3567
74200 3192 3560
74400 3193 3553
74600 3187 3543
74800 3168 3536
75000 3156 3525
75200 3156 3515
75400 3144 3505
75600 3127 3495
75800 3124 3486
76000 3117 3477
76200 3118 3463
76400 3114 3453
76600 3094 3440
76800 3089 3433
77000 3091 3420
77200 3093 3407
77400 3093 3399
77600 3095 3383
77800 3087 3375
78000 3088 3365
78200 3082 3353
78400 3085 3345
78600 3092 3333
78800 3084 3327
79000 3103 3314
79200 3122 3304
79400 3133 3298
79600 3149 3288
79800 3147 3280
80000 3159 3271
80200 3157 3264
80400 3156 3256
80600 3165 3251
80800 3165 3242
81000 3138 3235
81200 3114 3232
81400 3111 3221
81600 3086 3214
81800 3054 3211
82000 3030 3205
82200 3009 3198
82400 2985 3190
82600 2954 3183
82800 2949 3177
83000 2912 3166
83200 2894 3162
83400 2876 3156
83600 2876 3148
83800 2850 3143
84000 2838 3134
84200 2821 3125
84400 2826 3116
84600 2807 3105
84800 2792 3098
85000 2782 3089
85200 2765 3083
85400 2780 3073
85600 2773 3062
85800 2747 3054
86000 2757 3044
86200 2745 3036
86400 2743 3027
86600 2730 3014
86800 2732 3004
87000 2740 2993
87200 2710 2985
87400 2706 2974
87600 2698 2962
87800 2722 2950
88000 2714 2941
88200 2713 2930
88400 2728 2923
88600 2732 2911
88800 2757 2900
89000 2749 2892
89200 2769 2883
89400 2752 2873
89600 2763 2864
89800 2754 2860
90000 2729 2850
90200 2736 2842
90400 2708 2836
90600 2696 2828
90800 2672 2822
91000 2655 2814
91200 2626 2809
91400 2589 2803
91600 2568 2793
91800 2542 2787
92000 2532 2782
92200 2515 2773
92400 2488 2769
92600 2468 2762
92800 2453 2753
93000 2435 2749
93200 2422 2742
93400 2407 2735
93600 2382 2727
93800 2377 2717
94000 2369 2710
94200 2355 2703
94400 2348 2693
94600 2324 2685
94800 2323 2677
95000 2330 2667
95200 2318 2660
95400 2311 2650
95600 2294 2638
95800 2289 2630
96000 2282 2620
96200 2268 2609
96400 2267 2601
96600 2263 2589
96800 2260 2581
97000 2245 2566
97200 2239 2559
97400 2244 2547
97600 2245 2538
97800 2249 2527
98000 2252 2520
98200 2249 2507
98400 2240 2499
98600 2251 2488
98800 2242 2478
99000 2262 2466
99200 2279 2459
99400 2278 2448
99600 2286 2441
99800 2289 2429
100000 2310 2421
100200 2316 2415
100400 2312 2409
100600 2304 2399
100800 2304 2391
101000 2285 2383
101200 2250 2378
101400 2228 2371
101600 2223 2364
101800 2193 2358
102000 2154 2351
102200 2143 2342
102400 2124 2336
102600 2102 2328
102800 2091 2322
103000 2080 2315
103200 2056 2308
103400 2034 2299
103600 2011 2295
103800 2000 2285
104000 1977 2280
104200 1964 2269
104400 1957 2260
104600 1940 2253
104800 1928 2243
105000 1925 2233
105200 1905 2223
105400 1889 2213
105600 1882 2205
105800 1885 2192
106000 1860 2184
106200 1858 2173
106400 1846 2161
106600 1843 2156
106800 1851 2142
107000 1846 2133
107200 1842 2120
107400 1849 2111
107600 1862 2103
107800 1877 2094
108000 1875 2085
108200 1870 2072
108400 1860 2066
108600 1867 2057
108800 1873 2048
109000 1875 2038
109200 1900 2029
109400 1891 2019
109600 1892 2011
109800 1884 2001
110000 1865 1995
110200 1865 1987
110400 1837 1978
110600 1830 1972
110800 1808 1965
111000 1796 1958
111200 1749 1950
111400 1722 1943
111600 1716 1937
111800 1697 1930
112000 1663 1923
112200 1642 1917
112400 1642 1911
112600 1618 1903
112800 1608 1896
113000 1595 1888
113200 1573 1880
113400 1563 1873
113600 1556 1865
113800 1542 1860
114000 1531 1854
114200 1520 1845
114400 1503 1836
114600 1489 1825
114800 1476 1817
115000 1480 1808
115200 1474 1800
115400 1456 1793
115600 1456 1784
115800 1446 1774
116000 1437 1765
116200 1443 1756
116400 1425 1745
116600 1419 1737
116800 1424 1727
117000 1415 1717
117200 1417 1709
117400 1415 1697
117600 1407 1688
117800 1415 1678
118000 1406 1667
118200 1412 1657
118400 1413 1647
118600 1403 1639
118800 1412 1631
119000 1425 1624
119200 1432 1617
119400 1455 1606
119600 1458 1599
119800 1458 1591
120000 1473 1583
