Iteration / Electron np / Ion np / Electron Inner np / Ion Inner np
0 100000 100000 49770 50010
200 95376 99801 49933 50010
400 95454 99185 50035 50048
600 95056 98504 50076 50137
800 94768 97953 50164 50216
1000 94548 97423 50274 50293
1200 94065 96959 50318 50347
1400 93721 96555 50374 50406
1600 93452 96239 50474 50465
1800 93172 95894 50467 50502
2000 92812 95591 50564 50545
2200 92532 95278 50565 50584
2400 92272 95028 50585 50630
2600 92052 94769 50660 50672
2800 91782 94515 50687 50698
3000 91527 94284 50759 50735
3200 91311 94039 50760 50759
3400 91092 93792 50823 50790
3600 90880 93575 50794 50821
3800 90682 93360 50846 50840
4000 90473 93168 50814 50864
4200 90297 92929 50874 50885
4400 90122 92764 50906 50919
4600 89940 92549 50969 50947
4800 89779 92379 51002 50963
5000 89608 92187 50939 50971
5200 89482 91977 51013 50998
5400 89325 91785 51010 51006
5600 89182 91614 51035 51019
5800 89076 91446 51060 51031
6000 88960 91267 51098 51043
6200 88830 91116 51095 51047
6400 88725 90964 51056 51060
6600 88626 90800 51068 51061
6800 88537 90654 51105 51074
7000 88427 90485 51106 51084
7200 88349 90348 51178 51095
7400 88282 90209 51140 51107
7600 88240 90079 51147 51119
7800 88202 89995 51158 51134
8000 88166 89902 51200 51137
8200 88141 89796 51212 51151
8400 88107 89705 51238 51160
8600 88100 89611 51219 51170
8800 88063 89515 51258 51181
9000 88049 89412 51264 51188
9200 88043 89342 51240 51196
9400 88024 89260 51265 51200
9600 88032 89198 51275 51214
9800 87972 89127 51303 51215
10000 87746 89075 51273 51240
10200 87615 89016 51345 51265
10400 87442 88981 51323 51302
10600 87278 88923 51371 51327
10800 87098 88884 51398 51358
11000 86925 88825 51469 51390
11200 86767 88761 51395 51429
11400 86622 88720 51480 51467
11600 86453 88644 51513 51490
11800 86284 88547 51583 51518
12000 86107 88455 51600 51552
12200 85965 88359 51590 51598
12400 85823 88267 51690 51636
12600 85693 88156 51677 51678
12800 85563 88035 51733 51718
13000 85408 87939 51813 51754
13200 85258 87832 51779 51787
13400 85144 87708 51856 51811
13600 84987 87564 51867 51848
13800 84869 87440 51840 51880
14000 84740 87332 51938 51913
14200 84608 87188 51960 51938
14400 84500 87064 51939 51971
14600 84391 86937 51975 51986
14800 84289 86817 52020 52016
15000 84193 86684 52063 52043
15200 84083 86563 52076 52062
15400 83992 86405 52109 52090
15600 83898 86288 52088 52112
15800 83838 86187 52143 52135
16000 83771 86052 52212 52157
16200 83699 85945 52178 52175
16400 83653 85835 52232 52208
16600 83628 85761 52223 52231
16800 83570 85675 52247 52242
17000 83538 85565 52267 52262
17200 83515 85472 52306 52283
17400 83492 85398 52291 52303
17600 83475 85317 52328 52329
17800 83476 85250 52363 52353
18000 83477 85186 52390 52378
18200 83476 85116 52456 52409
18400 83482 85051 52433 52427
18600 83500 84999 52450 52451
18800 83519 84936 52522 52477
19000 83552 84901 52559 52499
19200 83575 84843 52494 52509
19400 83624 84819 52550 52542
19600 83662 84788 52594 52575
19800 83704 84765 52609 52603
20000 83744 84745 52651 52625
20200 83792 84747 52668 52653
20400 83783 84726 52692 52679
20600 83698 84715 52687 52708
20800 83611 84702 52740 52723
21000 83533 84686 52743 52753
21200 83448 84673 52814 52786
21400 83358 84650 52820 52819
21600 83277 84623 52858 52851
21800 83198 84606 52899 52883
22000 83110 84577 52891 52911
22200 83026 84549 52906 52935
22400 82942 84531 52943 52957
22600 82851 84481 52975 52982
22800 82777 84452 53009 53008
23000 82696 84420 53040 53028
23200 82610 84349 52996 53038
23400 82517 84300 53051 53052
23600 82440 84244 53070 53072
23800 82376 84212 53081 53103
24000 82309 84161 53159 53132
24200 82231 84077 53126 53146
24400 82170 84018 53172 53176
24600 82095 83959 53226 53193
24800 82035 83899 53222 53214
25000 81973 83852 53256 53232
25200 81914 83782 53241 53251
25400 81868 83722 53299 53277
25600 81814 83640 53245 53282
25800 81753 83578 53303 53299
26000 81717 83506 53308 53308
26200 81686 83443 53309 53324
26400 81643 83381 53361 53341
26600 81616 83334 53356 53359
26800 81602 83284 53390 53376
27000 81585 83237 53422 53390
27200 81585 83193 53436 53406
27400 81588 83151 53462 53433
27600 81599 83108 53482 53463
27800 81588 83078 53531 53493
28000 81591 83029 53495 53516
28200 81600 82986 53540 53533
28400 81612 82930 53563 53548
28600 81621 82883 53560 53561
28800 81646 82857 53600 53585
29000 81664 82824 53589 53595
29200 81691 82797 53627 53626
29400 81721 82775 53674 53649
29600 81758 82759 53662 53681
29800 81795 82745 53692 53695
30000 81822 82734 53718 53720
30200 81778 82739 53781 53747
30400 81699 82755 53784 53789
30600 81651 82776 53866 53830
30800 81614 82787 53849 53871
31000 81550 82801 53922 53913
31200 81510 82818 53949 53962
31400 81463 82828 53970 53997
31600 81412 82843 54017 54036
31800 81350 82842 54069 54068
32000 81278 82818 54069 54097
32200 81242 82821 54124 54136
32400 81188 82822 54184 54173
32600 81143 82826 54216 54216
32800 81078 82797 54275 54244
33000 81018 82787 54282 54274
33200 80947 82749 54290 54309
33400 80881 82720 54347 54324
33600 80810 82671 54343 54352
33800 80743 82624 54344 54359
34000 80678 82565 54405 54388
34200 80633 82519 54411 54421
34400 80592 82481 54427 54453
34600 80529 82431 54463 54477
34800 80471 82387 54468 54501
35000 80426 82333 54506 54528
35200 80367 82276 54503 54550
35400 80335 82206 54576 54581
35600 80298 82149 54601 54609
35800 80259 82089 54642 54631
36000 80210 82038 54649 54649
36200 80199 81989 54654 54690
36400 80161 81922 54701 54718
36600 80149 81857 54717 54742
36800 80147 81823 54779 54772
37000 80139 81774 54759 54793
37200 80125 81739 54801 54811
37400 80114 81685 54831 54824
37600 80124 81640 54834 54842
37800 80111 81612 54882 54859
38000 80139 81594 54845 54886
38200 80147 81555 54863 54913
38400 80165 81506 54911 54925
38600 80195 81491 54928 54957
38800 80218 81457 54949 54966
39000 80236 81420 54951 54977
39200 80263 81381 54998 54996
39400 80306 81358 55016 55020
39600 80352 81349 55044 55053
39800 80398 81347 55060 55083
40000 80455 81341 55123 55119
40200 80476 81329 55120 55139
40400 80471 81350 55168 55182
40600 80434 81371 55235 55230
40800 80359 81381 55269 55270
41000 80300 81389 55312 55298
41200 80260 81402 55336 55331
41400 80215 81420 55328 55368
41600 80172 81430 55392 55401
41800 80140 81435 55415 55434
42000 80076 81444 55470 55464
42200 80026 81446 55493 55491
42400 79976 81439 55523 55522
42600 79920 81405 55598 55553
42800 79852 81411 55585 55585
43000 79826 81396 55604 55626
43200 79775 81379 55645 55658
43400 79703 81350 55700 55693
43600 79667 81332 55725 55727
43800 79631 81324 55811 55759
44000 79588 81294 55740 55777
44200 79529 81255 55784 55812
44400 79485 81222 55815 55830
44600 79432 81173 55833 55860
44800 79394 81128 55865 55889
45000 79357 81091 55881 55910
45200 79318 81045 55924 55946
45400 79287 81004 55954 55968
45600 79271 80963 55996 56005
45800 79247 80922 56042 56027
46000 79229 80890 56024 56048
46200 79218 80861 56053 56079
46400 79207 80836 56108 56100
46600 79200 80789 56124 56138
46800 79185 80757 56123 56160
47000 79165 80713 56176 56177
47200 79130 80677 56188 56193
47400 79128 80619 56159 56203
47600 79125 80584 56220 56222
47800 79146 80541 56246 56252
48000 79160 80508 56274 56276
48200 79175 80486 56310 56299
48400 79190 80453 56316 56322
48600 79214 80422 56337 56346
48800 79260 80407 56363 56378
49000 79286 80409 56398 56404
49200 79324 80387 56448 56436
49400 79364 80367 56464 56461
49600 79412 80355 56522 56486
49800 79445 80357 56515 56515
50000 79483 80351 56529 56534
50200 79484 80363 56578 56567
50400 79436 80387 56582 56619
50600 79378 80405 56650 56651
50800 79341 80435 56709 56705
51000 79296 80461 56732 56756
51200 79254 80478 56797 56801
51400 79202 80500 56830 56832
51600 79163 80512 56878 56864
51800 79108 80512 56918 56894
52000 79073 80515 56951 56927
52200 79027 80511 57005 56957
52400 78986 80511 56974 56992
52600 78929 80506 57071 57024
52800 78883 80496 57069 57047
53000 78824 80476 57074 57076
53200 78770 80470 57133 57108
53400 78694 80433 57207 57140
53600 78633 80386 57190 57155
53800 78585 80343 57202 57182
54000 78552 80314 57251 57217
54200 78520 80292 57250 57254
54400 78463 80266 57288 57274
54600 78412 80208 57352 57293
54800 78367 80161 57316 57325
55000 78334 80115 57405 57364
55200 78295 80067 57405 57393
55400 78262 80012 57417 57411
55600 78244 79973 57474 57433
55800 78204 79911 57477 57449
56000 78188 79875 57484 57468
56200 78176 79848 57506 57497
56400 78150 79802 57516 57517
56600 78140 79765 57531 57537
56800 78123 79742 57554 57555
57000 78108 79687 57589 57566
57200 78118 79658 57563 57587
57400 78110 79603 57608 57601
57600 78115 79558 57593 57623
57800 78133 79536 57639 57647
58000 78151 79509 57642 57667
58200 78159 79486 57650 57681
58400 78177 79451 57695 57694
58600 78206 79435 57679 57714
58800 78226 79409 57750 57716
59000 78255 79367 57712 57716
59200 78287 79347 57755 57739
59400 78309 79333 57745 57749
59600 78352 79328 57778 57764
59800 78383 79313 57831 57771
60000 78449 79320 57818 57791
60200 78501 79330 57813 57815
60400 78496 79331 57919 57841
60600 78441 79358 57917 57871
60800 78387 79372 57898 57890
61000 78325 79376 57980 57910
61200 78293 79414 57959 57943
61400 78248 79414 58019 57966
61600 78190 79419 58035 57984
61800 78142 79427 58041 58005
62000 78115 79443 58077 58029
62200 78050 79447 58132 58058
62400 78004 79431 58076 58069
62600 77937 79408 58138 58087
62800 77897 79410 58130 58114
63000 77820 79383 58139 58119
63200 77774 79345 58140 58121
63400 77715 79323 58176 58132
63600 77669 79304 58138 58149
63800 77616 79286 58219 58168
64000 77586 79257 58234 58186
64200 77529 79219 58246 58197
64400 77480 79172 58225 58203
64600 77436 79140 58245 58221
64800 77394 79082 58253 58236
65000 77353 79031 58240 58237
65200 77324 78988 58248 58252
65400 77292 78939 58254 58260
65600 77252 78910 58283 58265
65800 77225 78866 58280 58274
66000 77189 78816 58277 58272
66200 77170 78775 58273 58282
66400 77151 78731 58299 58296
66600 77130 78703 58322 58310
66800 77110 78650 58308 58305
67000 77105 78614 58258 58306
67200 77109 78585 58293 58316
67400 77115 78557 58291 58308
67600 77115 78520 58288 58309
67800 77119 78488 58328 58305
68000 77127 78464 58311 58314
68200 77144 78429 58314 58318
68400 77170 78401 58294 58319
68600 77178 78356 58292 58297
68800 77185 78324 58299 58292
69000 77216 78304 58308 58282
69200 77248 78287 58286 58290
69400 77285 78264 58343 58292
69600 77331 78257 58302 58288
69800 77385 78265 58297 58307
70000 77425 78264 58332 58313
70200 77442 78271 58302 58329
70400 77398 78307 58372 58363
70600 77348 78353 58396 58379
70800 77310 78385 58400 58397
71000 77277 78411 58409 58411
71200 77249 78434 58472 58428
71400 77208 78453 58454 58440
71600 77185 78481 58515 58461
71800 77132 78482 58487 58467
72000 77068 78486 58482 58481
72200 77025 78460 58461 58484
72400 76974 78447 58457 58483
72600 76901 78421 58485 58485
72800 76839 78408 58516 58482
73000 76786 78403 58504 58489
73200 76734 78376 58513 58490
73400 76694 78357 58507 58497
73600 76630 78318 58506 58498
73800 76578 78279 58479 58500
74000 76528 78241 58464 58491
74200 76468 78197 58438 58473
74400 76407 78155 58461 58470
74600 76379 78120 58419 58470
74800 76333 78081 58431 58472
75000 76292 78034 58436 58462
75200 76237 77983 58439 58437
75400 76202 77934 58434 58414
75600 76177 77886 58414 58413
75800 76156 77852 58379 58400
76000 76152 77817 58403 58395
76200 76127 77791 58407 58383
76400 76111 77756 58411 58354
76600 76094 77708 58347 58349
76800 76072 77666 58351 58339
77000 76055 77611 58327 58335
77200 76056 77569 58324 58326
77400 76044 77513 58326 58312
77600 76038 77476 58247 58294
77800 76056 77439 58309 58290
78000 76076 77420 58295 58290
78200 76094 77385 58279 58292
78400 76098 77351 58303 58278
78600 76121 77318 58246 58273
78800 76142 77296 58270 58272
79000 76180 77288 58264 58282
79200 76212 77277 58268 58277
79400 76258 77273 58253 58273
79600 76310 77259 58210 58276
79800 76356 77259 58250 58272
80000 76416 77268 58260 58280
80200 76460 77260 58216 58276
80400 76443 77286 58220 58302
80600 76407 77317 58282 58320
80800 76347 77330 58295 58323
81000 76301 77353 58290 58336
81200 76261 77387 58327 58349
81400 76214 77401 58271 58346
81600 76152 77386 58322 58331
81800 76103 77397 58284 58336
82000 76063 77394 58299 58342
82200 76027 77401 58357 58339
82400 75967 77399 58278 58330
82600 75910 77382 58277 58316
82800 75850 77353 58284 58311
83000 75803 77344 58265 58307
83200 75753 77323 58253 58304
83400 75704 77303 58254 58314
83600 75652 77277 58294 58303
83800 75607 77267 58267 58292
84000 75561 77215 58240 58288
84200 75522 77198 58264 58280
84400 75509 77169 58239 58273
84600 75468 77133 58269 58271
84800 75444 77113 58230 58254
85000 75414 77084 58266 58245
85200 75397 77062 58213 58250
85400 75370 77035 58269 58243
85600 75342 77011 58219 58247
85800 75338 76970 58227 58246
86000 75320 76934 58216 58236
86200 75311 76908 58227 58227
86400 75299 76866 58211 58211
86600 75284 76838 58187 58208
86800 75270 76787 58149 58189
87000 75265 76747 58155 58175
87200 75266 76703 58151 58160
87400 75262 76666 58127 58154
87600 75263 76635 58116 58139
87800 75254 76600 58123 58124
88000 75262 76566 58104 58100
88200 75257 76518 58053 58077
88400 75288 76488 58057 58064
88600 75301 76467 58063 58053
88800 75309 76439 58020 58041
89000 75327 76405 58030 58018
89200 75358 76396 57955 58006
89400 75388 76374 57973 57992
89600 75408 76342 57961 57965
89800 75444 76326 57986 57960
90000 75484 76323 57907 57945
90200 75497 76351 57943 57949
90400 75464 76392 57987 57978
90600 75411 76408 57989 57988
90800 75394 76447 58017 58018
91000 75360 76495 58057 58041
91200 75335 76527 58021 58059
91400 75307 76550 58036 58062
91600 75254 76562 58037 58064
91800 75231 76579 58017 58062
92000 75186 76587 58035 58050
92200 75138 76589 58046 58054
92400 75081 76579 58045 58037
92600 75023 76577 58018 58032
92800 74976 76561 58051 58021
93000 74929 76553 58007 58002
93200 74876 76529 57980 57997
93400 74824 76505 57983 57994
93600 74780 76469 57977 57984
93800 74729 76449 57984 57983
94000 74703 76425 57944 57977
94200 74630 76372 57913 57962
94400 74616 76359 57927 57959
94600 74565 76311 57927 57945
94800 74527 76251 57931 57919
95000 74504 76213 57870 57901
95200 74475 76190 57869 57887
95400 74433 76159 57870 57876
95600 74409 76117 57818 57856
95800 74379 76067 57829 57843
96000 74362 76016 57824 57826
96200 74348 75979 57812 57820
96400 74327 75932 57750 57795
96600 74328 75907 57741 57785
96800 74320 75863 57761 57768
97000 74318 75830 57758 57747
97200 74329 75786 57703 57737
97400 74332 75758 57693 57723
97600 74347 75730 57696 57713
97800 74353 75700 57687 57685
98000 74365 75683 57674 57669
98200 74377 75663 57647 57651
98400 74387 75627 57626 57627
98600 74410 75606 57622 57613
98800 74429 75576 57568 57600
99000 74461 75562 57608 57570
99200 74487 75541 57565 57556
99400 74528 75526 57554 57553
99600 74586 75524 57544 57550
99800 74635 75526 57548 57544
100000 74678 75520 57516 57533
100200 74722 75526 57504 57536
100400 74709 75548 57511 57540
100600 74658 75575 57505 57555
100800 74606 75604 57540 57557
101000 74564 75610 57524 57549
101200 74518 75632 57518 57559
101400 74472 75660 57567 57571
101600 74451 75687 57558 57579
101800 74408 75689 57549 57567
102000 74368 75709 57541 57564
102200 74323 75716 57527 57565
102400 74266 75711 57548 57554
102600 74224 75694 57540 57556
102800 74188 75709 57530 57545
103000 74141 75682 57562 57536
103200 74085 75661 57504 57518
103400 74051 75645 57498 57507
103600 74017 75632 57466 57494
103800 73968 75609 57469 57486
104000 73947 75586 57456 57479
104200 73898 75555 57460 57474
104400 73843 75504 57430 57457
104600 73796 75469 57431 57446
104800 73776 75444 57429 57422
105000 73727 75404 57404 57410
105200 73684 75353 57377 57395
105400 73658 75316 57355 57377
105600 73617 75276 57345 57354
105800 73600 75229 57319 57332
106000 73587 75197 57309 57321
106200 73565 75137 57319 57304
106400 73558 75104 57312 57282
106600 73545 75072 57256 57264
106800 73541 75038 57254 57248
107000 73538 75008 57230 57218
107200 73538 74972 57219 57194
107400 73528 74948 57150 57169
107600 73529 74916 57153 57175
107800 73552 74896 57148 57164
108000 73574 74867 57150 57147
108200 73606 74859 57151 57133
108400 73622 74844 57084 57112
108600 73648 74814 57090 57099
108800 73686 74810 57132 57090
109000 73709 74776 57068 57065
109200 73737 74752 57048 57054
109400 73765 74754 57043 57042
109600 73811 74730 57001 57032
109800 73855 74735 57001 57028
110000 73895 74745 56976 57021
110200 73894 74740 56968 57007
110400 73850 74779 56989 57016
110600 73820 74818 57032 57038
110800 73783 74856 57019 57061
111000 73745 74885 57041 57061
111200 73727 74923 57023 57067
111400 73677 74925 57023 57051
111600 73640 74935 57005 57043
111800 73609 74947 57020 57037
112000 73561 74960 57052 57046
112200 73520 74965 57027 57034
112400 73470 74966 57008 57035
112600 73417 74946 57031 57017
112800 73384 74944 57033 57005
113000 73341 74926 56998 56995
113200 73279 74912 56978 56985
113400 73231 74886 56929 56987
113600 73169 74861 56944 56969
113800 73141 74844 56926 56963
114000 73093 74813 56915 56949
114200 73058 74786 56896 56939
114400 73014 74753 56902 56914
114600 72977 74710 56856 56885
114800 72933 74671 56837 56866
115000 72903 74625 56858 56854
115200 72879 74600 56822 56833
115400 72840 74551 56777 56811
115600 72814 74507 56751 56779
115800 72786 74471 56752 56760
116000 72771 74445 56750 56736
116200 72752 74387 56753 56713
116400 72743 74341 56703 56705
116600 72738 74298 56683 56687
116800 72725 74257 56654 56666
117000 72720 74219 56602 56641
117200 72720 74190 56633 56607
117400 72726 74156 56587 56594
117600 72735 74140 56586 56592
117800 72746 74125 56554 56571
118000 72760 74095 56522 56545
118200 72777 74067 56497 56532
118400 72800 74038 56506 56510
118600 72828 74028 56465 56502
118800 72856 73988 56461 56467
119000 72876 73969 56441 56453
119200 72921 73953 56463 56436
119400 72966 73941 56429 56418
119600 73027 73956 56429 56408
119800 73080 73958 56416 56404
120000 73130 73958 56396 56390
120200 73168 73958 56391 56378
120400 73151 73994 56400 56381
120600 73111 74022 56372 56375
120800 73059 74043 56362 56381
121000 73007 74072 56347 56377
121200 72955 74077 56366 56366
121400 72925 74105 56375 56356
121600 72876 74117 56358 56337
121800 72841 74133 56381 56345
122000 72795 74126 56311 56313
122200 72743 74115 56327 56313
122400 72704 74116 56307 56328
122600 72639 74109 56331 56308
122800 72618 74108 56319 56315
123000 72581 74116 56324 56318
123200 72538 74103 56304 56309
123400 72483 74077 56298 56292
123600 72453 74058 56289 56281
123800 72392 74026 56277 56253
124000 72356 74004 56257 56237
124200 72308 73971 56223 56222
124400 72270 73924 56217 56211
124600 72245 73916 56211 56219
124800 72204 73873 56190 56184
125000 72169 73844 56179 56166
125200 72127 73806 56124 56131
125400 72071 73752 56109 56094
125600 72053 73697 56086 56073
125800 72024 73650 56066 56051
126000 72004 73625 56017 56032
126200 71987 73566 56041 56007
126400 71946 73531 55974 55967
126600 71945 73480 55960 55931
126800 71937 73450 55950 55905
127000 71922 73417 55919 55885
127200 71926 73378 55909 55861
127400 71938 73356 55873 55849
127600 71948 73317 55863 55833
127800 71960 73289 55857 55800
128000 71971 73260 55791 55786
128200 71993 73233 55797 55761
128400 72010 73216 55772 55755
128600 72031 73190 55759 55754
128800 72056 73167 55764 55739
129000 72077 73151 55751 55725
129200 72118 73148 55670 55718
129400 72141 73126 55675 55696
129600 72177 73109 55678 55677
129800 72220 73096 55662 55667
130000 72269 73108 55646 55655
130200 72281 73134 55684 55651
130400 72225 73136 55637 55633
130600 72184 73177 55648 55639
130800 72123 73182 55656 55624
131000 72070 73198 55630 55625
131200 72026 73214 55629 55632
131400 71999 73228 55646 55627
131600 71955 73239 55671 55627
131800 71914 73244 55622 55623
132000 71874 73263 55635 55626
132200 71819 73266 55642 55627
132400 71790 73270 55631 55636
132600 71742 73266 55642 55629
132800 71713 73271 55623 55614
133000 71666 73260 55612 55612
133200 71605 73229 55576 55592
133400 71565 73198 55574 55569
133600 71498 73170 55565 55551
133800 71473 73145 55523 55535
134000 71422 73123 55521 55511
134200 71389 73088 55501 55503
134400 71346 73042 55502 55488
134600 71302 73029 55468 55484
134800 71279 72997 55452 55456
135000 71267 72989 55433 55450
135200 71249 72967 55418 55430
135400 71210 72937 55393 55423
135600 71191 72909 55370 55386
135800 71168 72866 55371 55363
136000 71137 72793 55334 55312
136200 71108 72741 55307 55281
136400 71087 72701 55272 55247
136600 71074 72656 55305 55246
136800 71077 72621 55240 55232
137000 71078 72592 55210 55208
137200 71084 72551 55171 55171
137400 71095 72521 55210 55148
137600 71110 72496 55121 55124
137800 71113 72468 55121 55093
138000 71131 72444 55118 55080
138200 71145 72414 55065 55054
138400 71166 72388 55025 55029
138600 71179 72365 55008 54993
138800 71200 72336 54985 54962
139000 71232 72322 54969 54933
139200 71251 72295 54922 54910
139400 71286 72282 54938 54893
139600 71326 72271 54897 54872
139800 71373 72266 54885 54855
140000 71422 72265 54848 54839
140200 71474 72294 54853 54833
140400 71448 72308 54839 54836
140600 71395 72333 54821 54835
140800 71362 72360 54870 54849
141000 71330 72388 54839 54841
141200 71309 72441 54892 54846
141400 71270 72455 54881 54843
141600 71243 72470 54842 54840
141800 71185 72473 54835 54839
142000 71136 72483 54807 54836
142200 71103 72494 54800 54831
142400 71051 72487 54804 54816
142600 71018 72476 54794 54795
142800 70938 72471 54811 54782
143000 70927 72465 54812 54786
143200 70872 72464 54794 54760
143400 70822 72436 54731 54732
143600 70771 72403 54701 54711
143800 70724 72361 54712 54696
144000 70670 72325 54684 54675
144200 70618 72278 54664 54658
144400 70575 72243 54658 54636
144600 70520 72203 54580 54610
144800 70487 72158 54588 54590
145000 70435 72118 54563 54557
145200 70410 72075 54520 54543
145400 70376 72023 54523 54522
145600 70352 71995 54480 54501
145800 70339 71953 54491 54492
146000 70316 71916 54427 54462
146200 70285 71875 54393 54425
146400 70260 71839 54357 54398
146600 70252 71796 54364 54366
146800 70242 71764 54347 54348
147000 70233 71733 54299 54326
147200 70227 71689 54253 54291
147400 70225 71640 54277 54264
147600 70210 71594 54183 54247
147800 70221 71566 54172 54228
148000 70223 71542 54147 54204
148200 70243 71514 54108 54177
148400 70259 71478 54100 54146
148600 70267 71448 54074 54111
148800 70289 71421 54065 54098
149000 70321 71392 54063 54083
149200 70366 71383 54064 54061
149400 70400 71370 54016 54030
149600 70431 71371 53998 53992
149800 70465 71371 53995 53968
150000 70509 71363 53931 53948
150200 70498 71362 53920 53941
150400 70466 71389 53921 53963
150600 70427 71425 53906 53962
150800 70383 71448 53958 53971
151000 70335 71470 53961 53985
151200 70294 71492 53965 53986
151400 70253 71510 53953 53981
151600 70217 71525 53985 53976
151800 70176 71534 53997 53980
152000 70130 71541 53932 53958
152200 70086 71525 53918 53946
152400 70034 71528 53950 53918
152600 69982 71516 53921 53904
152800 69924 71501 53885 53893
153000 69884 71508 53851 53884
153200 69838 71473 53856 53868
153400 69795 71463 53849 53872
153600 69747 71429 53861 53857
153800 69686 71385 53787 53837
154000 69643 71363 53761 53831
154200 69600 71328 53760 53817
154400 69571 71293 53790 53796
154600 69518 71249 53749 53793
154800 69505 71233 53737 53776
155000 69463 71197 53722 53767
155200 69441 71161 53679 53744
155400 69419 71131 53698 53718
155600 69373 71069 53647 53688
155800 69353 71022 53604 53654
156000 69333 70978 53587 53639
156200 69307 70942 53593 53611
156400 69299 70894 53495 53576
156600 69287 70858 53562 53553
156800 69295 70819 53502 53528
157000 69276 70774 53461 53493
157200 69282 70742 53482 53473
157400 69272 70710 53436 53449
157600 69273 70664 53417 53409
157800 69302 70644 53386 53406
158000 69298 70612 53309 53360
158200 69317 70582 53322 53335
158400 69344 70546 53306 53300
158600 69370 70532 53284 53288
158800 69398 70514 53245 53273
159000 69410 70489 53210 53250
159200 69432 70468 53207 53214
159400 69470 70449 53163 53183
159600 69506 70439 53154 53164
159800 69570 70452 53123 53152
160000 69638 70482 53136 53140
160200 69691 70508 53118 53129
160400 69663 70539 53134 53122
160600 69614 70552 53118 53116
160800 69555 70568 53123 53113
161000 69494 70576 53103 53107
161200 69450 70592 53103 53107
161400 69398 70612 53081 53107
161600 69372 70620 53099 53118
161800 69337 70638 53102 53098
162000 69295 70639 53129 53081
162200 69269 70655 53104 53082
162400 69224 70668 53128 53072
162600 69194 70666 53038 53065
162800 69144 70647 53047 53043
163000 69089 70629 53040 53031
163200 69045 70605 53046 53011
163400 68992 70592 53013 52991
163600 68934 70573 52960 52965
163800 68868 70534 52941 52942
164000 68837 70505 52936 52939
164200 68799 70454 52908 52921
164400 68740 70432 52885 52897
164600 68708 70389 52926 52872
164800 68679 70352 52903 52854
165000 68640 70323 52877 52842
165200 68608 70278 52888 52826
165400 68578 70222 52810 52808
165600 68552 70193 52768 52784
165800 68531 70154 52796 52773
166000 68500 70117 52752 52759
166200 68478 70056 52740 52731
166400 68453 70021 52731 52708
166600 68434 69983 52707 52692
166800 68417 69935 52648 52679
167000 68420 69889 52663 52657
167200 68405 69847 52635 52631
167400 68414 69810 52617 52618
167600 68420 69785 52596 52597
167800 68420 69751 52562 52578
168000 68419 69710 52523 52537
168200 68438 69690 52514 52519
168400 68459 69667 52509 52501
168600 68476 69640 52502 52486
168800 68517 69630 52451 52467
169000 68529 69612 52423 52442
169200 68556 69590 52380 52418
169400 68595 69586 52408 52401
169600 68635 69578 52416 52384
169800 68667 69563 52362 52363
170000 68719 69567 52326 52360
170200 68744 69592 52385 52379
170400 68703 69612 52382 52374
170600 68665 69647 52389 52386
170800 68621 69670 52379 52388
171000 68571 69708 52409 52383
171200 68531 69738 52370 52389
171400 68479 69752 52367 52366
171600 68446 69769 52372 52362
171800 68398 69768 52347 52356
172000 68357 69773 52355 52354
172200 68308 69770 52337 52349
172400 68275 69764 52335 52329
172600 68224 69758 52311 52315
172800 68175 69750 52328 52312
173000 68153 69734 52323 52303
173200 68110 69720 52308 52303
173400 68061 69697 52294 52281
173600 68006 69671 52248 52251
173800 67955 69644 52257 52236
174000 67911 69617 52199 52225
174200 67844 69576 52204 52205
174400 67833 69547 52176 52192
174600 67789 69501 52167 52185
174800 67759 69475 52131 52168
175000 67733 69447 52148 52171
175200 67696 69412 52107 52153
175400 67692 69390 52131 52148
175600 67659 69337 52093 52125
175800 67637 69309 52062 52103
176000 67611 69253 52058 52079
176200 67595 69214 52028 52057
176400 67583 69170 51993 52035
176600 67565 69134 52009 52009
176800 67559 69095 51977 51978
177000 67544 69064 51936 51963
177200 67551 69027 51926 51954
177400 67550 68987 51922 51925
177600 67570 68965 51892 51910
177800 67584 68941 51906 51910
178000 67603 68902 51881 51896
178200 67624 68882 51852 51882
178400 67635 68852 51870 51854
178600 67661 68830 51828 51836
178800 67678 68804 51791 51821
179000 67712 68779 51754 51822
179200 67746 68771 51753 51803
179400 67773 68757 51748 51770
179600 67804 68731 51721 51742
179800 67851 68750 51695 51725
180000 67900 68759 51696 51722
180200 67938 68757 51698 51710
180400 67929 68805 51734 51706
180600 67890 68808 51698 51699
180800 67862 68848 51677 51699
181000 67793 68853 51729 51693
181200 67747 68866 51670 51687
181400 67706 68879 51705 51696
181600 67646 68886 51710 51685
181800 67618 68899 51657 51687
182000 67553 68899 51662 51674
182200 67501 68896 51651 51661
182400 67446 68894 51634 51654
182600 67410 68873 51653 51632
182800 67325 68852 51603 51619
183000 67292 68838 51606 51610
183200 67253 68824 51569 51607
183400 67198 68790 51567 51587
183600 67148 68777 51568 51569
183800 67103 68753 51556 51567
184000 67047 68713 51534 51547
184200 67006 68700 51550 51539
184400 66975 68662 51539 51528
184600 66934 68616 51512 51529
184800 66891 68575 51461 51508
185000 66844 68518 51472 51498
185200 66822 68488 51448 51484
185400 66774 68449 51470 51459
185600 66745 68402 51401 51416
185800 66712 68357 51386 51399
186000 66694 68317 51347 51367
186200 66666 68269 51332 51346
186400 66659 68228 51327 51321
186600 66657 68193 51290 51317
186800 66634 68140 51282 51290
187000 66649 68121 51264 51278
187200 66651 68101 51267 51277
187400 66662 68063 51242 51257
187600 66660 68026 51219 51240
187800 66671 67998 51227 51217
188000 66675 67973 51172 51199
188200 66682 67946 51136 51182
188400 66709 67933 51140 51152
188600 66733 67909 51173 51133
188800 66780 67881 51092 51112
189000 66785 67840 51068 51084
189200 66825 67826 51065 51070
189400 66856 67820 51040 51045
189600 66897 67811 51041 51009
189800 66926 67807 51003 50986
190000 66963 67785 51022 50977
190200 66958 67794 50984 50982
190400 66916 67817 50976 50987
190600 66864 67845 50957 50980
190800 66798 67863 50966 50968
191000 66750 67869 50964 50955
191200 66718 67899 50972 50953
191400 66673 67924 50946 50950
191600 66632 67946 50946 50940
191800 66614 67964 50946 50953
192000 66571 67992 50990 50962
192200 66539 67988 51009 50967
192400 66490 67989 50969 50964
192600 66456 67989 50964 50951
192800 66417 67986 50967 50944
193000 66365 67969 50945 50935
193200 66319 67939 50929 50923
193400 66270 67907 50939 50910
193600 66236 67903 50910 50895
193800 66187 67888 50918 50872
194000 66168 67875 50901 50876
194200 66105 67832 50875 50865
194400 66076 67792 50879 50856
194600 66062 67776 50880 50859
194800 66031 67748 50871 50844
195000 66009 67717 50800 50833
195200 65979 67699 50817 50814
195400 65972 67669 50797 50822
195600 65979 67659 50828 50813
195800 65980 67649 50774 50830
196000 65993 67640 50811 50839
196200 65992 67621 50805 50841
196400 65977 67571 50829 50819
196600 65955 67534 50772 50796
196800 65957 67509 50709 50784
197000 65966 67474 50752 50767
197200 65971 67445 50730 50751
197400 65979 67404 50732 50742
197600 65970 67366 50731 50725
197800 65969 67325 50684 50700
198000 65983 67295 50636 50684
198200 65999 67265 50662 50667
198400 66010 67236 50636 50656
198600 66040 67216 50604 50640
198800 66088 67196 50628 50622
199000 66117 67186 50601 50611
199200 66151 67165 50577 50592
199400 66183 67168 50571 50572
199600 66221 67164 50544 50553
199800 66272 67163 50517 50550
200000 66316 67166 50525 50544
