Iteration / Electron np / Ion np / Electron Inner np / Ion Inner np
0 10000 10000 5049 5000
200 9003 10047 5051 5037
400 9116 10130 5102 5102
600 9200 10175 5188 5151
800 9286 10197 5202 5202
1000 9298 10174 5260 5244
1200 9315 10155 5291 5278
1400 9325 10105 5323 5306
1600 9253 10060 5310 5328
1800 9218 10015 5336 5342
2000 9181 9957 5356 5353
2200 9159 9910 5387 5366
2400 9113 9852 5389 5375
2600 9056 9803 5389 5383
2800 9014 9750 5393 5388
3000 8965 9699 5407 5399
3200 8904 9653 5390 5402
3400 8862 9606 5406 5410
3600 8829 9576 5414 5415
3800 8817 9533 5423 5421
4000 8770 9503 5424 5427
4200 8732 9456 5423 5429
4400 8703 9418 5433 5438
4600 8681 9388 5437 5444
4800 8644 9353 5447 5457
5000 8636 9331 5445 5466
5200 8610 9294 5473 5473
5400 8587 9263 5505 5479
5600 8579 9231 5486 5488
5800 8543 9203 5509 5499
6000 8535 9167 5497 5503
6200 8514 9145 5514 5512
6400 8509 9116 5514 5521
6600 8500 9087 5523 5528
6800 8485 9066 5536 5533
7000 8472 9036 5532 5534
7200 8466 9006 5541 5539
7400 8464 8988 5544 5547
7600 8462 8968 5551 5559
7800 8452 8944 5566 5558
8000 8451 8929 5584 5563
8200 8448 8912 5581 5564
8400 8450 8893 5577 5576
8600 8450 8866 5587 5585
8800 8452 8850 5574 5583
9000 8460 8838 5598 5592
9200 8471 8829 5617 5603
9400 8477 8826 5630 5614
9600 8491 8829 5640 5631
9800 8508 8861 5672 5659
10000 8521 8903 5713 5693
10200 8551 8961 5731 5736
10400 8572 9017 5787 5778
10600 8602 9083 5832 5838
10800 8633 9140 5914 5893
11000 8675 9201 5959 5950
11200 8703 9260 5995 5988
11400 8751 9322 6030 6038
11600 8778 9373 6111 6090
11800 8803 9413 6149 6141
12000 8822 9462 6179 6185
12200 8847 9491 6210 6222
12400 8857 9515 6254 6257
12600 8872 9542 6298 6293
12800 8878 9558 6341 6329
13000 8889 9576 6379 6366
13200 8887 9591 6396 6394
13400 8900 9600 6451 6429
13600 8913 9618 6476 6464
13800 8920 9624 6504 6498
14000 8921 9627 6541 6533
14200 8935 9645 6591 6573
14400 8929 9637 6602 6595
14600 8948 9646 6638 6630
14800 8954 9652 6683 6661
15000 8966 9656 6695 6685
15200 8979 9660 6714 6707
15400 8990 9663 6744 6736
15600 8998 9654 6770 6764
15800 9020 9667 6776 6797
16000 9030 9662 6802 6818
16200 9039 9652 6830 6841
16400 9057 9660 6860 6870
16600 9069 9661 6895 6885
16800 9091 9662 6918 6908
17000 9104 9657 6930 6928
17200 9120 9652 6963 6953
17400 9134 9653 6962 6967
17600 9144 9654 6986 6985
17800 9170 9654 7009 7007
18000 9185 9660 7023 7023
18200 9207 9657 7018 7033
18400 9220 9652 7062 7046
18600 9238 9649 7061 7056
18800 9258 9652 7077 7075
19000 9274 9648 7088 7091
19200 9293 9652 7108 7102
19400 9315 9656 7132 7116
19600 9337 9658 7132 7129
19800 9359 9668 7137 7144
20000 9406 9689 7176 7173
20200 9447 9724 7200 7205
20400 9484 9771 7245 7244
20600 9507 9820 7275 7279
20800 9534 9872 7348 7322
21000 9574 9932 7351 7372
21200 9587 9973 7416 7405
21400 9615 10011 7431 7444
21600 9644 10063 7479 7475
21800 9662 10084 7501 7503
22000 9668 10123 7528 7533
22200 9674 10143 7540 7553
22400 9688 10167 7576 7577
22600 9693 10187 7589 7603
22800 9706 10210 7619 7636
23000 9714 10226 7643 7657
23200 9727 10252 7652 7679
23400 9732 10269 7714 7704
23600 9733 10279 7702 7724
23800 9747 10296 7736 7745
24000 9746 10300 7774 7757
24200 9751 10308 7769 7776
24400 9744 10306 7788 7782
24600 9750 10307 7779 7795
24800 9755 10305 7812 7806
25000 9759 10309 7851 7825
25200 9780 10319 7849 7848
25400 9781 10332 7889 7869
25600 9799 10337 7898 7889
25800 9806 10338 7907 7904
26000 9815 10338 7927 7922
26200 9826 10340 7946 7936
26400 9839 10343 7958 7951
26600 9852 10346 7954 7966
26800 9863 10350 7995 7982
27000 9866 10343 7981 7989
27200 9880 10343 8024 8004
27400 9887 10343 8033 8016
27600 9898 10341 8017 8030
27800 9909 10340 8026 8040
28000 9927 10343 8055 8053
28200 9933 10335 8060 8060
28400 9946 10330 8062 8065
28600 9959 10324 8086 8069
28800 9972 10324 8069 8081
29000 9981 10324 8080 8092
29200 10000 10323 8106 8095
29400 10023 10339 8106 8108
29600 10062 10355 8113 8133
29800 10104 10383 8161 8161
30000 10147 10416 8157 8188
30200 10190 10476 8230 8236
30400 10241 10555 8293 8301
30600 10309 10645 8355 8354
30800 10382 10740 8422 8426
31000 10433 10825 8460 8482
31200 10495 10907 8537 8541
31400 10546 10974 8596 8595
31600 10592 11030 8629 8637
31800 10636 11098 8682 8676
32000 10675 11152 8745 8722
32200 10695 11189 8756 8759
32400 10708 11218 8790 8785
32600 10728 11245 8824 8816
32800 10737 11273 8848 8845
33000 10760 11301 8853 8871
33200 10760 11308 8899 8887
33400 10771 11330 8919 8906
33600 10781 11337 8934 8924
33800 10789 11348 8964 8951
34000 10788 11361 8947 8968
34200 10790 11374 8971 8987
34400 10807 11383 8990 8999
34600 10819 11395 8998 9026
34800 10822 11403 9030 9047
35000 10847 11417 9054 9060
35200 10849 11421 9054 9075
35400 10855 11418 9081 9078
35600 10867 11427 9091 9093
35800 10876 11431 9118 9112
36000 10881 11426 9107 9122
36200 10899 11434 9125 9135
36400 10902 11424 9128 9135
36600 10904 11417 9119 9146
36800 10908 11407 9130 9149
37000 10919 11406 9151 9160
37200 10925 11400 9173 9164
37400 10937 11399 9163 9170
37600 10948 11394 9182 9171
37800 10958 11387 9175 9176
38000 10969 11384 9168 9180
38200 10977 11378 9182 9188
38400 10995 11379 9194 9194
38600 11012 11377 9191 9195
38800 11026 11381 9212 9200
39000 11041 11385 9194 9211
39200 11076 11399 9200 9227
39400 11101 11407 9232 9236
39600 11124 11421 9241 9241
39800 11166 11443 9267 9264
40000 11213 11480 9295 9288
40200 11267 11532 9314 9322
40400 11307 11596 9368 9356
40600 11358 11676 9419 9415
40800 11413 11769 9434 9460
41000 11493 11858 9534 9526
41200 11558 11954 9579 9589
41400 11626 12048 9625 9637
41600 11706 12131 9710 9707
41800 11754 12202 9739 9756
42000 11799 12255 9786 9797
42200 11826 12305 9822 9827
42400 11850 12347 9866 9863
42600 11873 12372 9867 9886
42800 11895 12416 9911 9914
43000 11908 12440 9931 9942
43200 11921 12467 9978 9972
43400 11924 12472 10009 9983
43600 11936 12493 10005 10005
43800 11953 12518 10021 10020
44000 11956 12529 10041 10044
44200 11971 12536 10056 10062
44400 11972 12545 10071 10075
44600 11981 12549 10081 10090
44800 11990 12555 10089 10105
45000 11990 12568 10118 10122
45200 12003 12569 10122 10138
45400 12012 12572 10142 10157
45600 12025 12581 10148 10167
45800 12038 12587 10171 10182
46000 12051 12598 10189 10197
46200 12063 12588 10180 10203
46400 12077 12595 10202 10219
46600 12087 12597 10225 10228
46800 12103 12605 10213 10232
47000 12118 12604 10219 10234
47200 12127 12612 10215 10236
47400 12134 12605 10232 10237
47600 12142 12597 10227 10237
47800 12149 12590 10243 10240
48000 12168 12591 10250 10244
48200 12180 12593 10260 10253
48400 12190 12591 10256 10249
48600 12212 12594 10242 10258
48800 12239 12602 10269 10270
49000 12262 12604 10269 10270
49200 12277 12610 10287 10276
49400 12301 12621 10280 10287
49600 12328 12632 10293 10303
49800 12373 12656 10322 10325
50000 12412 12688 10357 10343
50200 12461 12744 10376 10377
50400 12501 12812 10433 10423
50600 12558 12889 10477 10470
50800 12611 12969 10530 10506
51000 12666 13049 10551 10560
51200 12721 13125 10587 10599
51400 12768 13204 10640 10631
51600 12812 13267 10670 10670
51800 12857 13323 10705 10696
52000 12886 13369 10722 10726
52200 12899 13399 10747 10747
52400 12908 13423 10762 10768
52600 12914 13436 10768 10777
52800 12915 13450 10780 10796
53000 12926 13474 10782 10807
53200 12929 13494 10811 10823
53400 12947 13513 10842 10834
53600 12953 13523 10849 10836
53800 12949 13529 10848 10845
54000 12945 13534 10857 10859
54200 12939 13524 10873 10861
54400 12927 13515 10837 10860
54600 12921 13510 10870 10856
54800 12933 13510 10866 10862
55000 12924 13514 10871 10871
55200 12916 13504 10888 10870
55400 12919 13497 10891 10876
55600 12924 13498 10901 10882
55800 12918 13492 10899 10894
56000 12925 13482 10917 10904
56200 12931 13479 10890 10902
56400 12941 13486 10892 10911
56600 12951 13471 10910 10913
56800 12957 13468 10897 10919
57000 12967 13460 10891 10912
57200 12970 13459 10903 10918
57400 12981 13455 10926 10912
57600 12984 13446 10919 10902
57800 12991 13437 10894 10902
58000 13000 13433 10903 10904
58200 13006 13421 10886 10905
58400 13014 13421 10892 10902
58600 13028 13422 10908 10903
58800 13044 13416 10913 10895
59000 13061 13418 10903 10903
59200 13085 13424 10895 10910
59400 13105 13430 10897 10916
59600 13136 13442 10895 10921
59800 13165 13455 10898 10924
60000 13198 13477 10916 10936
60200 13242 13519 10956 10953
60400 13298 13592 10992 10997
60600 13352 13676 11058 11046
60800 13402 13757 11088 11097
61000 13457 13832 11163 11146
61200 13517 13907 11208 11187
61400 13560 13967 11241 11229
61600 13599 14028 11264 11274
61800 13637 14090 11306 11314
62000 13652 14123 11321 11332
62200 13684 14161 11348 11360
62400 13683 14187 11363 11380
62600 13692 14209 11388 11397
62800 13722 14239 11397 11427
63000 13714 14262 11411 11430
63200 13730 14283 11449 11441
63400 13736 14301 11464 11451
63600 13751 14319 11466 11466
63800 13756 14330 11495 11481
64000 13759 14334 11479 11486
64200 13744 14332 11483 11491
64400 13758 14333 11480 11498
64600 13761 14343 11495 11505
64800 13770 14350 11500 11513
65000 13779 14353 11520 11523
65200 13781 14356 11489 11524
65400 13781 14357 11497 11537
65600 13788 14356 11525 11538
65800 13799 14353 11530 11542
66000 13792 14349 11516 11533
66200 13806 14347 11528 11527
66400 13823 14356 11522 11533
66600 13837 14363 11508 11541
66800 13840 14359 11540 11536
67000 13849 14354 11530 11533
67200 13867 14346 11534 11530
67400 13867 14343 11538 11523
67600 13876 14343 11525 11519
67800 13905 14350 11534 11527
68000 13926 14356 11552 11530
68200 13947 14365 11551 11540
68400 13963 14371 11552 11543
68600 13978 14372 11550 11547
68800 14001 14374 11549 11544
69000 14023 14374 11534 11546
69200 14047 14382 11574 11552
69400 14068 14389 11548 11556
69600 14099 14405 11569 11564
69800 14121 14414 11565 11564
70000 14143 14436 11576 11575
70200 14180 14478 11604 11595
70400 14205 14537 11620 11623
70600 14252 14611 11656 11663
70800 14322 14701 11708 11714
71000 14361 14768 11761 11754
71200 14388 14823 11772 11773
71400 14427 14878 11795 11793
71600 14443 14916 11809 11816
71800 14451 14945 11820 11832
72000 14466 14973 11841 11848
72200 14484 15003 11840 11858
72400 14479 15028 11894 11869
72600 14484 15039 11894 11886
72800 14488 15059 11903 11896
73000 14479 15079 11905 11898
73200 14480 15082 11921 11913
73400 14467 15077 11902 11913
73600 14470 15083 11932 11924
73800 14453 15074 11924 11920
74000 14455 15070 11938 11920
74200 14448 15065 11925 11914
74400 14438 15066 11922 11919
74600 14437 15067 11937 11929
74800 14435 15058 11951 11934
75000 14426 15047 11929 11930
75200 14424 15037 11936 11924
75400 14418 15040 11930 11938
75600 14420 15028 11949 11936
75800 14428 15025 11942 11941
76000 14415 15014 11947 11943
76200 14410 14997 11940 11942
76400 14409 14980 11922 11940
76600 14407 14971 11920 11942
76800 14415 14967 11933 11937
77000 14433 14964 11953 11940
77200 14437 14958 11938 11940
77400 14454 14955 11929 11939
77600 14451 14948 11938 11937
77800 14476 14942 11933 11937
78000 14478 14938 11912 11927
78200 14498 14941 11946 11934
78400 14521 14946 11929 11937
78600 14530 14940 11930 11942
78800 14549 14941 11915 11941
79000 14580 14949 11930 11945
79200 14599 14951 11944 11944
79400 14618 14956 11942 11937
79600 14642 14960 11909 11932
79800 14661 14957 11911 11921
80000 14691 14985 11916 11925
80200 14728 15020 11936 11940
80400 14743 15059 11982 11965
80600 14757 15092 11973 11988
80800 14778 15152 12007 12014
81000 14804 15192 12024 12033
81200 14828 15244 12040 12049
81400 14857 15297 12087 12077
81600 14887 15338 12120 12109
81800 14908 15384 12133 12122
82000 14921 15431 12169 12145
82200 14948 15464 12183 12166
82400 14963 15494 12205 12186
82600 14969 15522 12212 12195
82800 14974 15540 12211 12212
83000 14979 15554 12229 12229
83200 14979 15561 12243 12237
83400 14966 15561 12254 12252
83600 14956 15560 12264 12247
83800 14960 15560 12240 12250
84000 14958 15563 12253 12253
84200 14972 15580 12265 12267
84400 14968 15579 12276 12264
84600 14953 15559 12267 12263
84800 14958 15571 12259 12272
85000 14959 15569 12277 12273
85200 14964 15563 12294 12278
85400 14965 15560 12304 12276
85600 14972 15563 12295 12286
85800 14974 15553 12267 12280
86000 14970 15559 12285 12282
86200 14980 15551 12283 12288
86400 14989 15549 12287 12295
86600 15000 15550 12298 12298
86800 15003 15538 12300 12295
87000 15011 15532 12318 12289
87200 15018 15537 12315 12295
87400 15034 15531 12303 12304
87600 15054 15535 12306 12303
87800 15073 15540 12327 12305
88000 15093 15549 12318 12303
88200 15117 15552 12321 12313
88400 15128 15549 12297 12317
88600 15152 15565 12286 12318
88800 15173 15566 12315 12318
89000 15186 15562 12289 12313
89200 15208 15567 12307 12313
89400 15233 15572 12298 12309
89600 15260 15581 12326 12316
89800 15285 15593 12316 12327
90000 15296 15606 12303 12330
90200 15310 15635 12315 12333
90400 15328 15672 12349 12349
90600 15358 15724 12359 12376
90800 15407 15798 12389 12402
91000 15440 15854 12415 12429
91200 15459 15900 12437 12453
91400 15478 15930 12455 12454
91600 15495 15966 12469 12471
91800 15498 16000 12513 12486
92000 15521 16037 12524 12506
92200 15526 16059 12492 12512
92400 15525 16077 12517 12516
92600 15534 16101 12535 12526
92800 15531 16110 12514 12528
93000 15534 16128 12514 12535
93200 15546 16153 12522 12541
93400 15542 16159 12541 12546
93600 15536 16157 12536 12535
93800 15532 16159 12512 12541
94000 15529 16156 12532 12531
94200 15529 16166 12537 12535
94400 15533 16163 12524 12529
94600 15522 16159 12523 12522
94800 15528 16159 12526 12513
95000 15534 16161 12531 12515
95200 15535 16155 12511 12520
95400 15538 16154 12524 12521
95600 15545 16148 12506 12517
95800 15537 16143 12518 12509
96000 15532 16135 12512 12504
96200 15540 16126 12517 12499
96400 15544 16119 12494 12496
96600 15541 16112 12497 12489
96800 15545 16100 12467 12480
97000 15546 16081 12468 12476
97200 15548 16071 12457 12467
97400 15548 16063 12451 12461
97600 15547 16052 12433 12447
97800 15558 16039 12437 12429
98000 15566 16032 12427 12423
98200 15577 16021 12414 12411
98400 15577 16016 12394 12402
98600 15595 16012 12370 12390
98800 15610 16009 12390 12386
99000 15628 16008 12388 12385
99200 15658 16011 12368 12381
99400 15678 16017 12369 12382
99600 15701 16022 12350 12376
99800 15731 16042 12379 12380
100000 15771 16066 12392 12393
100200 15810 16112 12378 12414
100400 15827 16166 12417 12437
100600 15864 16225 12441 12457
100800 15907 16287 12491 12502
101000 15941 16342 12514 12526
101200 15954 16385 12508 12557
101400 15976 16422 12549 12574
101600 15996 16467 12573 12593
101800 16002 16491 12578 12603
102000 16014 16519 12617 12613
102200 16021 16541 12599 12628
102400 16037 16569 12636 12635
102600 16027 16581 12638 12642
102800 16028 16586 12632 12638
103000 16007 16593 12655 12639
103200 16002 16596 12670 12641
103400 16010 16611 12667 12654
103600 16011 16614 12676 12661
103800 16012 16629 12678 12678
104000 16009 16623 12673 12687
104200 16008 16626 12686 12699
104400 16004 16622 12688 12708
104600 16003 16627 12691 12711
104800 16006 16631 12679 12710
105000 16010 16637 12696 12717
105200 16002 16632 12698 12715
105400 16003 16622 12706 12719
105600 15998 16611 12697 12718
105800 16000 16607 12707 12709
106000 16007 16599 12686 12692
106200 16001 16594 12677 12682
106400 15998 16577 12678 12663
106600 15994 16571 12657 12659
106800 15994 16566 12654 12642
107000 15992 16550 12632 12638
107200 16003 16537 12610 12634
107400 16016 16539 12638 12627
107600 16031 16539 12621 12631
107800 16038 16537 12621 12626
108000 16046 16523 12624 12615
108200 16053 16513 12606 12613
108400 16068 16513 12583 12598
108600 16076 16504 12593 12581
108800 16092 16503 12581 12571
109000 16117 16507 12577 12571
109200 16136 16505 12566 12567
109400 16157 16507 12558 12569
109600 16179 16505 12580 12571
109800 16209 16521 12576 12585
110000 16224 16544 12561 12584
110200 16239 16580 12591 12594
110400 16248 16619 12596 12602
110600 16254 16659 12613 12598
110800 16282 16708 12621 12602
111000 16304 16752 12628 12636
111200 16338 16795 12681 12653
111400 16349 16841 12683 12673
111600 16365 16866 12699 12681
111800 16364 16897 12713 12702
112000 16359 16912 12704 12701
112200 16370 16934 12713 12714
112400 16371 16941 12733 12715
112600 16364 16965 12742 12719
112800 16369 16983 12731 12722
113000 16366 16991 12739 12732
113200 16361 16998 12733 12737
113400 16358 16998 12756 12744
113600 16344 16996 12744 12743
113800 16345 16999 12749 12748
114000 16351 17009 12753 12753
114200 16343 17007 12742 12762
114400 16350 17017 12753 12758
114600 16337 16998 12736 12755
114800 16331 16998 12750 12757
115000 16324 16989 12756 12756
115200 16325 16974 12752 12747
115400 16322 16965 12746 12744
115600 16318 16948 12731 12738
115800 16308 16939 12711 12732
116000 16309 16928 12722 12734
116200 16322 16927 12727 12731
116400 16324 16934 12721 12735
116600 16322 16922 12730 12728
116800 16324 16909 12693 12725
117000 16328 16896 12713 12724
117200 16338 16878 12712 12716
117400 16334 16867 12690 12703
117600 16335 16860 12693 12687
117800 16342 16861 12679 12685
118000 16352 16850 12677 12678
118200 16366 16846 12674 12681
118400 16380 16845 12669 12682
118600 16393 16845 12661 12676
118800 16428 16852 12674 12685
119000 16444 16846 12673 12675
119200 16467 16843 12675 12667
119400 16484 16844 12647 12665
119600 16510 16842 12642 12658
119800 16534 16851 12670 12654
120000 16558 16867 12632 12658
120200 16568 16885 12655 12665
120400 16590 16933 12666 12691
120600 16614 16989 12722 12721
120800 16655 17053 12736 12748
121000 16692 17110 12763 12774
121200 16725 17169 12810 12803
121400 16746 17208 12816 12823
121600 16754 17252 12839 12837
121800 16767 17278 12867 12853
122000 16770 17299 12852 12864
122200 16766 17322 12886 12866
122400 16755 17345 12865 12877
122600 16777 17372 12878 12897
122800 16776 17384 12894 12904
123000 16781 17414 12887 12917
123200 16777 17414 12926 12920
123400 16775 17417 12919 12924
123600 16772 17418 12932 12936
123800 16755 17408 12926 12932
124000 16741 17399 12893 12925
124200 16734 17389 12909 12922
124400 16725 17380 12892 12919
124600 16708 17366 12935 12914
124800 16701 17360 12886 12910
125000 16694 17350 12896 12903
125200 16694 17344 12885 12901
125400 16681 17322 12872 12897
125600 16683 17328 12896 12895
125800 16673 17316 12865 12894
126000 16674 17307 12892 12894
126200 16667 17293 12879 12881
126400 16664 17273 12873 12875
126600 16665 17250 12853 12865
126800 16658 17246 12859 12865
127000 16664 17224 12837 12859
127200 16660 17220 12834 12851
127400 16669 17214 12833 12853
127600 16664 17201 12836 12841
127800 16661 17181 12832 12827
128000 16674 17176 12832 12819
128200 16694 17179 12833 12823
128400 16708 17177 12793 12817
128600 16725 17179 12801 12817
128800 16742 17182 12817 12815
129000 16762 17173 12814 12805
129200 16782 17173 12819 12803
129400 16808 17174 12806 12793
129600 16826 17169 12787 12787
129800 16846 17168 12802 12792
130000 16855 17180 12799 12794
130200 16851 17202 12793 12800
130400 16860 17235 12786 12818
130600 16861 17272 12811 12828
130800 16878 17302 12857 12848
131000 16897 17350 12878 12869
131200 16909 17384 12890 12887
131400 16930 17419 12904 12904
131600 16940 17465 12932 12910
131800 16954 17497 12960 12931
132000 16966 17526 12959 12960
132200 16969 17550 12966 12965
132400 16971 17575 12973 12984
132600 16987 17596 12972 13004
132800 16985 17614 12991 13012
133000 16977 17627 13039 13015
133200 16973 17626 13026 13017
133400 16977 17643 13033 13039
133600 16973 17631 13037 13035
133800 16968 17634 13026 13035
134000 16959 17632 13040 13033
134200 16953 17634 13048 13031
134400 16942 17623 13028 13026
134600 16936 17619 13017 13016
134800 16931 17617 13015 13021
135000 16922 17614 13006 13014
135200 16928 17606 13023 13014
135400 16928 17603 13028 13017
135600 16931 17595 13016 13011
135800 16925 17586 13028 13013
136000 16928 17576 13031 13008
136200 16920 17566 13008 13008
136400 16926 17556 13028 13006
136600 16936 17553 12993 13006
136800 16938 17540 13015 12999
137000 16950 17529 13001 13002
137200 16959 17536 13010 13010
137400 16960 17520 12987 13004
137600 16962 17506 12983 13003
137800 16963 17487 12988 12999
138000 16968 17481 12976 12987
138200 16975 17467 12959 12970
138400 16988 17464 12966 12965
138600 16990 17447 12943 12950
138800 17002 17434 12937 12942
139000 17019 17423 12931 12941
139200 17045 17427 12951 12934
139400 17064 17422 12940 12933
139600 17088 17417 12923 12927
139800 17108 17422 12945 12930
140000 17133 17450 12934 12941
140200 17163 17496 12989 12967
140400 17189 17546 12984 13000
140600 17214 17596 13010 13027
140800 17228 17640 13043 13045
141000 17247 17669 13064 13065
141200 17254 17712 13068 13085
141400 17272 17750 13092 13109
141600 17271 17787 13113 13124
141800 17287 17816 13151 13157
142000 17290 17845 13167 13175
142200 17289 17858 13172 13186
142400 17272 17862 13186 13190
142600 17269 17876 13185 13204
142800 17261 17884 13221 13218
143000 17255 17890 13208 13219
143200 17246 17887 13214 13221
143400 17250 17904 13222 13234
143600 17256 17905 13260 13239
143800 17241 17909 13231 13240
144000 17236 17907 13225 13243
144200 17225 17902 13228 13246
144400 17217 17892 13213 13249
144600 17203 17881 13229 13245
144800 17191 17866 13223 13238
145000 17192 17859 13219 13236
145200 17176 17842 13223 13242
145400 17167 17836 13211 13235
145600 17169 17828 13206 13241
145800 17165 17822 13205 13229
146000 17166 17810 13215 13222
146200 17167 17807 13209 13216
146400 17174 17801 13210 13222
146600 17171 17788 13214 13211
146800 17175 17775 13201 13203
147000 17171 17761 13192 13192
147200 17169 17741 13197 13190
147400 17170 17736 13159 13188
147600 17176 17725 13162 13179
147800 17188 17712 13176 13173
148000 17188 17704 13145 13169
148200 17202 17693 13166 13166
148400 17213 17684 13151 13153
148600 17222 17670 13140 13146
148800 17229 17671 13119 13139
149000 17236 17651 13127 13126
149200 17251 17638 13108 13115
149400 17266 17636 13116 13111
149600 17287 17626 13104 13104
149800 17318 17644 13104 13105
150000 17318 17650 13110 13105
150200 17336 17690 13117 13126
150400 17343 17725 13120 13136
150600 17363 17777 13150 13146
150800 17376 17807 13176 13159
151000 17408 17863 13197 13187
151200 17418 17896 13206 13204
151400 17427 17930 13212 13221
151600 17425 17960 13221 13237
151800 17436 17985 13231 13246
152000 17438 18009 13273 13274
152200 17425 18026 13273 13286
152400 17427 18033 13279 13294
152600 17421 18038 13291 13304
152800 17406 18047 13306 13309
153000 17400 18047 13312 13321
153200 17387 18056 13308 13316
153400 17386 18053 13305 13320
153600 17382 18045 13293 13320
153800 17363 18040 13301 13313
154000 17353 18030 13301 13309
154200 17339 18016 13282 13304
154400 17336 18016 13296 13300
154600 17323 18007 13290 13297
154800 17314 17986 13290 13301
155000 17303 17972 13303 13289
155200 17296 17962 13297 13289
155400 17283 17946 13295 13288
155600 17270 17932 13301 13289
155800 17261 17919 13281 13282
156000 17249 17906 13294 13269
156200 17252 17886 13298 13265
156400 17248 17878 13280 13263
156600 17245 17863 13241 13257
156800 17242 17858 13251 13249
157000 17251 17844 13247 13248
157200 17260 17836 13254 13245
157400 17265 17818 13238 13238
157600 17275 17816 13244 13242
157800 17282 17803 13234 13240
158000 17284 17790 13232 13221
158200 17295 17781 13233 13212
158400 17298 17763 13189 13205
158600 17310 17752 13174 13204
158800 17320 17740 13172 13195
159000 17333 17735 13160 13183
159200 17348 17732 13180 13174
159400 17363 17722 13164 13167
159600 17374 17712 13174 13164
159800 17384 17703 13145 13158
160000 17404 17723 13165 13162
160200 17430 17754 13185 13178
160400 17444 17802 13201 13192
160600 17462 17842 13206 13215
160800 17475 17884 13230 13222
161000 17487 17926 13233 13249
161200 17495 17964 13268 13266
161400 17511 17997 13297 13291
161600 17542 18044 13314 13306
161800 17554 18075 13321 13313
162000 17559 18104 13322 13322
162200 17557 18130 13331 13339
162400 17557 18141 13322 13345
162600 17576 18173 13380 13361
162800 17576 18197 13368 13369
163000 17579 18220 13382 13381
163200 17580 18219 13349 13383
163400 17582 18236 13408 13401
163600 17579 18240 13420 13414
163800 17571 18236 13414 13414
164000 17568 18241 13429 13419
164200 17558 18236 13422 13421
164400 17547 18223 13416 13428
164600 17551 18228 13446 13439
164800 17548 18229 13449 13451
165000 17553 18224 13435 13455
165200 17561 18232 13464 13468
165400 17561 18238 13456 13478
165600 17566 18235 13469 13487
165800 17557 18221 13488 13492
166000 17568 18224 13490 13495
166200 17571 18213 13484 13493
166400 17570 18204 13498 13488
166600 17576 18197 13495 13479
166800 17586 18184 13466 13470
167000 17574 18174 13482 13471
167200 17577 18147 13462 13471
167400 17581 18139 13444 13467
167600 17584 18125 13448 13458
167800 17596 18111 13440 13450
168000 17597 18101 13449 13436
168200 17603 18094 13434 13435
168400 17611 18086 13431 13424
168600 17626 18086 13415 13425
168800 17647 18075 13414 13423
169000 17668 18083 13424 13421
169200 17680 18079 13397 13418
169400 17705 18074 13402 13413
169600 17732 18070 13390 13403
169800 17752 18069 13392 13395
170000 17764 18093 13394 13387
170200 17780 18138 13397 13409
170400 17788 18178 13439 13420
170600 17833 18237 13463 13459
170800 17837 18275 13489 13465
171000 17863 18325 13496 13488
171200 17875 18371 13518 13516
171400 17886 18403 13532 13532
171600 17894 18427 13528 13549
171800 17899 18459 13551 13567
172000 17910 18495 13561 13576
172200 17912 18529 13570 13585
172400 17916 18546 13581 13596
172600 17910 18558 13579 13599
172800 17916 18572 13621 13602
173000 17919 18576 13599 13607
173200 17909 18584 13620 13615
173400 17900 18585 13642 13624
173600 17899 18591 13626 13635
173800 17891 18589 13614 13640
174000 17886 18582 13629 13646
174200 17876 18575 13620 13649
174400 17871 18574 13625 13654
174600 17872 18576 13669 13659
174800 17871 18572 13651 13673
175000 17858 18560 13675 13677
175200 17848 18542 13647 13671
175400 17837 18525 13659 13677
175600 17819 18525 13679 13673
175800 17816 18497 13671 13661
176000 17817 18475 13641 13659
176200 17800 18454 13637 13657
176400 17793 18438 13631 13652
176600 17787 18427 13622 13647
176800 17779 18410 13622 13645
177000 17772 18392 13625 13631
177200 17780 18379 13635 13622
177400 17789 18367 13632 13616
177600 17799 18359 13597 13618
177800 17800 18342 13612 13612
178000 17815 18335 13598 13614
178200 17827 18335 13600 13603
178400 17840 18326 13583 13594
178600 17853 18316 13564 13586
178800 17862 18311 13570 13586
179000 17872 18301 13557 13580
179200 17888 18290 13536 13569
179400 17911 18282 13537 13564
179600 17920 18273 13538 13549
179800 17930 18259 13545 13533
180000 17946 18264 13532 13525
180200 17946 18284 13531 13536
180400 17956 18317 13551 13545
180600 17988 18379 13602 13568
180800 18004 18412 13583 13586
181000 18006 18452 13592 13602
181200 18016 18483 13629 13615
181400 18026 18519 13634 13636
181600 18047 18553 13651 13653
181800 18037 18577 13655 13662
182000 18037 18593 13664 13680
182200 18024 18603 13658 13679
182400 18019 18623 13703 13682
182600 18022 18640 13693 13693
182800 18024 18652 13682 13707
183000 18036 18672 13700 13704
183200 18032 18680 13711 13718
183400 18036 18688 13722 13726
183600 18031 18691 13722 13730
183800 18022 18697 13743 13741
184000 18027 18706 13763 13744
184200 18006 18698 13764 13741
184400 18004 18687 13748 13745
184600 17997 18687 13728 13750
184800 17980 18669 13746 13749
185000 17980 18661 13747 13749
185200 17966 18639 13733 13744
185400 17958 18626 13746 13744
185600 17950 18613 13744 13735
185800 17946 18613 13731 13742
186000 17939 18592 13728 13741
186200 17948 18580 13735 13745
186400 17938 18566 13741 13748
186600 17934 18549 13732 13741
186800 17924 18528 13737 13735
187000 17916 18507 13745 13725
187200 17921 18496 13711 13717
187400 17918 18473 13715 13713
187600 17913 18454 13706 13706
187800 17917 18433 13703 13700
188000 17921 18422 13705 13697
188200 17924 18410 13695 13693
188400 17933 18403 13705 13690
188600 17940 18389 13685 13676
188800 17942 18375 13662 13665
189000 17962 18369 13648 13660
189200 17989 18374 13667 13668
189400 18010 18366 13659 13661
189600 18039 18382 13675 13662
189800 18057 18376 13661 13653
190000 18061 18397 13650 13652
190200 18069 18427 13652 13667
190400 18064 18453 13674 13676
190600 18081 18489 13711 13695
190800 18100 18552 13720 13716
191000 18121 18594 13721 13736
191200 18135 18632 13768 13751
191400 18155 18676 13827 13772
191600 18175 18724 13836 13802
191800 18189 18758 13825 13813
192000 18197 18780 13816 13819
192200 18194 18805 13830 13829
192400 18207 18829 13851 13850
192600 18216 18853 13857 13864
192800 18221 18873 13852 13861
193000 18217 18878 13874 13870
193200 18211 18884 13872 13877
193400 18207 18886 13886 13881
193600 18191 18887 13897 13893
193800 18185 18883 13888 13896
194000 18172 18882 13916 13904
194200 18165 18874 13892 13896
194400 18153 18868 13909 13903
194600 18142 18863 13911 13909
194800 18134 18854 13915 13918
195000 18138 18854 13900 13923
195200 18120 18838 13903 13911
195400 18127 18826 13887 13909
195600 18116 18805 13909 13893
195800 18113 18793 13885 13889
196000 18108 18787 13889 13889
196200 18105 18768 13869 13886
196400 18100 18759 13876 13886
196600 18100 18738 13884 13883
196800 18108 18729 13892 13881
197000 18106 18710 13871 13874
197200 18107 18693 13867 13865
197400 18114 18684 13882 13867
197600 18117 18671 13885 13863
197800 18126 18662 13878 13856
198000 18138 18651 13835 13845
198200 18139 18642 13835 13838
198400 18146 18631 13827 13825
198600 18157 18621 13835 13823
198800 18177 18612 13821 13828
199000 18197 18608 13820 13822
199200 18217 18604 13826 13814
199400 18243 18603 13825 13817
199600 18262 18605 13817 13811
199800 18271 18597 13796 13798
200000 18285 18598 13813 13796
