Iteration / Electron np / Ion np
199 90172 99916
399 89731 99519
599 89718 98895
799 89136 98134
999 88701 97244
1199 87961 96319
1399 86997 95352
1599 86745 94491
1799 85797 93682
1999 84888 92880
2199 84270 92145
2399 83758 91433
2599 83259 90759
2799 82707 90148
2999 82173 89517
3199 81625 88945
3399 81052 88426
3599 80563 87889
3799 80173 87372
3999 79887 86897
4199 79517 86414
4399 79103 85955
4599 78660 85518
4799 78376 85108
4999 78049 84684
5199 77715 84280
5399 77437 83865
5599 77198 83455
5799 76921 83106
5999 76670 82741
6199 76425 82382
6399 76276 82024
6599 76093 81694
6799 75929 81403
6999 75782 81077
7199 75634 80769
7399 75498 80512
7599 75384 80220
7799 75271 79973
7999 75199 79726
8199 75122 79465
8399 75052 79226
8599 74997 79010
8799 74961 78794
8999 74932 78584
9199 74938 78370
9399 74936 78184
9599 74928 78018
9799 74805 77834
9999 74467 77662
10199 74044 77488
10399 73583 77337
10599 73114 77198
10799 72719 77032
10999 72304 76901
11199 71905 76735
11399 71492 76564
11599 71155 76390
11799 70778 76230
11999 70405 76043
12199 70010 75838
12399 69651 75631
12599 69295 75432
12799 68954 75184
12999 68593 74911
13199 68237 74664
13399 67906 74396
13599 67581 74090
13799 67222 73803
13999 66938 73459
14199 66653 73158
14399 66353 72838
14599 66073 72513
14799 65789 72194
14999 65533 71863
15199 65309 71572
15399 65098 71294
15599 64899 70993
15799 64706 70708
15999 64487 70415
16199 64336 70140
16399 64216 69873
16599 64056 69580
16799 63923 69312
16999 63792 69048
17199 63672 68777
17399 63604 68543
17599 63499 68305
17799 63442 68048
17999 63401 67841
18199 63431 67639
18399 63363 67396
18599 63323 67197
18799 63349 66981
18999 63359 66828
19199 63444 66636
19399 63485 66464
19599 63549 66290
19799 63629 66136
19999 63719 65996
20199 63848 65859
20399 63751 65714
20599 63472 65591
20799 63175 65468
20999 62884 65358
21199 62601 65231
21399 62336 65133
21599 62064 65029
21799 61823 64933
21999 61597 64832
22199 61342 64721
22399 61108 64617
22599 60887 64497
22799 60678 64377
22999 60437 64264
23199 60235 64156
23399 60028 64033
23599 59841 63913
23799 59661 63794
23999 59492 63674
24199 59296 63543
24399 59122 63415
24599 58940 63280
24799 58797 63139
24999 58638 62991
25199 58481 62853
25399 58352 62703
25599 58205 62543
25799 58109 62368
25999 57967 62212
26199 57843 62058
26399 57762 61892
26599 57641 61734
26799 57557 61567
26999 57510 61393
27199 57454 61252
27399 57378 61103
27599 57317 60956
27799 57282 60789
27999 57269 60644
28199 57281 60499
28399 57289 60370
28599 57242 60229
28799 57246 60092
28999 57276 59954
29199 57317 59819
29399 57364 59704
29599 57405 59590
29799 57478 59477
29999 57469 59357
30199 57231 59249
30399 56788 59141
30599 56451 59046
30799 56156 58936
30999 55813 58839
31199 55636 58751
31399 55427 58661
31599 55242 58570
31799 55050 58466
31999 54836 58363
32199 54597 58273
32399 54408 58174
32599 54144 58066
32799 53963 57958
32999 53720 57861
33199 53523 57737
33399 53364 57626
33599 53188 57492
33799 53033 57376
33999 52844 57253
34199 52658 57118
34399 52509 56987
34599 52349 56838
34799 52185 56700
34999 52019 56556
35199 51889 56404
35399 51767 56255
35599 51632 56110
35799 51532 55966
35999 51434 55806
36199 51352 55643
36399 51231 55480
36599 51160 55328
36799 51107 55177
36999 51020 55029
37199 50937 54867
37399 50904 54726
37599 50854 54562
37799 50802 54421
37999 50772 54271
38199 50709 54131
38399 50626 53999
38599 50643 53859
38799 50617 53727
38999 50632 53598
39199 50644 53461
39399 50761 53334
39599 50815 53224
39799 50831 53109
39999 50865 52989
40199 50840 52885
40399 50791 52779
40599 50724 52691
40799 50438 52575
40999 50227 52471
41199 49965 52390
41399 49766 52289
41599 49651 52190
41799 49377 52094
41999 49136 52005
42199 48904 51897
42399 48637 51818
42599 48449 51718
42799 48248 51625
42999 48085 51526
43199 47868 51427
43399 47706 51317
43599 47538 51214
43799 47377 51105
43999 47259 50991
44199 47079 50871
44399 46910 50750
44599 46779 50630
44799 46655 50496
44999 46563 50379
45199 46432 50244
45399 46303 50119
45599 46172 49972
45799 46095 49844
45999 46013 49698
46199 45948 49572
46399 45866 49434
46599 45784 49298
46799 45691 49162
46999 45640 49026
47199 45596 48886
47399 45599 48753
47599 45562 48628
47799 45456 48499
47999 45346 48379
48199 45282 48244
48399 45212 48127
48599 45239 48010
48799 45271 47885
48999 45265 47767
49199 45215 47648
49399 45205 47544
49599 45335 47441
49799 45322 47322
49999 45177 47219
50199 45006 47119
50399 44812 47021
50599 44582 46925
50799 44377 46838
50999 44139 46738
51199 43926 46646
51399 43676 46555
51599 43463 46470
51799 43201 46370
51999 42949 46287
52199 42779 46197
52399 42560 46105
52599 42358 46007
52799 42183 45914
52999 42008 45815
53199 41834 45709
53399 41709 45605
53599 41538 45498
53799 41391 45398
53999 41230 45286
54199 41126 45176
54399 40955 45057
54599 40828 44932
54799 40724 44800
54999 40606 44672
55199 40467 44547
55399 40364 44417
55599 40257 44278
55799 40156 44143
55999 40062 43993
56199 39989 43870
56399 39886 43718
56599 39837 43581
56799 39733 43447
56999 39691 43294
57199 39565 43158
57399 39521 43007
57599 39500 42884
57799 39485 42753
57999 39445 42617
58199 39456 42486
58399 39436 42353
58599 39419 42232
58799 39433 42103
58999 39394 41984
59199 39365 41876
59399 39405 41758
59599 39339 41640
59799 39423 41535
59999 39532 41430
60199 39585 41321
60399 39454 41224
60599 39293 41127
60799 39144 41025
60999 38900 40925
61199 38658 40831
61399 38463 40746
61599 38237 40639
61799 37996 40542
61999 37828 40439
62199 37573 40349
62399 37418 40251
62599 37195 40148
62799 37017 40050
62999 36824 39940
63199 36604 39828
63399 36501 39717
63599 36291 39607
63799 36114 39502
63999 35983 39388
64199 35802 39278
64399 35669 39150
64599 35525 39028
64799 35365 38914
64999 35260 38789
65199 35115 38679
65399 34936 38550
65599 34828 38421
65799 34674 38295
65999 34527 38165
66199 34415 38046
66399 34317 37911
66599 34257 37787
66799 34213 37658
66999 34145 37532
67199 34105 37396
67399 34043 37275
67599 33985 37147
67799 33944 37009
67999 33930 36892
68199 33855 36762
68399 33828 36625
68599 33792 36510
68799 33802 36385
68999 33844 36260
69199 33829 36137
69399 33823 36019
69599 33854 35907
69799 33866 35791
69999 33789 35671
70199 33540 35568
70399 33228 35452
70599 32925 35346
70799 32583 35243
70999 32298 35136
71199 32039 35043
71399 31770 34926
71599 31550 34825
71799 31268 34717
71999 31027 34609
72199 30850 34502
72399 30679 34390
72599 30473 34270
72799 30288 34154
72999 30027 34022
73199 29855 33891
73399 29697 33757
73599 29526 33634
73799 29356 33501
73999 29171 33366
74199 29029 33229
74399 28923 33081
74599 28750 32940
74799 28641 32781
74999 28466 32639
75199 28382 32496
75399 28237 32333
75599 28115 32204
75799 28019 32047
75999 27945 31894
76199 27836 31755
76399 27747 31594
76599 27623 31451
76799 27563 31303
76999 27500 31153
77199 27465 31008
77399 27407 30864
77599 27365 30721
77799 27353 30586
77999 27326 30452
78199 27312 30327
78399 27317 30200
78599 27305 30078
78799 27271 29965
78999 27263 29841
79199 27267 29730
79399 27280 29605
79599 27303 29505
79799 27361 29398
79999 27389 29295
80199 27466 29189
80399 27358 29099
80599 27039 28996
80799 26671 28907
80999 26521 28822
81199 26296 28728
81399 26205 28648
81599 26024 28553
81799 25909 28476
81999 25720 28386
82199 25536 28302
82399 25394 28215
82599 25234 28116
82799 25066 28028
82999 24935 27943
83199 24752 27848
83399 24597 27759
83599 24458 27667
83799 24363 27563
83999 24190 27462
84199 24071 27359
84399 23934 27255
84599 23767 27160
84799 23661 27049
84999 23429 26934
85199 23334 26834
85399 23230 26713
85599 23174 26615
85799 23071 26488
85999 22999 26387
86199 22870 26259
86399 22831 26143
86599 22779 26024
86799 22770 25910
86999 22684 25801
87199 22624 25676
87399 22610 25556
87599 22556 25444
87799 22597 25324
87999 22473 25206
88199 22499 25102
88399 22475 24979
88599 22420 24877
88799 22440 24786
88999 22480 24664
89199 22510 24564
89399 22563 24457
89599 22557 24373
89799 22521 24263
89999 22377 24174
90199 22133 24082
90399 21892 23990
90599 21565 23903
90799 21224 23809
90999 20854 23720
91199 20658 23631
91399 20459 23540
91599 20273 23443
91799 20032 23352
91999 19807 23255
92199 19629 23162
92399 19428 23056
92599 19246 22953
92799 19082 22844
92999 18905 22743
93199 18784 22619
93399 18589 22505
93599 18424 22389
93799 18271 22266
93999 18085 22130
94199 17926 21990
94399 17792 21856
94599 17637 21710
94799 17524 21571
94999 17389 21428
95199 17289 21274
95399 17175 21135
95599 17073 20990
95799 16955 20845
95999 16888 20699
96199 16779 20562
96399 16689 20422
96599 16644 20275
96799 16575 20142
96999 16495 20009
97199 16455 19878
97399 16455 19749
97599 16373 19619
97799 16332 19491
97999 16277 19359
98199 16259 19242
98399 16256 19120
98599 16231 18993
98799 16211 18884
98999 16241 18769
99199 16269 18659
99399 16311 18539
99599 16336 18443
99799 16347 18322
99999 16355 18243
100199 16300 18132
100399 16144 18037
100599 15973 17940
100799 15727 17855
100999 15566 17766
101199 15268 17667
101399 15131 17588
101599 14916 17504
101799 14816 17409
101999 14716 17319
102199 14492 17238
102399 14294 17152
102599 14103 17071
102799 13957 16971
102999 13799 16882
103199 13670 16795
103399 13587 16697
103599 13407 16615
103799 13282 16511
103999 13076 16419
104199 12980 16321
104399 12844 16210
104599 12678 16118
104799 12575 16013
104999 12459 15907
105199 12385 15799
105399 12271 15685
105599 12186 15582
105799 12122 15465
105999 12075 15358
106199 11985 15235
106399 11865 15134
106599 11784 15010
106799 11783 14891
106999 11708 14778
107199 11684 14642
107399 11616 14540
107599 11621 14423
107799 11593 14300
107999 11573 14189
108199 11571 14073
108399 11529 13961
108599 11567 13846
108799 11546 13741
108999 11566 13632
109199 11586 13534
109399 11651 13434
109599 11572 13327
109799 11482 13232
109999 11292 13134
110199 11084 13042
110399 10829 12953
110599 10654 12860
110799 10405 12778
110999 10206 12687
111199 10023 12596
111399 9877 12510
111599 9647 12424
111799 9473 12327
111999 9327 12239
112199 9129 12150
112399 8982 12059
112599 8892 11974
112799 8688 11869
112999 8550 11783
113199 8431 11678
113399 8288 11581
113599 8167 11482
113799 8046 11391
113999 7943 11278
114199 7839 11179
114399 7749 11075
114599 7643 10963
114799 7532 10870
114999 7450 10769
115199 7344 10649
115399 7242 10546
115599 7167 10441
115799 7091 10331
115999 7015 10229
116199 6942 10114
116399 6874 10004
116599 6810 9905
116799 6749 9795
116999 6679 9690
117199 6656 9574
117399 6618 9469
117599 6581 9360
117799 6552 9255
117999 6475 9153
118199 6463 9055
118399 6457 8947
118599 6422 8847
118799 6404 8741
118999 6386 8641
119199 6345 8550
119399 6329 8462
119599 6332 8364
119799 6360 8281
119999 6340 8197
