Iteration / Electron np / Ion np
0 100000 100000
200 89586 99882
400 89499 99499
600 89571 98839
800 89175 98043
1000 88502 97122
1200 88049 96171
1400 86904 95261
1600 86833 94396
1800 85583 93568
2000 84806 92814
2200 84294 92050
2400 83849 91358
2600 83402 90707
2800 82871 90082
3000 82335 89500
3200 81865 88912
3400 81373 88365
3600 80782 87851
3800 80184 87346
4000 79712 86859
4200 79330 86407
4400 79058 85943
4600 78713 85495
4800 78316 85093
5000 77973 84697
5200 77722 84253
5400 77403 83892
5600 77120 83512
5800 76880 83145
6000 76647 82775
6200 76430 82422
6400 76203 82066
6600 76039 81730
6800 75879 81411
7000 75743 81106
7200 75625 80817
7400 75497 80537
7600 75373 80235
7800 75284 79985
