Iteration / Electron np / Ion np / Electron Inner np / Ion Inner np
0 10000 10000 4972 5060
200 9005 9988 5073 5060
400 9013 9948 5123 5060
600 9054 9878 5034 5061
800 8976 9801 5035 5061
1000 8981 9726 5074 5061
1200 8831 9643 5074 5060
1400 8828 9564 5049 5059
1600 8700 9488 5054 5060
1800 8649 9403 5082 5060
2000 8598 9335 5078 5061
2200 8496 9259 5058 5060
2400 8445 9197 5052 5060
2600 8385 9130 5073 5059
2800 8332 9070 5057 5062
3000 8278 9006 5070 5066
3200 8230 8951 5057 5070
3400 8179 8899 5076 5071
3600 8123 8844 5066 5069
3800 8068 8796 5062 5069
4000 8036 8744 5066 5072
4200 8015 8696 5078 5073
4400 7954 8653 5053 5074
4600 7917 8609 5082 5075
4800 7893 8564 5075 5075
5000 7857 8526 5083 5075
5200 7819 8487 5082 5079
5400 7792 8449 5071 5080
5600 7767 8403 5053 5080
5800 7744 8368 5076 5082
6000 7713 8328 5100 5082
6200 7694 8293 5076 5081
6400 7672 8257 5072 5080
6600 7647 8228 5071 5080
6800 7634 8186 5091 5081
7000 7623 8157 5075 5082
7200 7605 8128 5060 5082
7400 7592 8098 5081 5080
7600 7588 8065 5079 5081
7800 7574 8040 5078 5080
8000 7568 8009 5061 5081
8200 7560 7984 5084 5082
8400 7549 7965 5082 5081
8600 7550 7942 5081 5081
8800 7551 7916 5074 5080
9000 7551 7898 5086 5078
9200 7553 7878 5075 5079
9400 7546 7853 5045 5077
9600 7534 7836 5082 5077
9800 7498 7818 5079 5073
10000 7455 7803 5078 5073
10200 7416 7785 5087 5071
10400 7373 7762 5076 5066
10600 7319 7743 5076 5067
10800 7272 7727 5091 5064
11000 7235 7711 5078 5062
11200 7188 7690 5088 5060
11400 7154 7668 5071 5058
11600 7104 7647 5064 5056
11800 7083 7626 5078 5056
12000 7023 7600 5053 5053
12200 6996 7580 5069 5053
12400 6951 7556 5064 5052
12600 6911 7532 5057 5052
12800 6875 7506 5052 5054
13000 6845 7475 5056 5054
13200 6811 7449 5053 5054
13400 6768 7419 5050 5052
13600 6743 7388 5074 5054
13800 6708 7356 5052 5054
14000 6679 7328 5067 5058
14200 6650 7292 5036 5056
14400 6618 7262 5052 5054
14600 6589 7228 5032 5054
14800 6566 7193 5064 5056
15000 6552 7164 5041 5055
15200 6518 7134 5034 5053
15400 6502 7104 5076 5055
15600 6477 7070 5051 5054
15800 6464 7047 5060 5055
16000 6454 7014 5023 5056
16200 6432 6988 5034 5056
16400 6419 6963 5046 5055
16600 6397 6938 5053 5055
16800 6387 6911 5026 5055
17000 6385 6883 5021 5055
17200 6365 6857 5039 5058
17400 6361 6833 5046 5058
17600 6354 6812 5042 5058
17800 6344 6791 5045 5055
18000 6347 6769 5029 5049
18200 6348 6749 5043 5049
18400 6348 6728 5057 5046
18600 6350 6707 5056 5041
18800 6343 6691 5051 5042
19000 6351 6674 5021 5042
19200 6357 6661 5026 5041
19400 6356 6644 5004 5040
19600 6373 6622 5035 5038
19800 6382 6609 5067 5038
20000 6390 6594 5049 5035
