Iteration / Electron np / Ion np / Electron Inner np / Ion Inner np
0 100000 100000 50084 50097
200 89575 99895 49913 50097
400 89405 99490 50075 50101
600 89431 98860 49987 50098
800 89533 98017 50094 50096
1000 88823 97162 50181 50095
1200 87982 96276 50243 50090
1400 87163 95354 50032 50089
1600 87043 94474 50066 50083
1800 85607 93670 50213 50075
2000 84931 92855 50201 50077
2200 84469 92134 50056 50069
2400 84014 91433 50090 50061
2600 83516 90755 50049 50054
2800 82957 90134 50056 50050
3000 82369 89508 50109 50048
3200 81903 88975 50086 50044
3400 81366 88428 50034 50035
3600 80801 87937 50080 50027
3800 80258 87439 50072 50021
4000 79816 86949 50037 50016
4200 79478 86481 50031 50017
4400 79170 86037 50030 50015
4600 78740 85612 50044 50007
4800 78384 85169 50032 50001
5000 78047 84787 49992 49994
5200 77802 84363 50050 49989
5400 77506 83978 50016 49987
5600 77203 83600 50089 49984
5800 76960 83221 50053 49986
6000 76724 82841 50011 49995
6200 76516 82510 50060 49995
6400 76313 82180 50052 49991
6600 76115 81838 50006 49992
6800 75964 81509 49939 49992
7000 75814 81176 49986 49983
7200 75660 80865 50045 49981
7400 75523 80582 50019 49988
7600 75465 80319 50012 49984
7800 75349 80041 49995 49987
8000 75273 79788 49965 49987
8200 75202 79533 50045 49987
8400 75159 79270 49977 49988
8600 75164 79041 50066 49995
8800 75114 78844 50056 50005
9000 75083 78624 50019 50005
9200 75104 78408 50077 50020
9400 75103 78214 49954 50022
9600 75143 78043 50001 50021
9800 74962 77859 50072 50027
10000 74512 77699 50148 50036
10200 74090 77526 50258 50049
10400 73712 77358 50332 50056
10600 73320 77196 50289 50063
10800 72844 77043 50254 50065
11000 72458 76900 50290 50077
11200 72046 76731 50191 50090
11400 71686 76591 50223 50083
11600 71256 76433 50259 50091
11800 70912 76225 50154 50100
12000 70550 76069 50238 50107
12200 70177 75879 50258 50114
12400 69760 75663 50185 50123
12600 69424 75463 50155 50122
12800 69088 75216 50169 50128
13000 68729 74994 50148 50125
13200 68330 74707 50162 50127
13400 68029 74430 50175 50133
13600 67727 74166 50110 50146
13800 67403 73864 50199 50145
14000 67071 73571 50253 50146
14200 66756 73276 50233 50151
14400 66493 72939 50301 50158
14600 66229 72637 50187 50159
14800 65983 72322 50083 50160
15000 65788 72025 50207 50162
15200 65516 71693 50201 50165
15400 65305 71419 50181 50171
15600 65087 71127 50160 50170
15800 64899 70811 50230 50172
16000 64746 70539 50226 50179
16200 64577 70268 50213 50180
16400 64473 69966 50084 50177
16600 64301 69707 50147 50182
16800 64204 69438 50190 50183
17000 64122 69178 50250 50183
17200 64038 68956 50244 50184
17400 63975 68704 50168 50188
17600 63922 68477 50185 50190
17800 63879 68242 50245 50181
18000 63834 68026 50167 50194
18200 63815 67817 50140 50191
18400 63824 67621 50162 50193
18600 63803 67426 50207 50183
18800 63853 67248 50201 50192
19000 63898 67071 50087 50190
19200 63925 66904 50143 50185
19400 63982 66746 50195 50185
19600 64121 66605 50271 50190
19800 64191 66456 50275 50192
20000 64316 66333 50264 50194
