Iteration / Electron np / Ion np
24 9894 10000
49 9498 10000
74 9047 10000
99 9037 9999
124 9031 9997
149 9036 9997
174 9040 9993
199 9039 9992
224 9042 9986
249 9029 9984
274 9031 9983
299 9035 9981
324 9041 9980
349 9043 9975
374 9039 9972
399 9049 9967
424 9057 9958
449 9060 9950
474 9050 9948
499 9057 9941
524 9058 9930
549 9063 9926
574 9068 9920
599 9071 9911
624 9080 9894
649 9006 9885
674 9002 9874
699 9012 9868
724 9028 9858
749 9032 9848
774 9039 9838
799 9049 9827
824 9042 9816
849 9014 9809
874 8999 9800
899 8998 9792
924 9012 9776
949 9017 9768
974 9024 9756
999 9032 9749
1024 9032 9741
1049 8914 9729
1074 8881 9717
1099 8885 9705
1124 8890 9695
1149 8896 9686
1174 8899 9682
1199 8909 9672
1224 8898 9663
1249 8861 9651
1274 8849 9642
1299 8846 9632
1324 8847 9620
1349 8854 9608
1374 8863 9598
1399 8871 9590
1424 8864 9583
1449 8768 9571
1474 8740 9566
1499 8742 9555
1524 8750 9543
1549 8754 9538
1574 8760 9533
1599 8767 9523
1624 8751 9515
1649 8711 9503
1674 8693 9496
1699 8696 9491
1724 8703 9476
1749 8706 9472
1774 8714 9467
1799 8721 9462
1824 8705 9454
1849 8641 9445
1874 8622 9436
1899 8622 9425
1924 8628 9418
1949 8637 9412
1974 8640 9404
1999 8643 9398
2024 8636 9392
2049 8579 9386
2074 8560 9379
2099 8564 9370
2124 8566 9363
2149 8571 9355
2174 8573 9348
2199 8583 9338
2224 8573 9331
2249 8520 9325
2274 8497 9320
2299 8499 9315
2324 8501 9303
2349 8504 9296
2374 8513 9284
2399 8517 9274
2424 8510 9267
2449 8459 9262
2474 8435 9250
2499 8434 9243
2524 8440 9232
2549 8441 9224
2574 8443 9218
2599 8444 9212
2624 8431 9202
2649 8403 9192
2674 8373 9186
2699 8372 9184
2724 8374 9179
2749 8378 9172
2774 8378 9168
2799 8382 9164
2824 8377 9152
2849 8354 9139
2874 8332 9132
2899 8335 9126
2924 8341 9119
2949 8344 9113
2974 8345 9102
2999 8347 9096
3024 8337 9092
3049 8293 9083
3074 8274 9080
3099 8275 9075
3124 8278 9067
3149 8280 9059
3174 8285 9050
3199 8287 9042
3224 8287 9035
3249 8247 9027
3274 8227 9025
3299 8229 9020
3324 8233 9014
3349 8240 9004
3374 8242 8994
3399 8245 8991
3424 8241 8983
3449 8210 8976
3474 8180 8973
3499 8180 8968
3524 8182 8963
3549 8183 8959
3574 8185 8955
3599 8192 8950
3624 8191 8941
3649 8151 8937
3674 8137 8930
3699 8139 8924
3724 8140 8917
3749 8141 8911
3774 8143 8904
3799 8144 8900
3824 8142 8895
3849 8110 8889
3874 8096 8882
3899 8093 8878
3924 8093 8874
3949 8096 8865
3974 8097 8860
3999 8102 8854
4024 8098 8847
4049 8064 8842
4074 8049 8838
4099 8051 8835
4124 8052 8826
4149 8053 8821
4174 8052 8812
4199 8052 8811
4224 8053 8805
4249 8026 8800
4274 8015 8789
4299 8017 8783
4324 8018 8778
4349 8020 8773
4374 8023 8768
4399 8029 8762
4424 8024 8760
4449 7996 8757
4474 7982 8749
4499 7981 8742
4524 7980 8737
4549 7981 8732
4574 7982 8726
4599 7985 8720
4624 7985 8715
4649 7961 8711
4674 7945 8705
4699 7949 8697
4724 7951 8691
4749 7953 8684
4774 7960 8680
4799 7962 8676
4824 7961 8673
4849 7930 8665
4874 7922 8662
4899 7921 8660
4924 7922 8658
4949 7923 8655
4974 7923 8650
4999 7925 8648
5024 7926 8644
5049 7901 8640
5074 7889 8633
5099 7890 8628
5124 7891 8625
5149 7893 8620
5174 7898 8616
5199 7900 8610
5224 7899 8605
5249 7875 8602
5274 7862 8598
5299 7868 8594
5324 7871 8589
5349 7871 8582
5374 7875 8576
5399 7877 8572
5424 7877 8567
5449 7849 8560
5474 7841 8556
5499 7846 8549
5524 7846 8546
5549 7846 8543
5574 7848 8540
5599 7848 8536
5624 7847 8534
5649 7824 8533
5674 7811 8529
5699 7814 8522
5724 7815 8518
5749 7813 8514
5774 7815 8509
5799 7817 8505
5824 7813 8497
5849 7796 8494
5874 7786 8490
5899 7784 8484
5924 7786 8475
5949 7788 8472
5974 7788 8470
5999 7791 8466
6024 7796 8460
6049 7776 8458
6074 7768 8453
6099 7771 8450
6124 7773 8446
6149 7774 8440
6174 7776 8435
6199 7776 8431
6224 7775 8426
6249 7757 8420
6274 7752 8417
6299 7754 8413
6324 7753 8408
6349 7753 8403
6374 7754 8401
6399 7755 8394
6424 7757 8392
6449 7741 8386
6474 7734 8381
6499 7733 8376
6524 7734 8373
6549 7734 8369
6574 7735 8367
6599 7735 8365
6624 7735 8360
6649 7721 8354
6674 7714 8351
6699 7715 8350
6724 7718 8345
6749 7720 8343
6774 7721 8341
6799 7720 8341
6824 7722 8329
6849 7703 8323
6874 7695 8317
6899 7696 8314
6924 7696 8311
6949 7696 8307
6974 7697 8306
6999 7700 8300
7024 7702 8298
7049 7695 8294
7074 7685 8293
7099 7686 8289
7124 7689 8285
7149 7690 8283
7174 7691 8283
7199 7691 8279
7224 7694 8276
7249 7684 8275
7274 7679 8271
7299 7681 8269
7324 7685 8265
7349 7684 8263
7374 7685 8260
7399 7692 8252
7424 7697 8249
7449 7679 8244
7474 7675 8240
7499 7676 8239
7524 7677 8235
7549 7680 8234
7574 7681 8231
7599 7682 8229
7624 7684 8226
7649 7675 8224
7674 7662 8220
7699 7662 8216
7724 7663 8213
7749 7665 8212
7774 7666 8210
7799 7669 8202
7824 7669 8199
7849 7663 8198
7874 7656 8197
7899 7659 8193
7924 7661 8192
7949 7662 8191
7974 7663 8190
7999 7667 8183
8024 7668 8183
8049 7659 8180
8074 7653 8174
8099 7656 8172
8124 7660 8169
8149 7662 8167
8174 7663 8164
8199 7666 8160
8224 7668 8157
8249 7663 8154
8274 7656 8152
8299 7660 8146
8324 7662 8146
8349 7663 8144
8374 7663 8142
8399 7669 8135
8424 7673 8132
8449 7661 8126
8474 7655 8121
8499 7661 8116
8524 7660 8113
8549 7662 8109
8574 7663 8109
8599 7666 8108
8624 7668 8107
8649 7654 8106
8674 7646 8098
8699 7648 8098
8724 7649 8096
8749 7651 8093
8774 7654 8091
8799 7656 8089
8824 7657 8086
8849 7655 8085
8874 7645 8079
8899 7645 8076
8924 7650 8074
8949 7653 8071
8974 7655 8068
8999 7656 8060
9024 7659 8057
9049 7652 8055
9074 7641 8052
9099 7646 8049
9124 7649 8048
9149 7653 8044
9174 7655 8040
9199 7658 8039
9224 7660 8038
9249 7660 8037
9274 7642 8036
9299 7645 8031
9324 7647 8029
9349 7648 8029
9374 7652 8026
9399 7655 8024
9424 7657 8023
9449 7659 8022
9474 7652 8021
9499 7655 8018
9524 7656 8016
9549 7659 8014
9574 7658 8013
9599 7662 8012
9624 7669 8010
9649 7670 8008
9674 7656 8006
9699 7659 8001
9724 7662 8000
9749 7661 7999
9774 7652 7997
9799 7656 7996
9824 7660 7993
9849 7660 7992
9874 7659 7990
9899 7663 7987
9924 7665 7983
9949 7632 7981
9974 7618 7981
9999 7620 7981
10024 7632 7978
10049 7645 7976
10074 7652 7974
10099 7656 7972
10124 7658 7972
10149 7594 7971
10174 7563 7970
10199 7567 7970
10224 7583 7969
10249 7594 7968
10274 7600 7965
10299 7609 7964
10324 7615 7963
10349 7554 7960
10374 7516 7958
10399 7523 7954
10424 7535 7953
10449 7537 7951
10474 7549 7951
10499 7556 7945
10524 7561 7941
10549 7510 7936
10574 7475 7934
10599 7479 7933
10624 7496 7930
10649 7509 7930
10674 7517 7927
10699 7521 7922
10724 7526 7918
10749 7467 7917
10774 7426 7917
10799 7430 7915
10824 7443 7912
10849 7453 7907
10874 7462 7903
10899 7467 7900
10924 7478 7898
10949 7436 7895
10974 7397 7890
10999 7401 7890
11024 7412 7888
11049 7423 7885
11074 7429 7883
11099 7436 7881
11124 7438 7880
11149 7396 7875
11174 7351 7873
11199 7359 7871
11224 7363 7868
11249 7376 7867
11274 7385 7862
11299 7391 7860
11324 7397 7860
11349 7353 7860
11374 7315 7860
11399 7318 7856
11424 7327 7855
11449 7332 7854
11474 7340 7852
11499 7348 7852
11524 7347 7850
11549 7309 7848
11574 7273 7845
11599 7278 7845
11624 7280 7840
11649 7287 7836
11674 7293 7835
11699 7300 7834
11724 7303 7833
11749 7269 7832
11774 7232 7830
11799 7240 7825
11824 7245 7825
11849 7247 7822
11874 7258 7821
11899 7264 7820
11924 7269 7819
11949 7239 7813
11974 7190 7811
11999 7195 7810
12024 7205 7803
12049 7212 7799
12074 7217 7798
12099 7219 7794
12124 7222 7793
12149 7194 7789
12174 7157 7787
12199 7157 7785
12224 7163 7783
12249 7171 7781
12274 7174 7780
12299 7180 7779
12324 7184 7777
12349 7166 7772
12374 7135 7766
12399 7143 7765
12424 7150 7761
12449 7155 7756
12474 7164 7754
12499 7167 7751
12524 7170 7749
12549 7135 7745
12574 7097 7743
12599 7102 7739
12624 7108 7739
12649 7112 7738
12674 7119 7737
12699 7127 7736
12724 7135 7735
12749 7101 7734
12774 7065 7731
12799 7069 7727
12824 7073 7723
12849 7077 7720
12874 7085 7717
12899 7091 7712
12924 7098 7710
12949 7053 7707
12974 7029 7702
12999 7031 7698
13024 7037 7693
13049 7047 7686
13074 7054 7686
13099 7065 7684
13124 7073 7683
13149 7022 7679
13174 6997 7677
13199 6996 7672
13224 7003 7671
13249 7005 7666
13274 7010 7664
13299 7015 7663
13324 7020 7661
13349 6984 7656
13374 6965 7656
13399 6968 7652
13424 6975 7650
13449 6981 7647
13474 6991 7644
13499 6995 7640
13524 6996 7637
13549 6967 7633
13574 6941 7631
13599 6942 7628
13624 6947 7626
13649 6952 7624
13674 6958 7621
13699 6965 7618
13724 6969 7613
13749 6937 7611
13774 6916 7606
13799 6920 7601
13824 6927 7600
13849 6939 7596
13874 6946 7594
13899 6952 7586
13924 6952 7583
13949 6904 7578
13974 6879 7571
13999 6880 7568
14024 6884 7566
14049 6892 7563
14074 6897 7562
14099 6906 7553
14124 6910 7550
14149 6878 7549
14174 6846 7549
14199 6848 7546
14224 6856 7543
14249 6859 7542
14274 6864 7540
14299 6871 7538
14324 6884 7535
14349 6850 7529
14374 6824 7525
14399 6826 7523
14424 6832 7520
14449 6835 7519
14474 6844 7517
14499 6851 7515
14524 6855 7511
14549 6819 7508
14574 6799 7505
14599 6809 7501
14624 6811 7498
14649 6814 7494
14674 6818 7492
14699 6821 7490
14724 6830 7488
14749 6799 7486
14774 6776 7482
14799 6780 7478
14824 6786 7474
14849 6792 7471
14874 6797 7471
14899 6798 7468
14924 6800 7465
14949 6775 7462
14974 6754 7457
14999 6759 7455
15024 6763 7453
15049 6769 7452
15074 6771 7447
15099 6773 7442
15124 6777 7437
15149 6760 7436
15174 6739 7432
15199 6747 7429
15224 6757 7428
15249 6760 7425
15274 6763 7423
15299 6770 7420
15324 6768 7415
15349 6744 7412
15374 6717 7412
15399 6722 7407
15424 6729 7402
15449 6732 7397
15474 6736 7395
15499 6745 7393
15524 6745 7390
15549 6717 7386
15574 6694 7384
15599 6696 7380
15624 6702 7373
15649 6707 7368
15674 6710 7364
15699 6714 7360
15724 6716 7357
15749 6699 7356
15774 6679 7353
15799 6679 7349
15824 6687 7345
15849 6694 7344
15874 6699 7340
15899 6702 7335
15924 6704 7330
15949 6684 7325
15974 6665 7320
15999 6666 7319
16024 6665 7318
16049 6673 7313
16074 6677 7311
16099 6685 7306
16124 6690 7302
16149 6671 7299
16174 6653 7291
16199 6658 7289
16224 6660 7285
16249 6667 7281
16274 6670 7278
16299 6671 7274
16324 6673 7271
16349 6659 7270
16374 6635 7269
16399 6635 7268
16424 6640 7265
16449 6647 7260
16474 6651 7256
16499 6654 7254
16524 6658 7252
16549 6645 7251
16574 6628 7246
16599 6629 7245
16624 6634 7245
16649 6638 7239
16674 6645 7232
16699 6651 7230
16724 6654 7228
16749 6645 7225
16774 6622 7222
16799 6624 7220
16824 6625 7220
16849 6629 7217
16874 6634 7212
16899 6639 7212
16924 6642 7208
16949 6634 7204
16974 6609 7201
16999 6611 7196
17024 6618 7193
17049 6619 7191
17074 6620 7187
17099 6622 7185
17124 6628 7180
17149 6620 7175
17174 6607 7174
17199 6610 7169
17224 6614 7167
17249 6615 7163
17274 6622 7159
17299 6623 7159
17324 6624 7159
17349 6611 7157
17374 6593 7153
17399 6594 7151
17424 6596 7148
17449 6602 7146
17474 6604 7142
17499 6608 7141
17524 6612 7136
17549 6605 7132
17574 6590 7129
17599 6593 7126
17624 6594 7123
17649 6602 7122
17674 6604 7119
17699 6605 7117
17724 6610 7113
17749 6605 7112
17774 6595 7109
17799 6596 7106
17824 6597 7103
17849 6599 7102
17874 6610 7097
17899 6613 7094
17924 6614 7092
17949 6604 7091
17974 6594 7090
17999 6599 7086
18024 6604 7084
18049 6609 7083
18074 6616 7081
18099 6619 7079
18124 6623 7077
18149 6612 7076
18174 6592 7074
18199 6592 7069
18224 6593 7067
18249 6601 7064
18274 6606 7060
18299 6606 7059
18324 6611 7053
18349 6606 7052
18374 6588 7049
18399 6589 7045
18424 6595 7045
18449 6597 7044
18474 6601 7042
18499 6607 7041
18524 6609 7039
18549 6609 7036
18574 6588 7034
18599 6594 7032
18624 6597 7031
18649 6604 7030
18674 6606 7030
18699 6608 7029
18724 6611 7026
18749 6608 7024
18774 6597 7022
18799 6601 7020
18824 6609 7020
18849 6612 7019
18874 6619 7016
18899 6624 7011
18924 6630 7009
18949 6625 7008
18974 6604 7007
18999 6605 7005
19024 6607 7002
19049 6609 6998
19074 6612 6995
19099 6614 6993
19124 6616 6992
19149 6615 6990
19174 6608 6989
19199 6612 6988
19224 6616 6986
19249 6622 6983
19274 6624 6983
19299 6626 6980
19324 6630 6980
19349 6630 6978
19374 6624 6974
19399 6626 6971
19424 6629 6970
19449 6640 6967
19474 6641 6967
19499 6647 6965
19524 6651 6960
19549 6643 6956
19574 6645 6954
19599 6646 6952
19624 6649 6950
19649 6656 6949
19674 6663 6949
19699 6665 6947
19724 6669 6946
19749 6646 6945
19774 6637 6945
19799 6645 6942
19824 6653 6939
19849 6661 6939
19874 6667 6937
19899 6669 6935
19924 6673 6932
19949 6660 6932
19974 6651 6932
19999 6654 6930
20024 6661 6930
20049 6659 6929
20074 6658 6928
20099 6661 6927
20124 6670 6925
20149 6664 6925
20174 6668 6923
20199 6673 6921
20224 6674 6920
20249 6644 6919
20274 6636 6917
20299 6646 6914
20324 6658 6912
20349 6662 6910
20374 6665 6909
20399 6681 6907
20424 6683 6906
20449 6625 6905
20474 6596 6903
20499 6607 6902
20524 6614 6900
20549 6623 6898
20574 6634 6898
20599 6646 6897
20624 6647 6896
20649 6590 6895
20674 6561 6892
20699 6572 6891
20724 6578 6891
20749 6587 6888
20774 6594 6888
20799 6598 6887
20824 6604 6884
20849 6561 6884
20874 6541 6882
20899 6546 6880
20924 6558 6877
20949 6567 6875
20974 6571 6874
20999 6580 6871
21024 6580 6870
21049 6536 6870
21074 6506 6866
21099 6512 6864
21124 6519 6862
21149 6529 6861
21174 6536 6859
21199 6540 6859
21224 6532 6858
21249 6511 6857
21274 6478 6856
21299 6487 6856
21324 6496 6855
21349 6503 6853
21374 6507 6850
21399 6516 6847
21424 6510 6846
21449 6486 6845
21474 6454 6844
21499 6460 6842
21524 6464 6842
21549 6468 6841
21574 6470 6840
21599 6476 6839
21624 6477 6839
21649 6455 6837
21674 6432 6835
21699 6434 6834
21724 6437 6831
21749 6448 6829
21774 6453 6828
21799 6459 6828
21824 6455 6827
21849 6430 6827
21874 6407 6827
21899 6408 6826
21924 6413 6826
21949 6416 6825
21974 6417 6824
21999 6419 6823
22024 6424 6820
22049 6405 6820
22074 6383 6819
22099 6384 6816
22124 6388 6813
22149 6391 6812
22174 6403 6812
22199 6406 6812
22224 6410 6810
22249 6380 6808
22274 6356 6807
22299 6359 6806
22324 6363 6805
22349 6370 6805
22374 6374 6805
22399 6381 6804
22424 6378 6803
22449 6357 6802
22474 6331 6801
22499 6334 6800
22524 6336 6796
22549 6339 6795
22574 6340 6793
22599 6342 6792
22624 6344 6789
22649 6333 6789
22674 6315 6787
22699 6315 6784
22724 6317 6784
22749 6319 6781
22774 6321 6777
22799 6322 6775
22824 6327 6774
22849 6314 6769
22874 6289 6769
22899 6290 6768
22924 6290 6768
22949 6293 6767
22974 6299 6767
22999 6303 6766
23024 6303 6764
23049 6290 6763
23074 6262 6761
23099 6263 6760
23124 6267 6759
23149 6269 6756
23174 6272 6754
23199 6277 6752
23224 6283 6751
23249 6263 6750
23274 6248 6747
23299 6246 6746
23324 6248 6743
23349 6252 6742
23374 6260 6741
23399 6262 6741
23424 6261 6739
23449 6244 6739
23474 6227 6736
23499 6231 6736
23524 6232 6734
23549 6234 6730
23574 6236 6728
23599 6240 6725
23624 6242 6725
23649 6228 6723
23674 6210 6722
23699 6215 6720
23724 6218 6718
23749 6225 6714
23774 6231 6714
23799 6235 6712
23824 6236 6711
23849 6209 6709
23874 6189 6708
23899 6189 6708
23924 6193 6707
23949 6199 6704
23974 6205 6702
23999 6206 6699
24024 6207 6697
24049 6194 6695
24074 6173 6695
24099 6171 6694
24124 6177 6691
24149 6180 6688
24174 6184 6688
24199 6189 6688
24224 6191 6688
24249 6178 6687
24274 6159 6686
24299 6163 6683
24324 6169 6681
24349 6172 6678
24374 6175 6676
24399 6177 6676
24424 6181 6676
24449 6165 6675
24474 6139 6673
24499 6141 6671
24524 6144 6671
24549 6150 6669
24574 6153 6667
24599 6157 6666
24624 6157 6665
24649 6145 6664
24674 6128 6662
24699 6130 6662
24724 6135 6661
24749 6140 6660
24774 6144 6660
24799 6147 6658
24824 6145 6658
24849 6137 6654
24874 6106 6653
24899 6111 6650
24924 6113 6649
24949 6114 6649
24974 6116 6649
24999 6116 6648
25024 6120 6646
25049 6117 6641
25074 6096 6640
25099 6097 6638
25124 6101 6635
25149 6107 6633
25174 6111 6633
25199 6112 6632
25224 6113 6628
25249 6101 6628
25274 6084 6626
25299 6088 6624
25324 6088 6624
25349 6091 6622
25374 6093 6621
25399 6098 6617
25424 6102 6616
25449 6090 6612
25474 6072 6612
25499 6079 6611
25524 6082 6608
25549 6085 6608
25574 6090 6607
25599 6093 6604
25624 6097 6602
25649 6082 6602
25674 6060 6601
25699 6062 6598
25724 6063 6596
25749 6065 6594
25774 6068 6592
25799 6072 6587
25824 6077 6582
25849 6067 6579
25874 6046 6578
25899 6054 6575
25924 6059 6573
25949 6060 6571
25974 6063 6569
25999 6065 6566
26024 6067 6565
26049 6054 6565
26074 6040 6562
26099 6042 6562
26124 6049 6561
26149 6059 6557
26174 6064 6555
26199 6069 6551
26224 6075 6548
26249 6056 6546
26274 6037 6543
26299 6041 6542
26324 6043 6541
26349 6048 6539
26374 6056 6538
26399 6055 6538
26424 6057 6537
26449 6045 6536
26474 6026 6533
26499 6027 6529
26524 6031 6528
26549 6035 6528
26574 6039 6528
26599 6049 6526
26624 6050 6522
26649 6043 6518
26674 6023 6518
26699 6028 6516
26724 6033 6514
26749 6036 6514
26774 6041 6512
26799 6044 6510
26824 6045 6509
26849 6037 6506
26874 6021 6503
26899 6024 6501
26924 6028 6499
26949 6030 6498
26974 6031 6497
26999 6035 6496
27024 6038 6492
27049 6029 6490
27074 6006 6489
27099 6007 6487
27124 6010 6485
27149 6017 6482
27174 6018 6482
27199 6021 6480
27224 6024 6477
27249 6017 6476
27274 6002 6475
27299 6003 6473
27324 6009 6470
27349 6013 6467
27374 6018 6466
27399 6017 6464
27424 6020 6463
27449 6017 6460
27474 6004 6459
27499 6005 6458
27524 6005 6455
27549 6008 6455
27574 6012 6452
27599 6014 6450
27624 6019 6447
27649 6019 6445
27674 6009 6443
27699 6011 6441
27724 6014 6441
27749 6022 6440
27774 6025 6438
27799 6026 6437
27824 6032 6435
27849 6029 6433
27874 6007 6431
27899 6010 6429
27924 6012 6429
27949 6017 6427
27974 6023 6426
27999 6025 6423
28024 6025 6423
28049 6023 6421
28074 6008 6418
28099 6011 6416
28124 6016 6415
28149 6019 6414
28174 6023 6413
28199 6027 6413
28224 6033 6413
28249 6027 6413
28274 6018 6410
28299 6021 6410
28324 6026 6409
28349 6031 6407
28374 6033 6404
28399 6035 6404
28424 6040 6401
28449 6032 6397
28474 6020 6395
28499 6025 6393
28524 6032 6391
28549 6038 6389
28574 6042 6389
28599 6045 6389
28624 6052 6388
28649 6044 6385
28674 6027 6382
28699 6028 6381
28724 6033 6380
28749 6042 6379
28774 6046 6377
28799 6053 6376
28824 6054 6375
28849 6040 6373
28874 6030 6371
28899 6031 6370
28924 6037 6368
28949 6043 6368
28974 6049 6368
28999 6052 6363
29024 6058 6363
29049 6048 6362
29074 6037 6360
29099 6039 6357
29124 6048 6357
29149 6053 6356
29174 6054 6354
29199 6061 6352
29224 6066 6351
29249 6054 6349
29274 6035 6348
29299 6036 6348
29324 6039 6345
29349 6046 6343
29374 6052 6343
29399 6057 6343
29424 6061 6342
29449 6057 6339
29474 6058 6339
29499 6068 6339
29524 6073 6337
29549 6077 6337
29574 6087 6333
29599 6094 6333
29624 6096 6331
29649 6076 6330
29674 6061 6327
29699 6068 6327
29724 6077 6325
29749 6084 6324
29774 6089 6322
29799 6096 6321
29824 6101 6321
29849 6080 6321
29874 6074 6321
29899 6081 6321
29924 6093 6321
29949 6085 6319
29974 6072 6318
29999 6079 6314
30024 6094 6312
30049 6084 6312
30074 6094 6310
30099 6096 6308
30124 6104 6307
30149 6062 6306
30174 6045 6305
30199 6052 6304
30224 6059 6304
30249 6070 6304
30274 6077 6303
30299 6083 6303
30324 6092 6303
30349 6042 6302
30374 6008 6302
30399 6019 6300
30424 6034 6299
30449 6042 6299
30474 6056 6296
30499 6065 6296
30524 6076 6295
30549 6017 6295
30574 5990 6295
30599 6000 6295
30624 6014 6295
30649 6022 6294
30674 6038 6293
30699 6054 6292
30724 6060 6291
30749 5991 6290
30774 5969 6289
30799 5974 6287
30824 5984 6285
30849 6001 6285
30874 6009 6283
30899 6017 6281
30924 6017 6281
30949 5961 6280
30974 5927 6280
30999 5934 6280
31024 5946 6280
31049 5962 6276
31074 5974 6276
31099 5980 6274
31124 5981 6272
31149 5931 6271
31174 5901 6268
31199 5910 6268
31224 5922 6267
31249 5933 6264
31274 5947 6263
31299 5962 6263
31324 5952 6262
31349 5911 6259
31374 5877 6257
31399 5880 6257
31424 5885 6257
31449 5898 6256
31474 5903 6255
31499 5907 6252
31524 5905 6251
31549 5874 6250
31574 5856 6248
31599 5858 6248
31624 5861 6248
31649 5870 6248
31674 5880 6246
31699 5881 6245
31724 5884 6243
31749 5863 6241
31774 5841 6239
31799 5847 6237
31824 5847 6237
31849 5855 6236
31874 5859 6235
31899 5868 6234
31924 5863 6234
31949 5825 6234
31974 5813 6233
31999 5813 6232
32024 5819 6231
32049 5827 6230
32074 5829 6230
32099 5834 6230
32124 5831 6229
32149 5798 6229
32174 5783 6228
32199 5788 6226
32224 5794 6226
32249 5799 6225
32274 5805 6225
32299 5811 6224
32324 5808 6222
32349 5781 6219
32374 5764 6219
32399 5768 6218
32424 5772 6218
32449 5780 6217
32474 5784 6217
32499 5787 6216
32524 5788 6215
32549 5765 6211
32574 5750 6210
32599 5748 6207
32624 5750 6205
32649 5753 6204
32674 5758 6203
32699 5762 6203
32724 5760 6202
32749 5740 6199
32774 5731 6199
32799 5729 6198
32824 5737 6197
32849 5742 6194
32874 5747 6193
32899 5753 6193
32924 5752 6192
32949 5719 6191
32974 5712 6190
32999 5719 6188
33024 5727 6187
33049 5732 6186
33074 5736 6186
33099 5739 6182
33124 5732 6182
33149 5698 6180
33174 5678 6179
33199 5682 6178
33224 5689 6177
33249 5694 6176
33274 5695 6175
33299 5697 6175
33324 5699 6175
33349 5687 6175
33374 5665 6171
33399 5670 6169
33424 5673 6166
33449 5678 6166
33474 5682 6165
33499 5689 6165
33524 5688 6164
33549 5671 6163
33574 5653 6163
33599 5655 6162
33624 5659 6162
33649 5663 6162
33674 5667 6159
33699 5668 6158
33724 5668 6157
33749 5647 6157
33774 5631 6155
33799 5634 6155
33824 5638 6154
33849 5643 6154
33874 5650 6153
33899 5653 6151
33924 5653 6149
33949 5631 6147
33974 5617 6145
33999 5619 6143
34024 5622 6143
34049 5629 6142
34074 5633 6141
34099 5637 6139
34124 5640 6136
34149 5615 6134
34174 5600 6132
34199 5602 6130
34224 5608 6128
34249 5612 6127
34274 5615 6126
34299 5618 6124
34324 5620 6124
34349 5597 6123
34374 5582 6120
34399 5585 6119
34424 5586 6118
34449 5591 6118
34474 5595 6116
34499 5600 6115
34524 5602 6112
34549 5588 6111
34574 5570 6108
34599 5575 6106
34624 5578 6102
34649 5583 6101
34674 5587 6101
34699 5593 6099
34724 5591 6098
34749 5567 6096
34774 5549 6096
34799 5556 6094
34824 5561 6093
34849 5568 6088
34874 5578 6087
34899 5583 6086
34924 5579 6084
34949 5561 6082
34974 5537 6078
34999 5538 6077
35024 5542 6076
35049 5547 6073
35074 5553 6071
35099 5560 6071
35124 5557 6069
35149 5542 6069
35174 5524 6066
35199 5529 6064
35224 5531 6063
35249 5533 6063
35274 5536 6062
35299 5538 6061
35324 5545 6057
35349 5533 6052
35374 5520 6050
35399 5521 6048
35424 5525 6048
35449 5528 6047
35474 5530 6044
35499 5531 6042
35524 5528 6038
35549 5513 6037
35574 5499 6032
35599 5502 6029
35624 5505 6029
35649 5513 6027
35674 5518 6022
35699 5520 6019
35724 5522 6019
35749 5513 6016
35774 5493 6015
35799 5499 6013
35824 5503 6010
35849 5505 6009
35874 5509 6009
35899 5515 6008
35924 5519 6006
35949 5502 6003
35974 5485 6002
35999 5487 6002
36024 5493 5998
36049 5497 5997
36074 5505 5995
36099 5509 5992
36124 5509 5991
36149 5493 5988
36174 5484 5986
36199 5483 5984
36224 5485 5982
36249 5489 5981
36274 5493 5981
36299 5497 5980
36324 5501 5978
36349 5483 5978
36374 5469 5975
36399 5469 5975
36424 5473 5973
36449 5475 5973
36474 5476 5971
36499 5480 5968
36524 5485 5967
36549 5479 5964
36574 5458 5963
36599 5459 5963
36624 5468 5962
36649 5471 5962
36674 5472 5962
36699 5478 5960
36724 5482 5957
36749 5472 5956
36774 5457 5952
36799 5461 5950
36824 5468 5950
36849 5468 5949
36874 5472 5947
36899 5474 5946
36924 5476 5944
36949 5474 5942
36974 5458 5941
36999 5461 5940
37024 5463 5937
37049 5465 5936
37074 5468 5934
37099 5474 5933
37124 5476 5931
37149 5474 5927
37174 5464 5924
37199 5464 5922
37224 5468 5921
37249 5470 5921
37274 5471 5920
37299 5478 5917
37324 5480 5914
37349 5470 5911
37374 5456 5905
37399 5459 5905
37424 5460 5903
37449 5463 5903
37474 5470 5901
37499 5480 5898
37524 5480 5898
37549 5467 5896
37574 5453 5894
37599 5456 5893
37624 5458 5891
37649 5463 5889
37674 5468 5887
37699 5473 5884
37724 5476 5882
37749 5465 5878
37774 5452 5875
37799 5456 5873
37824 5454 5872
37849 5457 5871
37874 5463 5868
37899 5466 5866
37924 5472 5862
37949 5465 5861
37974 5461 5861
37999 5465 5860
38024 5468 5859
38049 5472 5858
38074 5478 5856
38099 5484 5854
38124 5492 5851
38149 5467 5850
38174 5449 5849
38199 5459 5846
38224 5464 5845
38249 5463 5845
38274 5467 5845
38299 5470 5843
38324 5474 5841
38349 5469 5841
38374 5456 5840
38399 5457 5839
38424 5462 5836
38449 5470 5835
38474 5475 5835
38499 5480 5834
38524 5485 5833
38549 5473 5833
38574 5467 5832
38599 5467 5830
38624 5472 5830
38649 5477 5829
38674 5483 5827
38699 5487 5827
38724 5493 5826
38749 5481 5826
38774 5463 5826
38799 5465 5824
38824 5467 5824
38849 5471 5823
38874 5476 5823
38899 5479 5823
38924 5483 5823
38949 5483 5822
38974 5477 5820
38999 5480 5819
39024 5489 5818
39049 5495 5817
39074 5499 5814
39099 5507 5814
39124 5514 5813
39149 5503 5812
39174 5476 5812
39199 5479 5811
39224 5489 5811
39249 5497 5809
39274 5505 5809
39299 5512 5809
39324 5515 5808
39349 5506 5804
39374 5493 5803
39399 5499 5802
39424 5504 5802
39449 5508 5801
39474 5514 5799
39499 5521 5799
39524 5525 5799
39549 5516 5796
39574 5507 5796
39599 5513 5794
39624 5526 5792
39649 5536 5791
39674 5541 5791
39699 5550 5789
39724 5557 5783
39749 5531 5783
39774 5508 5783
39799 5513 5781
39824 5526 5780
39849 5531 5778
39874 5546 5776
39899 5556 5774
39924 5565 5772
39949 5547 5770
39974 5527 5770
39999 5535 5768
