Iteration / Electron np / Ion np
199 9786 9980
399 9755 9933
599 9722 9879
799 9682 9831
999 9633 9791
1199 9599 9759
1399 9572 9712
1599 9530 9681
1799 9494 9659
1999 9461 9627
2199 9453 9598
2399 9411 9576
2599 9386 9554
2799 9362 9531
2999 9334 9511
3199 9327 9488
3399 9310 9461
3599 9282 9444
3799 9257 9430
3999 9245 9406
4199 9220 9387
4399 9197 9366
4599 9188 9346
4799 9173 9329
4999 9144 9313
5199 9135 9299
5399 9122 9288
5599 9109 9267
5799 9090 9252
5999 9079 9228
6199 9073 9221
6399 9056 9202
6599 9058 9190
6799 9039 9168
6999 9028 9159
7199 9016 9145
7399 9004 9132
7599 9003 9119
7799 8989 9104
7999 8984 9093
8199 8981 9084
8399 8976 9073
8599 8968 9065
8799 8965 9057
8999 8962 9048
9199 8956 9044
9399 8951 9037
9599 8941 9027
9799 8924 9016
9999 8905 9010
10199 8884 8998
10399 8867 8994
10599 8851 8982
10799 8833 8970
10999 8816 8957
11199 8797 8948
11399 8783 8940
11599 8763 8924
11799 8745 8910
11999 8732 8893
12199 8713 8880
12399 8690 8865
12599 8684 8847
12799 8676 8835
12999 8655 8823
13199 8635 8808
13399 8618 8792
13599 8608 8782
13799 8597 8762
13999 8575 8753
14199 8566 8739
14399 8555 8723
14599 8542 8712
14799 8528 8701
14999 8521 8690
15199 8512 8677
15399 8497 8667
15599 8490 8655
15799 8475 8641
15999 8471 8628
16199 8461 8619
16399 8456 8605
16599 8453 8590
16799 8444 8578
16999 8435 8573
17199 8426 8566
17399 8422 8558
17599 8423 8551
17799 8414 8541
17999 8407 8534
18199 8407 8525
18399 8402 8514
18599 8403 8505
18799 8401 8500
18999 8400 8495
19199 8399 8488
19399 8401 8479
19599 8401 8479
19799 8401 8475
19999 8403 8470
20199 8400 8468
20399 8391 8463
20599 8381 8455
20799 8366 8448
20999 8360 8441
21199 8351 8439
21399 8337 8434
21599 8327 8429
21799 8317 8421
21999 8308 8414
22199 8298 8407
22399 8281 8401
22599 8272 8395
22799 8268 8388
22999 8261 8376
23199 8247 8370
23399 8243 8367
23599 8227 8360
23799 8216 8356
23999 8206 8345
24199 8201 8334
24399 8195 8326
24599 8183 8318
24799 8174 8310
24999 8165 8303
25199 8179 8294
25399 8159 8284
25599 8163 8273
25799 8144 8267
25999 8140 8264
26199 8134 8254
26399 8139 8247
26599 8128 8245
26799 8129 8236
26999 8119 8233
27199 8121 8227
27399 8109 8221
27599 8125 8212
27799 8107 8207
27999 8104 8201
28199 8107 8198
28399 8101 8195
28599 8105 8189
28799 8105 8185
28999 8102 8183
29199 8110 8181
29399 8102 8177
29599 8101 8175
29799 8100 8165
29999 8093 8161
30199 8084 8157
30399 8078 8154
30599 8066 8150
30799 8065 8144
30999 8044 8142
31199 8040 8140
31399 8030 8137
31599 8017 8128
31799 8009 8125
31999 7996 8119
32199 7990 8111
32399 7982 8111
32599 7974 8106
32799 7965 8101
32999 7955 8092
33199 7949 8085
33399 7942 8074
33599 7935 8067
33799 7924 8063
33999 7919 8057
34199 7915 8051
34399 7901 8048
34599 7895 8045
34799 7896 8040
34999 7882 8031
35199 7875 8023
35399 7870 8019
35599 7875 8006
35799 7858 7999
35999 7854 7991
36199 7852 7984
36399 7848 7979
36599 7840 7973
36799 7837 7970
36999 7835 7966
37199 7835 7959
37399 7831 7954
37599 7827 7948
37799 7824 7945
37999 7824 7936
38199 7821 7927
38399 7835 7923
38599 7825 7918
38799 7823 7914
38999 7825 7909
39199 7825 7904
39399 7824 7900
39599 7826 7899
39799 7827 7898
39999 7833 7896
40199 7835 7892
40399 7830 7892
40599 7821 7887
40799 7821 7885
40999 7808 7879
41199 7797 7879
41399 7791 7877
41599 7781 7875
41799 7777 7871
41999 7773 7865
42199 7765 7860
42399 7756 7857
42599 7747 7852
42799 7735 7850
42999 7743 7844
43199 7723 7841
43399 7719 7837
43599 7712 7833
43799 7707 7828
43999 7699 7823
44199 7691 7818
44399 7696 7814
44599 7683 7809
44799 7692 7804
44999 7675 7803
45199 7669 7799
45399 7668 7796
45599 7670 7789
45799 7677 7786
45999 7658 7776
46199 7653 7770
46399 7648 7764
46599 7647 7759
46799 7635 7758
46999 7653 7754
47199 7636 7744
47399 7635 7737
47599 7627 7731
47799 7629 7727
47999 7628 7723
48199 7631 7717
48399 7632 7714
48599 7631 7714
48799 7630 7712
48999 7628 7709
49199 7631 7704
49399 7630 7702
49599 7633 7700
49799 7636 7697
49999 7640 7696
50199 7633 7695
50399 7626 7691
50599 7615 7688
50799 7604 7686
50999 7595 7684
51199 7592 7679
51399 7584 7677
51599 7574 7674
51799 7568 7672
51999 7562 7671
52199 7556 7668
52399 7550 7667
52599 7545 7661
52799 7535 7659
52999 7527 7656
53199 7519 7651
53399 7517 7645
53599 7508 7645
53799 7515 7639
53999 7496 7635
54199 7494 7629
54399 7487 7627
54599 7483 7623
54799 7476 7622
54999 7471 7612
55199 7466 7607
55399 7463 7602
55599 7459 7597
55799 7455 7592
55999 7451 7585
56199 7448 7580
56399 7445 7574
56599 7446 7572
56799 7444 7568
56999 7440 7560
57199 7440 7559
57399 7440 7555
57599 7445 7552
57799 7442 7548
57999 7436 7545
58199 7441 7540
58399 7438 7538
58599 7441 7536
58799 7440 7532
58999 7441 7530
59199 7443 7527
59399 7444 7525
59599 7449 7522
59799 7449 7517
59999 7455 7515
60199 7455 7513
60399 7455 7513
60599 7453 7513
60799 7438 7505
60999 7439 7503
61199 7431 7501
61399 7420 7501
61599 7414 7495
61799 7408 7492
61999 7402 7492
62199 7395 7491
62399 7388 7489
62599 7389 7484
62799 7374 7480
62999 7375 7477
63199 7373 7471
63399 7356 7469
63599 7352 7467
63799 7348 7464
63999 7343 7462
64199 7351 7458
64399 7333 7456
64599 7324 7454
64799 7330 7449
64999 7328 7441
65199 7333 7435
65399 7317 7433
65599 7317 7429
65799 7307 7423
65999 7306 7419
66199 7302 7416
66399 7302 7416
66599 7304 7409
66799 7299 7406
66999 7300 7405
67199 7300 7403
67399 7297 7400
67599 7294 7398
67799 7293 7394
67999 7305 7390
68199 7314 7387
68399 7298 7383
68599 7304 7380
68799 7304 7379
68999 7305 7375
69199 7304 7371
69399 7306 7370
69599 7310 7368
69799 7315 7367
69999 7312 7366
70199 7309 7364
70399 7301 7362
70599 7294 7360
70799 7287 7358
70999 7281 7356
71199 7274 7354
71399 7264 7354
71599 7263 7352
71799 7260 7347
71999 7251 7345
72199 7249 7340
72399 7242 7340
72599 7237 7339
72799 7229 7337
72999 7225 7337
73199 7220 7336
73399 7216 7333
73599 7208 7328
73799 7207 7326
73999 7201 7325
74199 7197 7322
74399 7192 7320
74599 7188 7316
74799 7183 7315
74999 7182 7313
75199 7175 7310
75399 7177 7307
75599 7172 7303
75799 7167 7297
75999 7169 7292
76199 7166 7288
76399 7161 7285
76599 7161 7280
76799 7160 7277
76999 7159 7277
77199 7158 7273
77399 7159 7269
77599 7157 7266
77799 7157 7264
77999 7157 7259
78199 7168 7258
78399 7159 7252
78599 7160 7251
78799 7163 7248
78999 7162 7248
79199 7163 7247
79399 7164 7246
79599 7170 7244
79799 7174 7242
79999 7172 7238
80199 7178 7238
80399 7182 7235
80599 7178 7234
80799 7173 7233
80999 7170 7230
81199 7158 7229
81399 7146 7226
81599 7147 7223
81799 7143 7219
81999 7138 7218
82199 7132 7215
82399 7123 7215
82599 7119 7214
82799 7115 7210
82999 7108 7208
83199 7106 7205
83399 7104 7202
83599 7103 7201
83799 7090 7200
83999 7093 7197
84199 7088 7196
84399 7078 7195
84599 7092 7190
84799 7073 7189
84999 7068 7187
85199 7065 7186
85399 7076 7183
85599 7062 7182
85799 7071 7180
85999 7065 7175
86199 7056 7173
86399 7055 7168
86599 7054 7164
86799 7075 7158
86999 7074 7154
87199 7052 7152
87399 7052 7150
87599 7050 7148
87799 7051 7148
87999 7049 7146
88199 7052 7142
88399 7057 7140
88599 7054 7136
88799 7059 7131
88999 7060 7131
89199 7062 7128
89399 7065 7128
89599 7069 7128
89799 7068 7125
89999 7069 7124
90199 7067 7117
90399 7058 7115
90599 7057 7114
90799 7054 7114
90999 7047 7113
91199 7038 7112
91399 7030 7112
91599 7030 7112
91799 7033 7110
91999 7021 7108
92199 7016 7108
92399 7009 7105
92599 7008 7099
92799 6996 7099
92999 6996 7098
93199 6990 7098
93399 6986 7097
93599 6982 7096
93799 6980 7094
93999 6976 7093
94199 6970 7090
94399 6967 7089
94599 6964 7088
94799 6970 7084
94999 6957 7084
95199 6956 7079
95399 6952 7075
95599 6960 7072
95799 6950 7069
95999 6947 7066
96199 6947 7064
96399 6943 7061
96599 6942 7059
96799 6941 7056
96999 6941 7055
97199 6943 7054
97399 6942 7051
97599 6943 7050
97799 6943 7048
97999 6944 7042
98199 6945 7037
98399 6948 7035
98599 6945 7034
98799 6946 7034
98999 6947 7033
99199 6948 7031
99399 6948 7030
99599 6955 7028
99799 6961 7026
99999 6966 7025
100199 6967 7022
100399 6968 7021
100599 6965 7021
100799 6962 7019
100999 6959 7015
101199 6951 7013
101399 6939 7013
101599 6943 7012
101799 6933 7010
101999 6936 7007
102199 6926 7006
102399 6916 7004
102599 6913 7003
102799 6909 7002
102999 6907 7000
103199 6903 6998
103399 6896 6997
103599 6893 6996
103799 6890 6995
103999 6889 6993
104199 6886 6992
104399 6880 6989
104599 6884 6985
104799 6878 6982
104999 6871 6980
105199 6873 6980
105399 6867 6978
105599 6865 6978
105799 6864 6978
105999 6862 6977
106199 6870 6973
106399 6861 6970
106599 6863 6967
106799 6865 6964
106999 6853 6963
107199 6855 6962
107399 6860 6960
107599 6868 6955
107799 6859 6954
107999 6859 6951
108199 6862 6948
108399 6868 6946
108599 6861 6943
108799 6867 6942
108999 6868 6938
109199 6872 6937
109399 6884 6935
109599 6878 6935
109799 6879 6934
109999 6885 6933
110199 6879 6931
110399 6869 6930
110599 6864 6927
110799 6861 6927
110999 6857 6925
111199 6851 6925
111399 6845 6925
111599 6847 6922
111799 6836 6921
111999 6831 6918
112199 6827 6916
112399 6824 6916
112599 6818 6914
112799 6813 6914
112999 6832 6911
113199 6808 6910
113399 6801 6910
113599 6798 6908
113799 6798 6908
113999 6792 6905
114199 6786 6904
114399 6787 6903
114599 6785 6901
114799 6780 6899
114999 6779 6898
115199 6780 6897
115399 6777 6895
115599 6776 6892
115799 6776 6891
115999 6774 6888
116199 6771 6885
116399 6772 6884
116599 6769 6883
116799 6770 6882
116999 6767 6878
117199 6768 6876
117399 6771 6873
117599 6771 6872
117799 6769 6870
117999 6771 6867
118199 6771 6866
118399 6771 6864
118599 6774 6864
118799 6777 6858
118999 6777 6857
119199 6780 6855
119399 6785 6854
119599 6786 6852
119799 6794 6848
119999 6795 6848
120199 6797 6848
120399 6800 6845
120599 6804 6845
120799 6796 6844
120999 6787 6844
121199 6782 6842
121399 6776 6841
121599 6774 6841
121799 6770 6841
121999 6774 6837
122199 6756 6836
122399 6760 6834
122599 6751 6834
122799 6742 6834
122999 6746 6832
123199 6739 6831
123399 6735 6831
123599 6730 6831
123799 6727 6831
123999 6728 6828
124199 6726 6827
124399 6727 6826
124599 6744 6824
124799 6711 6822
124999 6713 6821
125199 6718 6819
125399 6711 6817
125599 6706 6816
125799 6729 6813
125999 6705 6811
126199 6706 6809
126399 6710 6808
126599 6720 6804
126799 6706 6803
126999 6705 6803
127199 6707 6803
127399 6707 6800
127599 6707 6798
127799 6708 6797
127999 6710 6796
128199 6707 6793
128399 6713 6792
128599 6714 6790
128799 6718 6790
128999 6719 6788
129199 6718 6788
129399 6723 6787
129599 6732 6785
129799 6733 6784
129999 6730 6784
130199 6727 6782
130399 6721 6778
130599 6716 6778
130799 6705 6777
130999 6707 6776
131199 6701 6776
131399 6696 6772
131599 6692 6770
131799 6690 6769
131999 6684 6767
132199 6677 6766
132399 6673 6765
132599 6672 6763
132799 6668 6761
132999 6663 6761
133199 6663 6761
133399 6656 6761
133599 6656 6761
133799 6651 6761
133999 6648 6761
134199 6648 6760
134399 6641 6759
134599 6639 6757
134799 6640 6752
134999 6637 6751
135199 6635 6748
135399 6633 6748
135599 6630 6746
135799 6631 6744
135999 6629 6744
136199 6652 6741
136399 6628 6740
136599 6629 6738
136799 6628 6736
136999 6629 6735
137199 6628 6734
137399 6628 6731
137599 6637 6729
137799 6633 6728
137999 6633 6727
138199 6635 6724
138399 6634 6723
138599 6636 6722
138799 6639 6720
138999 6642 6720
139199 6641 6719
139399 6645 6718
139599 6650 6714
139799 6654 6714
139999 6657 6714
140199 6662 6713
140399 6665 6711
140599 6657 6711
140799 6660 6708
140999 6650 6706
141199 6648 6704
141399 6636 6704
141599 6636 6703
141799 6630 6702
141999 6625 6700
142199 6627 6700
142399 6615 6699
142599 6621 6697
142799 6610 6696
142999 6605 6696
143199 6607 6694
143399 6614 6693
143599 6606 6692
143799 6602 6689
143999 6594 6689
144199 6588 6688
144399 6590 6687
144599 6584 6685
144799 6601 6684
144999 6585 6684
145199 6584 6683
145399 6574 6681
145599 6575 6681
145799 6595 6679
145999 6579 6679
146199 6575 6678
146399 6576 6677
146599 6574 6675
146799 6574 6675
146999 6572 6673
147199 6575 6672
147399 6579 6667
147599 6582 6665
147799 6577 6664
147999 6576 6664
148199 6582 6662
148399 6590 6660
148599 6584 6660
148799 6587 6659
148999 6586 6658
149199 6593 6658
149399 6595 6658
149599 6597 6658
149799 6605 6656
149999 6606 6655
150199 6601 6654
150399 6596 6652
150599 6590 6651
150799 6588 6650
150999 6585 6650
151199 6574 6647
151399 6571 6647
151599 6565 6646
151799 6567 6642
151999 6557 6639
152199 6552 6639
152399 6549 6639
152599 6546 6637
152799 6541 6635
152999 6540 6635
153199 6530 6633
153399 6532 6633
153599 6530 6632
153799 6527 6632
153999 6523 6631
154199 6520 6629
154399 6517 6627
154599 6516 6626
154799 6514 6626
154999 6513 6625
155199 6511 6624
155399 6510 6624
155599 6507 6623
155799 6517 6622
155999 6522 6618
156199 6503 6616
156399 6503 6613
156599 6505 6612
156799 6507 6610
156999 6505 6610
157199 6502 6608
157399 6505 6607
157599 6505 6607
157799 6511 6605
157999 6508 6605
158199 6510 6603
158399 6512 6601
158599 6513 6600
158799 6516 6598
158999 6522 6596
159199 6521 6595
159399 6524 6595
159599 6525 6594
159799 6530 6594
159999 6534 6593
160199 6538 6590
160399 6543 6587
160599 6547 6585
160799 6535 6584
160999 6526 6584
161199 6530 6584
161399 6521 6581
161599 6520 6581
161799 6511 6579
161999 6507 6577
162199 6500 6576
162399 6498 6576
162599 6495 6576
162799 6489 6575
162999 6492 6574
163199 6486 6574
163399 6485 6574
163599 6486 6572
163799 6476 6571
163999 6478 6569
164199 6469 6568
164399 6470 6567
164599 6471 6566
164799 6468 6565
164999 6465 6564
165199 6463 6562
165399 6470 6560
165599 6459 6560
165799 6458 6559
165999 6460 6557
166199 6458 6556
166399 6464 6554
166599 6461 6554
166799 6460 6554
166999 6468 6554
167199 6471 6551
167399 6461 6551
167599 6457 6549
167799 6464 6549
167999 6462 6549
168199 6466 6548
168399 6473 6544
168599 6472 6541
168799 6470 6541
168999 6473 6541
169199 6477 6541
169399 6478 6541
169599 6485 6539
169799 6490 6537
169999 6493 6537
170199 6488 6535
170399 6483 6535
170599 6476 6535
170799 6470 6534
170999 6467 6532
171199 6461 6531
171399 6458 6531
171599 6451 6531
171799 6451 6531
171999 6448 6530
172199 6438 6528
172399 6439 6528
172599 6434 6527
172799 6431 6526
172999 6429 6523
173199 6426 6522
173399 6424 6521
173599 6421 6520
173799 6418 6520
173999 6415 6520
174199 6415 6519
174399 6408 6518
174599 6408 6516
174799 6411 6515
174999 6406 6514
175199 6416 6513
175399 6403 6511
175599 6404 6510
175799 6404 6510
175999 6401 6510
176199 6403 6508
176399 6402 6507
176599 6401 6507
176799 6399 6506
176999 6400 6505
177199 6404 6505
177399 6403 6504
177599 6404 6502
177799 6405 6499
177999 6409 6499
178199 6411 6499
178399 6411 6497
178599 6412 6495
178799 6414 6494
178999 6423 6492
179199 6420 6492
179399 6421 6490
179599 6424 6489
179799 6431 6487
179999 6435 6487
180199 6438 6486
180399 6444 6485
180599 6444 6484
180799 6435 6484
180999 6431 6484
181199 6424 6484
181399 6426 6483
181599 6415 6483
181799 6408 6481
181999 6408 6480
182199 6405 6477
182399 6399 6476
182599 6395 6475
182799 6391 6475
182999 6389 6475
183199 6384 6474
183399 6385 6474
183599 6381 6473
183799 6375 6472
183999 6376 6470
184199 6373 6467
184399 6370 6466
184599 6370 6463
184799 6368 6463
184999 6362 6463
185199 6366 6461
185399 6367 6460
185599 6362 6460
185799 6364 6460
185999 6358 6459
186199 6364 6457
186399 6360 6456
186599 6367 6454
186799 6361 6454
186999 6358 6454
187199 6359 6452
187399 6362 6451
187599 6362 6449
187799 6367 6449
187999 6374 6448
188199 6367 6447
188399 6372 6447
188599 6378 6446
188799 6378 6444
188999 6379 6443
189199 6391 6442
189399 6388 6441
189599 6396 6441
189799 6395 6441
189999 6394 6440
190199 6388 6439
190399 6384 6437
190599 6381 6435
190799 6377 6435
190999 6371 6433
191199 6368 6433
191399 6364 6433
191599 6361 6433
191799 6356 6433
191999 6349 6433
192199 6345 6433
192399 6344 6433
192599 6342 6432
192799 6338 6432
192999 6337 6431
193199 6333 6431
193399 6329 6427
193599 6329 6427
193799 6325 6426
193999 6319 6423
194199 6320 6421
194399 6317 6421
194599 6314 6419
194799 6317 6419
194999 6314 6419
195199 6312 6418
195399 6312 6417
195599 6312 6417
195799 6310 6416
195999 6311 6412
196199 6312 6412
196399 6308 6412
196599 6309 6411
196799 6311 6410
196999 6308 6408
197199 6312 6407
197399 6312 6406
197599 6317 6406
197799 6316 6405
197999 6315 6404
198199 6320 6403
198399 6321 6403
198599 6323 6401
198799 6322 6399
198999 6325 6398
199199 6330 6397
199399 6333 6396
199599 6334 6395
199799 6341 6395
199999 6346 6395
200199 6350 6395
200399 6353 6395
200599 6357 6394
200799 6352 6394
200999 6337 6393
201199 6336 6392
201399 6336 6390
201599 6331 6390
201799 6328 6390
201999 6320 6390
202199 6317 6389
202399 6329 6387
202599 6309 6387
202799 6304 6387
202999 6302 6385
203199 6298 6385
203399 6293 6385
203599 6298 6384
203799 6291 6384
203999 6290 6384
204199 6287 6383
204399 6288 6383
204599 6284 6380
204799 6282 6380
204999 6280 6379
205199 6277 6378
205399 6277 6377
205599 6278 6375
205799 6277 6374
205999 6279 6372
206199 6276 6371
206399 6279 6371
206599 6278 6370
206799 6279 6368
206999 6278 6367
207199 6286 6366
207399 6283 6366
207599 6282 6366
207799 6282 6364
207999 6283 6364
208199 6282 6362
208399 6287 6362
208599 6290 6362
208799 6293 6361
208999 6297 6358
209199 6299 6357
209399 6304 6357
209599 6304 6357
209799 6306 6357
209999 6314 6356
210199 6310 6356
210399 6307 6355
210599 6300 6354
210799 6292 6354
210999 6289 6353
211199 6288 6351
211399 6281 6351
211599 6277 6350
211799 6275 6350
211999 6271 6350
212199 6269 6350
212399 6263 6349
212599 6263 6349
212799 6258 6349
212999 6257 6348
213199 6254 6346
213399 6250 6345
213599 6248 6345
213799 6245 6344
213999 6240 6344
214199 6241 6344
214399 6238 6342
214599 6238 6341
214799 6237 6339
214999 6233 6339
215199 6237 6338
215399 6232 6338
215599 6233 6336
215799 6234 6336
215999 6231 6335
216199 6237 6333
216399 6230 6333
216599 6233 6333
216799 6232 6332
216999 6231 6332
217199 6234 6331
217399 6242 6329
217599 6240 6328
217799 6236 6327
217999 6240 6327
218199 6243 6325
218399 6242 6324
218599 6245 6324
218799 6248 6322
218999 6249 6322
219199 6251 6321
219399 6257 6321
219599 6260 6320
219799 6264 6319
219999 6275 6318
220199 6279 6318
220399 6281 6318
220599 6279 6318
220799 6284 6318
220999 6268 6318
221199 6263 6317
221399 6253 6317
221599 6252 6316
221799 6248 6316
221999 6247 6316
222199 6242 6313
222399 6239 6313
222599 6235 6312
222799 6231 6312
222999 6229 6312
223199 6229 6310
223399 6219 6310
223599 6220 6309
223799 6217 6308
223999 6213 6307
224199 6217 6306
224399 6210 6305
224599 6209 6305
224799 6220 6304
224999 6206 6301
225199 6207 6300
225399 6205 6300
225599 6209 6299
225799 6208 6299
225999 6207 6297
226199 6204 6296
226399 6203 6296
226599 6206 6292
226799 6203 6292
226999 6207 6292
227199 6212 6290
227399 6204 6290
227599 6208 6290
227799 6210 6290
227999 6210 6290
228199 6213 6289
228399 6218 6288
228599 6219 6288
228799 6223 6286
228999 6222 6286
