Iteration / Electron np / Ion np / Electron Inner np / Ion Inner np
0 10000 10000 4987 5032
200 8992 10001 5036 5037
400 8972 9973 5052 5047
600 8950 9940 5071 5055
800 8948 9870 5065 5061
1000 8906 9791 5083 5071
1200 8897 9715 5067 5075
1400 8803 9626 5073 5075
1600 8766 9557 5096 5083
1800 8725 9486 5096 5089
2000 8640 9419 5110 5098
2200 8567 9344 5111 5100
2400 8512 9286 5116 5107
2600 8465 9222 5110 5111
2800 8409 9173 5126 5112
3000 8358 9113 5121 5113
3200 8311 9063 5120 5116
3400 8266 9013 5106 5119
3600 8228 8965 5107 5120
3800 8191 8917 5117 5122
4000 8155 8873 5131 5129
4200 8114 8832 5133 5131
4400 8082 8791 5125 5135
4600 8052 8748 5117 5136
4800 8022 8708 5124 5136
5000 7983 8663 5135 5135
5200 7948 8632 5129 5137
5400 7923 8593 5134 5138
5600 7903 8551 5142 5139
5800 7874 8513 5160 5138
6000 7850 8479 5147 5138
6200 7834 8445 5157 5140
6400 7812 8414 5180 5142
6600 7795 8379 5166 5145
6800 7777 8350 5165 5147
7000 7757 8320 5151 5147
7200 7747 8291 5158 5144
7400 7731 8257 5160 5144
7600 7722 8229 5147 5144
7800 7714 8203 5171 5146
8000 7709 8181 5162 5147
8200 7702 8150 5162 5145
8400 7687 8123 5158 5144
8600 7684 8102 5159 5147
8800 7684 8079 5151 5145
9000 7682 8056 5169 5148
9200 7678 8036 5158 5151
9400 7672 8015 5173 5154
9600 7662 8003 5151 5156
9800 7657 8006 5170 5164
10000 7637 7998 5189 5177
10200 7610 7999 5199 5189
10400 7576 8001 5202 5202
10600 7561 8009 5230 5225
10800 7535 8021 5256 5244
11000 7513 8031 5274 5266
11200 7507 8050 5303 5290
11400 7506 8052 5303 5313
11600 7495 8068 5323 5334
11800 7493 8079 5351 5352
12000 7475 8087 5364 5371
12200 7473 8093 5374 5396
12400 7461 8092 5401 5411
12600 7441 8083 5418 5433
12800 7438 8087 5438 5453
13000 7414 8071 5452 5466
13200 7409 8079 5487 5484
13400 7412 8075 5500 5502
13600 7396 8061 5503 5513
13800 7388 8051 5533 5530
14000 7382 8050 5559 5552
14200 7385 8046 5579 5564
14400 7379 8041 5566 5577
14600 7367 8032 5605 5588
14800 7357 8009 5604 5593
15000 7356 8000 5603 5603
15200 7353 7992 5625 5614
15400 7350 7981 5635 5620
15600 7340 7970 5643 5630
15800 7337 7953 5646 5643
16000 7336 7938 5668 5650
16200 7332 7927 5695 5662
16400 7327 7911 5682 5668
16600 7333 7897 5683 5676
16800 7327 7885 5696 5680
17000 7326 7868 5714 5688
17200 7326 7856 5709 5698
17400 7327 7838 5715 5705
17600 7329 7826 5754 5710
17800 7340 7811 5730 5720
18000 7345 7807 5715 5730
18200 7349 7787 5772 5735
18400 7352 7779 5747 5747
18600 7357 7768 5776 5757
18800 7366 7763 5787 5766
19000 7370 7751 5782 5775
19200 7387 7754 5810 5783
19400 7392 7741 5803 5793
19600 7409 7741 5806 5810
19800 7423 7734 5837 5820
20000 7436 7731 5835 5836
20200 7445 7725 5834 5852
20400 7452 7726 5862 5868
20600 7445 7739 5873 5884
20800 7436 7747 5890 5898
21000 7430 7762 5906 5916
21200 7428 7779 5921 5936
21400 7417 7787 5942 5956
21600 7434 7822 5987 5992
21800 7420 7836 5984 6009
22000 7430 7859 6034 6032
22200 7420 7866 6022 6043
22400 7420 7876 6045 6061
22600 7414 7880 6053 6075
22800 7416 7882 6069 6090
23000 7412 7893 6105 6111
23200 7401 7898 6108 6128
23400 7402 7903 6123 6143
23600 7397 7904 6147 6152
23800 7385 7899 6145 6160
24000 7375 7890 6173 6167
24200 7367 7890 6173 6173
24400 7358 7885 6179 6182
24600 7356 7882 6174 6193
24800 7346 7868 6170 6194
25000 7341 7860 6191 6200
25200 7336 7851 6177 6210
25400 7331 7841 6225 6213
25600 7329 7836 6197 6222
25800 7327 7829 6209 6227
26000 7325 7816 6216 6226
26200 7312 7814 6217 6233
26400 7310 7794 6222 6229
26600 7307 7783 6210 6228
26800 7305 7769 6216 6226
27000 7310 7768 6210 6226
27200 7318 7757 6229 6225
27400 7320 7749 6215 6227
27600 7325 7748 6243 6238
27800 7331 7742 6223 6240
28000 7326 7732 6207 6240
28200 7334 7725 6252 6240
28400 7347 7726 6239 6238
28600 7349 7712 6251 6244
28800 7360 7710 6224 6246
29000 7371 7704 6263 6250
29200 7375 7696 6249 6250
29400 7385 7691 6233 6251
29600 7401 7693 6246 6261
29800 7416 7697 6250 6263
30000 7424 7697 6253 6262
30200 7429 7704 6267 6270
30400 7439 7728 6270 6289
30600 7423 7742 6297 6296
30800 7428 7771 6329 6316
31000 7420 7796 6356 6328
31200 7439 7839 6349 6353
31400 7453 7872 6381 6381
31600 7468 7909 6401 6408
31800 7481 7930 6447 6422
32000 7475 7940 6436 6438
32200 7481 7964 6445 6455
32400 7503 7996 6465 6475
32600 7515 8019 6494 6496
32800 7525 8034 6480 6516
33000 7533 8056 6515 6535
33200 7542 8078 6536 6546
33400 7545 8081 6542 6555
33600 7543 8092 6549 6565
33800 7556 8104 6557 6583
34000 7558 8107 6570 6589
34200 7556 8104 6568 6596
34400 7542 8098 6572 6592
34600 7540 8095 6592 6599
34800 7547 8096 6582 6605
35000 7551 8107 6601 6618
35200 7555 8098 6600 6620
35400 7548 8098 6613 6631
35600 7545 8086 6618 6633
35800 7545 8074 6615 6626
36000 7551 8074 6626 6638
36200 7555 8071 6638 6642
36400 7559 8066 6609 6636
36600 7557 8056 6618 6635
36800 7558 8047 6619 6628
37000 7561 8039 6610 6626
37200 7564 8022 6624 6623
37400 7565 8017 6634 6622
37600 7567 8018 6624 6628
37800 7571 8006 6622 6627
38000 7578 7997 6632 6627
38200 7584 7985 6612 6620
38400 7589 7975 6607 6615
38600 7609 7986 6605 6623
38800 7625 7981 6605 6623
39000 7641 7985 6608 6621
39200 7645 7977 6619 6611
39400 7668 7990 6595 6617
39600 7686 7997 6607 6616
39800 7702 7997 6596 6619
40000 7709 8000 6612 6623
40200 7724 8010 6640 6628
40400 7748 8030 6629 6637
40600 7761 8051 6662 6641
40800 7770 8078 6648 6654
41000 7775 8101 6669 6676
41200 7765 8119 6677 6680
41400 7774 8151 6668 6702
41600 7780 8176 6738 6721
41800 7782 8195 6726 6729
42000 7797 8228 6739 6749
42200 7795 8246 6765 6752
42400 7789 8263 6760 6764
42600 7795 8278 6774 6773
42800 7805 8290 6781 6785
43000 7802 8299 6776 6792
43200 7809 8306 6803 6789
43400 7778 8304 6793 6790
43600 7775 8295 6788 6794
43800 7779 8297 6789 6801
44000 7786 8300 6803 6809
44200 7773 8293 6816 6809
44400 7764 8290 6818 6804
44600 7768 8296 6814 6811
44800 7761 8291 6799 6811
45000 7766 8288 6817 6816
45200 7751 8278 6808 6819
45400 7754 8268 6816 6821
45600 7742 8260 6801 6821
45800 7747 8251 6821 6819
46000 7738 8235 6821 6818
46200 7746 8239 6807 6816
46400 7746 8234 6817 6816
46600 7743 8224 6812 6815
46800 7736 8220 6804 6813
47000 7745 8207 6804 6807
47200 7745 8195 6771 6794
47400 7745 8182 6770 6785
47600 7744 8177 6764 6787
47800 7749 8172 6764 6781
48000 7763 8169 6768 6773
48200 7767 8162 6766 6767
48400 7772 8156 6758 6765
48600 7784 8153 6774 6764
48800 7789 8146 6740 6755
49000 7799 8137 6746 6749
49200 7804 8131 6732 6747
49400 7817 8129 6737 6739
49600 7831 8134 6749 6743
49800 7848 8135 6752 6746
50000 7867 8144 6725 6737
50200 7870 8140 6743 6739
50400 7852 8151 6738 6737
50600 7851 8167 6757 6737
50800 7851 8201 6757 6763
51000 7843 8214 6767 6770
51200 7847 8238 6752 6788
51400 7851 8266 6782 6801
51600 7863 8293 6808 6819
51800 7871 8313 6821 6822
52000 7876 8342 6810 6823
52200 7884 8364 6820 6840
52400 7895 8381 6840 6844
52600 7899 8400 6839 6853
52800 7898 8409 6852 6863
53000 7902 8424 6893 6878
53200 7904 8439 6865 6885
53400 7910 8445 6885 6898
53600 7910 8449 6889 6900
53800 7912 8450 6881 6898
54000 7912 8453 6883 6900
54200 7904 8460 6896 6906
54400 7909 8460 6888 6902
54600 7900 8448 6879 6901
54800 7903 8442 6870 6894
55000 7893 8436 6879 6890
55200 7901 8435 6872 6896
55400 7897 8430 6890 6902
55600 7898 8433 6877 6906
55800 7904 8423 6897 6898
56000 7893 8417 6896 6895
56200 7886 8405 6872 6882
56400 7886 8396 6869 6873
56600 7898 8391 6876 6875
56800 7887 8376 6874 6865
57000 7882 8366 6844 6860
57200 7887 8356 6831 6848
57400 7889 8343 6846 6836
57600 7887 8336 6832 6826
57800 7886 8316 6805 6812
58000 7889 8308 6823 6805
58200 7894 8296 6803 6799
58400 7900 8286 6786 6792
58600 7901 8275 6777 6776
58800 7908 8265 6763 6775
59000 7909 8257 6763 6763
59200 7920 8249 6750 6760
59400 7932 8254 6733 6750
59600 7941 8248 6721 6735
59800 7953 8243 6729 6733
60000 7970 8251 6725 6735
60200 7981 8253 6738 6727
60400 7978 8257 6734 6717
60600 7976 8261 6723 6714
60800 7954 8263 6724 6714
61000 7946 8277 6722 6712
61200 7936 8296 6731 6715
61400 7926 8310 6715 6705
61600 7923 8331 6714 6718
61800 7918 8348 6709 6730
62000 7929 8364 6718 6734
62200 7930 8394 6763 6754
62400 7926 8406 6762 6758
62600 7931 8417 6755 6776
62800 7935 8431 6792 6778
63000 7934 8441 6787 6780
63200 7927 8447 6765 6778
63400 7925 8445 6784 6781
63600 7924 8452 6767 6782
63800 7916 8454 6789 6782
64000 7905 8447 6776 6780
64200 7894 8447 6752 6779
64400 7905 8452 6783 6784
64600 7893 8442 6762 6778
64800 7886 8427 6770 6767
65000 7876 8423 6778 6758
65200 7874 8417 6751 6760
65400 7862 8405 6733 6749
65600 7859 8398 6746 6746
65800 7851 8380 6748 6732
66000 7838 8369 6713 6725
66200 7835 8355 6726 6719
66400 7836 8344 6708 6715
66600 7836 8333 6708 6713
66800 7832 8326 6704 6705
67000 7830 8306 6687 6696
67200 7838 8295 6693 6687
67400 7825 8279 6654 6670
67600 7822 8266 6658 6652
67800 7827 8254 6644 6643
68000 7836 8246 6636 6639
68200 7846 8242 6636 6629
68400 7846 8234 6621 6626
68600 7852 8220 6621 6619
68800 7859 8208 6591 6607
69000 7869 8213 6605 6608
69200 7882 8208 6600 6598
69400 7887 8203 6582 6586
69600 7898 8202 6598 6576
69800 7914 8197 6572 6574
70000 7930 8205 6590 6576
70200 7938 8217 6599 6587
70400 7920 8220 6592 6583
70600 7909 8239 6597 6591
70800 7902 8252 6576 6595
71000 7907 8286 6619 6613
71200 7906 8307 6623 6626
71400 7909 8332 6624 6635
71600 7915 8354 6653 6650
71800 7911 8369 6629 6653
72000 7908 8393 6654 6661
72200 7914 8405 6649 6668
72400 7925 8416 6641 6672
72600 7916 8435 6665 6679
72800 7914 8435 6672 6678
73000 7912 8440 6674 6673
73200 7899 8438 6666 6675
73400 7903 8459 6674 6690
73600 7904 8458 6663 6684
73800 7891 8459 6668 6679
74000 7886 8458 6653 6675
74200 7873 8443 6648 6662
74400 7864 8426 6641 6653
74600 7858 8421 6638 6643
74800 7851 8415 6614 6635
75000 7840 8402 6621 6623
75200 7826 8392 6603 6614
75400 7823 8378 6588 6611
75600 7815 8371 6575 6606
75800 7803 8355 6578 6595
76000 7793 8336 6568 6567
76200 7788 8323 6554 6565
76400 7787 8312 6565 6558
76600 7797 8307 6557 6557
76800 7802 8298 6553 6553
77000 7801 8291 6537 6548
77200 7802 8279 6539 6541
77400 7800 8261 6523 6522
77600 7795 8241 6507 6514
77800 7793 8230 6501 6496
78000 7797 8224 6472 6487
78200 7799 8210 6470 6480
78400 7805 8202 6461 6469
78600 7806 8191 6477 6459
78800 7808 8182 6464 6442
79000 7818 8174 6423 6428
79200 7830 8169 6405 6415
79400 7845 8166 6407 6409
79600 7853 8161 6395 6399
79800 7860 8154 6375 6382
80000 7871 8153 6372 6375
80200 7884 8154 6375 6372
80400 7876 8166 6374 6364
80600 7864 8177 6391 6357
80800 7852 8190 6368 6362
81000 7844 8212 6385 6376
81200 7856 8238 6391 6382
81400 7839 8257 6384 6391
81600 7834 8277 6396 6407
81800 7844 8299 6392 6414
82000 7836 8310 6395 6412
82200 7850 8331 6396 6420
82400 7847 8344 6422 6428
82600 7841 8355 6416 6440
82800 7845 8364 6425 6443
83000 7835 8368 6432 6441
83200 7828 8365 6420 6437
83400 7832 8379 6417 6437
83600 7816 8375 6443 6436
83800 7812 8376 6433 6439
84000 7794 8360 6411 6431
84200 7793 8351 6432 6425
84400 7774 8342 6384 6416
84600 7768 8327 6399 6404
84800 7763 8320 6394 6401
85000 7757 8319 6390 6396
85200 7752 8305 6398 6397
85400 7736 8297 6381 6388
85600 7726 8281 6385 6381
85800 7723 8263 6366 6378
86000 7718 8256 6370 6371
86200 7707 8247 6353 6356
86400 7706 8231 6345 6349
86600 7698 8214 6333 6348
86800 7704 8197 6327 6334
87000 7698 8189 6326 6332
87200 7690 8171 6297 6317
87400 7689 8157 6293 6307
87600 7681 8134 6286 6297
87800 7687 8122 6274 6291
88000 7684 8109 6253 6273
88200 7683 8102 6264 6263
88400 7689 8091 6241 6248
88600 7693 8072 6218 6233
88800 7699 8063 6231 6230
89000 7698 8046 6195 6214
89200 7693 8036 6172 6200
89400 7703 8027 6178 6185
89600 7715 8022 6182 6178
89800 7725 8015 6160 6164
90000 7734 8014 6138 6160
90200 7723 8014 6182 6150
90400 7705 8024 6159 6155
90600 7684 8036 6142 6153
90800 7670 8042 6161 6153
91000 7660 8056 6159 6160
91200 7659 8083 6170 6170
91400 7657 8103 6171 6184
91600 7659 8125 6196 6196
91800 7652 8136 6216 6200
92000 7652 8153 6204 6215
92200 7651 8168 6203 6219
92400 7646 8174 6229 6222
92600 7645 8179 6206 6215
92800 7633 8178 6218 6219
93000 7628 8184 6208 6223
93200 7615 8185 6208 6222
93400 7611 8173 6204 6221
93600 7598 8173 6220 6218
93800 7597 8168 6212 6217
94000 7582 8155 6222 6214
94200 7568 8142 6200 6214
94400 7557 8131 6203 6210
94600 7554 8130 6194 6201
94800 7544 8119 6198 6192
95000 7531 8103 6185 6188
95200 7516 8082 6173 6179
95400 7508 8074 6165 6173
95600 7504 8054 6165 6169
95800 7488 8042 6177 6165
96000 7482 8022 6159 6157
96200 7469 8001 6123 6140
96400 7463 7985 6112 6124
96600 7456 7979 6113 6114
96800 7444 7959 6100 6103
97000 7445 7938 6092 6097
97200 7444 7926 6082 6087
97400 7443 7908 6068 6074
97600 7432 7889 6060 6067
97800 7437 7876 6062 6061
98000 7430 7852 6053 6048
98200 7425 7838 6024 6029
98400 7426 7820 6020 6017
98600 7435 7815 6012 6014
98800 7431 7803 5999 5995
99000 7436 7796 5973 5984
99200 7441 7785 5989 5979
99400 7449 7772 5972 5974
99600 7458 7766 5951 5965
99800 7464 7760 5935 5962
100000 7474 7755 5955 5956
100200 7464 7757 5972 5943
100400 7452 7763 5945 5935
100600 7446 7770 5962 5934
100800 7423 7773 5938 5933
101000 7412 7785 5967 5940
101200 7414 7804 5952 5946
101400 7399 7822 5979 5956
101600 7380 7829 5959 5956
101800 7375 7845 5972 5966
102000 7371 7855 5987 5975
102200 7358 7866 5987 5982
102400 7358 7873 5976 5993
102600 7354 7882 5991 5996
102800 7349 7891 5996 6000
103000 7351 7892 6006 6008
103200 7332 7888 5975 6006
103400 7342 7901 5977 6010
103600 7332 7902 6031 6011
103800 7318 7888 6019 6012
104000 7305 7875 5999 6003
104200 7310 7874 6003 6007
104400 7303 7867 6019 6005
104600 7286 7858 6010 6002
104800 7269 7845 5973 5987
105000 7260 7825 5976 5984
105200 7243 7806 5963 5974
105400 7244 7795 5979 5968
105600 7233 7789 5972 5959
105800 7228 7772 5956 5950
106000 7218 7752 5942 5940
106200 7215 7741 5942 5938
106400 7205 7730 5958 5935
106600 7205 7720 5919 5929
106800 7199 7712 5918 5926
107000 7202 7700 5909 5920
107200 7205 7683 5898 5913
107400 7202 7670 5905 5894
107600 7195 7660 5876 5882
107800 7204 7646 5892 5877
108000 7208 7630 5870 5872
108200 7207 7622 5883 5868
108400 7207 7605 5864 5864
108600 7211 7598 5857 5855
108800 7215 7581 5845 5840
109000 7209 7568 5820 5827
109200 7211 7558 5819 5819
109400 7217 7549 5818 5809
109600 7231 7546 5824 5812
109800 7243 7547 5790 5811
110000 7260 7547 5797 5809
110200 7262 7558 5796 5805
110400 7253 7563 5812 5807
110600 7246 7578 5806 5806
110800 7229 7589 5806 5804
111000 7221 7595 5804 5810
111200 7203 7612 5804 5808
111400 7194 7625 5818 5799
111600 7196 7641 5838 5815
111800 7181 7647 5836 5820
112000 7169 7650 5839 5818
112200 7155 7651 5830 5823
112400 7156 7664 5852 5821
112600 7166 7686 5846 5836
112800 7151 7694 5833 5846
113000 7148 7700 5846 5853
113200 7144 7702 5839 5848
113400 7135 7702 5833 5846
113600 7131 7696 5845 5842
113800 7125 7694 5851 5848
114000 7116 7687 5840 5850
114200 7094 7675 5812 5844
114400 7090 7670 5821 5847
114600 7081 7651 5823 5836
114800 7072 7639 5814 5835
115000 7057 7623 5811 5830
115200 7044 7609 5811 5820
115400 7022 7594 5806 5811
115600 7020 7577 5793 5802
115800 7027 7565 5801 5799
116000 7010 7559 5800 5801
116200 7007 7537 5775 5791
116400 7004 7526 5773 5789
116600 7001 7517 5774 5778
116800 6999 7503 5752 5766
117000 6997 7491 5757 5754
117200 6999 7478 5739 5744
117400 6996 7457 5741 5736
117600 6987 7443 5736 5726
117800 6991 7426 5746 5724
118000 6992 7423 5736 5724
118200 6990 7407 5711 5717
118400 6996 7400 5715 5704
118600 7001 7386 5702 5698
118800 7004 7377 5692 5685
119000 7012 7362 5675 5679
119200 7024 7357 5656 5670
119400 7030 7348 5655 5667
119600 7040 7348 5655 5665
119800 7051 7345 5666 5663
120000 7066 7345 5666 5656
120200 7075 7352 5678 5662
120400 7070 7365 5665 5679
120600 7060 7374 5676 5679
120800 7059 7396 5682 5687
121000 7047 7413 5704 5695
121200 7048 7440 5693 5700
121400 7038 7448 5697 5710
121600 7039 7466 5698 5715
121800 7029 7474 5710 5715
122000 7023 7483 5706 5713
122200 7022 7498 5712 5721
122400 7016 7522 5737 5737
122600 7011 7532 5739 5750
122800 7004 7540 5757 5755
123000 6993 7546 5741 5759
123200 6994 7544 5763 5766
123400 6980 7538 5773 5771
123600 6967 7536 5759 5765
123800 6960 7530 5782 5763
124000 6956 7521 5764 5763
124200 6954 7517 5783 5760
124400 6939 7511 5752 5760
124600 6926 7499 5783 5765
124800 6913 7484 5756 5760
125000 6913 7481 5734 5767
125200 6907 7469 5769 5767
125400 6901 7456 5764 5758
125600 6895 7441 5731 5757
125800 6891 7435 5748 5755
126000 6878 7417 5728 5748
126200 6880 7412 5747 5752
126400 6879 7400 5747 5744
126600 6883 7392 5732 5739
126800 6883 7388 5757 5742
127000 6882 7376 5735 5732
127200 6881 7356 5723 5726
127400 6869 7344 5710 5720
127600 6875 7330 5707 5710
127800 6871 7319 5710 5707
128000 6871 7307 5680 5692
128200 6872 7297 5669 5696
128400 6875 7285 5683 5686
128600 6881 7277 5667 5685
128800 6882 7261 5650 5669
129000 6888 7253 5657 5669
129200 6902 7238 5662 5660
129400 6915 7239 5648 5656
129600 6928 7242 5654 5655
129800 6934 7231 5649 5650
130000 6946 7232 5663 5648
130200 6953 7229 5666 5637
130400 6946 7243 5656 5636
130600 6935 7255 5612 5640
130800 6917 7260 5627 5645
131000 6905 7270 5644 5646
131200 6904 7288 5643 5662
131400 6892 7297 5658 5663
131600 6899 7317 5676 5672
131800 6890 7331 5680 5675
132000 6886 7342 5681 5684
132200 6891 7356 5700 5693
132400 6887 7365 5706 5700
132600 6876 7364 5719 5702
132800 6865 7370 5715 5707
133000 6859 7377 5686 5707
133200 6850 7377 5728 5714
133400 6847 7386 5700 5715
133600 6840 7384 5705 5715
133800 6819 7374 5713 5707
134000 6819 7366 5701 5697
134200 6803 7355 5707 5696
134400 6797 7351 5691 5696
134600 6796 7350 5706 5691
134800 6789 7339 5709 5686
135000 6779 7325 5672 5682
135200 6776 7317 5674 5685
135400 6777 7317 5673 5683
135600 6770 7299 5672 5677
135800 6772 7294 5678 5680
136000 6760 7276 5667 5678
136200 6761 7274 5648 5670
136400 6749 7260 5652 5657
136600 6749 7243 5658 5656
136800 6745 7231 5647 5652
137000 6742 7218 5654 5646
137200 6742 7208 5652 5641
137400 6737 7197 5632 5632
137600 6740 7180 5630 5625
137800 6740 7164 5609 5616
138000 6735 7148 5612 5597
138200 6736 7144 5603 5590
138400 6746 7135 5601 5584
138600 6753 7128 5582 5575
138800 6759 7114 5562 5572
139000 6762 7108 5571 5564
139200 6775 7100 5551 5562
139400 6787 7101 5549 5559
139600 6806 7107 5560 5560
139800 6819 7111 5568 5563
140000 6834 7110 5572 5563
140200 6850 7119 5555 5571
140400 6846 7132 5580 5576
140600 6847 7156 5564 5586
140800 6843 7179 5590 5594
141000 6842 7207 5602 5605
141200 6851 7239 5621 5625
141400 6850 7264 5632 5650
141600 6852 7284 5668 5666
141800 6849 7291 5666 5674
142000 6846 7308 5645 5680
142200 6838 7316 5686 5680
142400 6829 7316 5670 5681
142600 6811 7323 5690 5681
142800 6799 7322 5678 5679
143000 6794 7322 5674 5689
143200 6788 7321 5689 5688
143400 6777 7330 5680 5685
143600 6770 7325 5680 5685
143800 6774 7334 5688 5691
144000 6767 7325 5679 5692
144200 6753 7326 5691 5702
144400 6745 7315 5691 5698
144600 6739 7310 5688 5695
144800 6734 7292 5703 5680
145000 6728 7286 5673 5673
145200 6716 7268 5671 5664
145400 6713 7266 5658 5671
145600 6714 7258 5667 5671
145800 6704 7237 5663 5671
146000 6693 7229 5667 5665
146200 6690 7211 5638 5656
146400 6686 7201 5662 5656
146600 6684 7194 5651 5657
146800 6684 7180 5630 5649
147000 6686 7168 5640 5653
147200 6676 7158 5640 5651
147400 6682 7149 5622 5646
147600 6682 7142 5630 5640
147800 6686 7126 5614 5632
148000 6684 7115 5585 5625
148200 6683 7108 5608 5612
148400 6687 7097 5579 5602
148600 6699 7088 5593 5604
148800 6718 7093 5594 5606
149000 6727 7082 5583 5599
149200 6737 7079 5594 5588
149400 6745 7069 5584 5588
149600 6760 7073 5588 5585
149800 6773 7068 5586 5583
150000 6789 7071 5614 5582
150200 6794 7081 5593 5583
150400 6788 7080 5570 5582
150600 6771 7092 5589 5579
150800 6769 7105 5563 5582
151000 6773 7122 5562 5587
151200 6759 7146 5599 5596
151400 6745 7151 5597 5588
151600 6740 7163 5598 5592
151800 6747 7184 5595 5598
152000 6749 7200 5619 5605
152200 6737 7210 5606 5604
152400 6735 7221 5608 5618
152600 6722 7234 5619 5628
152800 6736 7248 5633 5636
153000 6732 7251 5640 5641
153200 6723 7249 5648 5640
153400 6715 7252 5643 5643
153600 6706 7246 5640 5640
153800 6701 7240 5648 5643
154000 6696 7244 5647 5636
154200 6682 7238 5641 5632
154400 6674 7227 5636 5635
154600 6679 7226 5625 5637
154800 6664 7221 5639 5634
155000 6653 7204 5617 5626
155200 6647 7189 5619 5619
155400 6639 7178 5607 5622
155600 6628 7162 5607 5616
155800 6627 7151 5612 5608
156000 6624 7147 5622 5611
156200 6611 7134 5623 5605
156400 6618 7124 5591 5599
156600 6612 7120 5596 5602
156800 6618 7113 5592 5594
157000 6621 7101 5590 5595
157200 6623 7090 5588 5588
157400 6629 7086 5559 5581
157600 6628 7072 5564 5570
157800 6627 7059 5570 5564
158000 6633 7054 5550 5559
158200 6645 7052 5541 5556
158400 6651 7037 5547 5544
158600 6654 7028 5529 5535
158800 6663 7022 5513 5532
159000 6671 7015 5499 5519
159200 6678 7012 5505 5511
159400 6686 7003 5512 5508
159600 6695 7001 5502 5510
159800 6707 7002 5504 5506
160000 6731 7007 5516 5509
160200 6737 7004 5501 5510
160400 6732 7017 5511 5515
160600 6726 7025 5521 5522
160800 6724 7049 5512 5531
161000 6710 7061 5550 5532
161200 6692 7076 5528 5536
161400 6682 7094 5545 5549
161600 6685 7116 5557 5553
161800 6694 7141 5572 5568
162000 6718 7172 5581 5578
162200 6720 7194 5578 5581
162400 6722 7210 5595 5599
162600 6715 7218 5612 5611
162800 6721 7234 5633 5623
163000 6718 7235 5606 5626
163200 6725 7252 5633 5639
163400 6720 7255 5646 5645
163600 6719 7254 5640 5640
163800 6705 7253 5635 5641
164000 6695 7258 5646 5651
164200 6689 7249 5638 5646
164400 6680 7241 5642 5641
164600 6674 7231 5639 5642
164800 6672 7227 5647 5647
165000 6666 7212 5629 5643
165200 6656 7204 5621 5635
165400 6651 7192 5625 5627
165600 6641 7180 5617 5612
165800 6644 7170 5638 5617
166000 6644 7166 5604 5613
166200 6636 7157 5598 5611
166400 6627 7141 5600 5610
166600 6616 7131 5587 5606
166800 6622 7120 5575 5594
167000 6619 7108 5593 5585
167200 6613 7089 5572 5583
167400 6608 7068 5555 5568
167600 6607 7050 5576 5561
167800 6599 7035 5530 5552
168000 6599 7023 5534 5546
168200 6595 7006 5512 5538
168400 6600 6995 5508 5520
168600 6612 6992 5510 5514
168800 6617 6986 5510 5504
169000 6636 6986 5505 5510
169200 6637 6974 5503 5503
169400 6649 6963 5493 5503
169600 6660 6961 5480 5492
169800 6667 6957 5487 5478
170000 6673 6957 5478 5482
170200 6685 6964 5478 5477
170400 6685 6978 5487 5480
170600 6681 6989 5490 5487
170800 6663 7007 5475 5487
171000 6646 7016 5499 5493
171200 6651 7035 5517 5512
171400 6636 7046 5500 5512
171600 6639 7065 5529 5517
171800 6647 7094 5522 5535
172000 6657 7121 5541 5548
172200 6651 7128 5538 5541
172400 6646 7140 5549 5552
172600 6644 7159 5571 5560
172800 6647 7167 5559 5561
173000 6648 7178 5573 5569
173200 6640 7177 5570 5567
173400 6637 7178 5570 5569
173600 6638 7185 5565 5571
173800 6623 7181 5556 5567
174000 6617 7180 5571 5567
174200 6608 7165 5568 5564
174400 6595 7164 5567 5556
174600 6578 7152 5571 5559
174800 6571 7140 5546 5557
175000 6580 7135 5563 5556
175200 6575 7127 5555 5550
175400 6569 7123 5546 5543
175600 6561 7116 5555 5543
175800 6551 7095 5522 5541
176000 6555 7085 5529 5537
176200 6550 7071 5511 5535
176400 6544 7055 5523 5527
176600 6541 7043 5524 5516
176800 6536 7028 5502 5507
177000 6524 7018 5502 5502
177200 6527 6999 5489 5497
177400 6522 6983 5490 5487
177600 6532 6980 5477 5485
177800 6533 6968 5484 5478
178000 6537 6960 5473 5472
178200 6541 6944 5454 5467
178400 6537 6936 5443 5457
178600 6539 6927 5437 5449
178800 6554 6922 5425 5446
179000 6558 6914 5418 5434
179200 6562 6903 5413 5426
179400 6571 6908 5429 5428
179600 6582 6906 5409 5423
179800 6599 6911 5435 5427
180000 6614 6909 5414 5422
180200 6632 6918 5416 5419
180400 6632 6919 5407 5414
180600 6627 6932 5411 5417
180800 6616 6945 5422 5415
181000 6620 6955 5414 5420
181200 6591 6967 5422 5425
181400 6590 6988 5429 5432
181600 6596 7012 5426 5443
181800 6595 7029 5449 5458
182000 6586 7039 5464 5460
182200 6584 7043 5458 5460
182400 6571 7064 5476 5472
182600 6567 7067 5459 5478
182800 6563 7063 5489 5478
183000 6559 7070 5480 5488
183200 6552 7072 5489 5490
183400 6561 7086 5490 5503
183600 6555 7091 5514 5512
183800 6549 7084 5498 5516
184000 6538 7086 5496 5520
184200 6532 7082 5520 5521
184400 6529 7080 5509 5522
184600 6515 7073 5525 5519
184800 6514 7070 5524 5520
185000 6516 7064 5505 5515
185200 6517 7064 5514 5516
185400 6507 7051 5497 5520
185600 6507 7048 5512 5520
185800 6491 7034 5507 5518
186000 6500 7027 5529 5523
186200 6498 7015 5491 5513
186400 6482 6992 5479 5504
186600 6484 6986 5484 5507
186800 6473 6970 5492 5500
187000 6479 6965 5472 5493
187200 6484 6955 5490 5487
187400 6475 6939 5457 5475
187600 6481 6927 5458 5472
187800 6490 6921 5473 5471
188000 6496 6912 5452 5463
188200 6499 6903 5444 5463
188400 6508 6891 5447 5457
188600 6510 6886 5458 5451
188800 6521 6878 5438 5450
189000 6527 6876 5449 5445
189200 6531 6869 5428 5439
189400 6540 6866 5443 5438
189600 6556 6862 5457 5432
189800 6560 6867 5438 5427
190000 6567 6864 5423 5423
190200 6576 6866 5414 5431
190400 6576 6871 5405 5429
190600 6562 6869 5429 5425
190800 6553 6889 5429 5430
191000 6535 6899 5410 5420
191200 6515 6904 5410 5423
191400 6510 6922 5442 5437
191600 6507 6938 5451 5446
191800 6505 6949 5449 5455
192000 6496 6956 5445 5450
192200 6498 6976 5465 5463
192400 6502 6987 5471 5459
192600 6495 6998 5468 5464
192800 6492 7004 5466 5470
193000 6478 7012 5478 5476
193200 6480 7014 5484 5478
193400 6464 7001 5458 5473
193600 6464 7004 5481 5472
193800 6459 7008 5493 5477
194000 6457 7001 5488 5474
194200 6445 6997 5477 5476
194400 6440 6995 5485 5477
194600 6435 6986 5462 5474
194800 6440 6988 5464 5481
195000 6439 6986 5477 5478
195200 6436 6985 5470 5482
195400 6429 6970 5491 5479
195600 6429 6959 5481 5470
195800 6421 6950 5471 5464
196000 6418 6942 5469 5471
196200 6415 6932 5468 5464
196400 6425 6927 5468 5461
196600 6420 6916 5469 5461
196800 6414 6900 5455 5452
197000 6405 6895 5464 5447
197200 6407 6881 5416 5435
197400 6414 6871 5427 5431
197600 6415 6856 5458 5426
197800 6414 6843 5423 5425
198000 6418 6828 5405 5415
198200 6415 6823 5405 5410
198400 6427 6817 5383 5406
198600 6441 6811 5401 5403
198800 6449 6808 5389 5404
199000 6469 6810 5401 5410
199200 6472 6801 5394 5401
199400 6483 6793 5400 5402
199600 6492 6794 5406 5400
199800 6503 6789 5385 5393
200000 6515 6793 5382 5389
