Iteration / Electron np / Ion np
24 9830 10000
49 9417 10000
74 8968 10000
99 8960 10000
124 8951 10000
149 8952 9998
174 8952 9996
199 8935 9995
224 8936 9994
249 8913 9992
274 8913 9990
299 8912 9988
324 8912 9988
349 8916 9982
374 8903 9981
399 8905 9977
424 8904 9974
449 8903 9969
474 8872 9961
499 8871 9955
524 8874 9948
549 8876 9940
574 8879 9928
599 8880 9916
624 8880 9904
649 8852 9885
674 8855 9870
699 8851 9860
724 8853 9845
749 8852 9834
774 8853 9824
799 8855 9808
824 8855 9793
849 8856 9782
874 8805 9771
899 8804 9762
924 8804 9751
949 8810 9739
974 8813 9730
999 8814 9721
1024 8803 9710
1049 8788 9701
1074 8785 9686
1099 8781 9678
1124 8782 9665
1149 8783 9651
1174 8785 9638
1199 8784 9627
1224 8785 9614
1249 8725 9609
1274 8682 9599
1299 8684 9578
1324 8691 9567
1349 8692 9551
1374 8693 9541
1399 8696 9521
1424 8688 9510
1449 8681 9495
1474 8650 9487
1499 8649 9472
1524 8649 9465
1549 8650 9456
1574 8650 9454
1599 8649 9446
1624 8636 9438
1649 8594 9422
1674 8586 9412
1699 8582 9402
1724 8586 9397
1749 8588 9386
1774 8590 9375
1799 8594 9360
1824 8587 9351
1849 8521 9343
1874 8499 9333
1899 8498 9323
1924 8499 9317
1949 8501 9308
1974 8501 9302
1999 8504 9294
2024 8506 9286
2049 8472 9274
2074 8440 9266
2099 8437 9259
2124 8438 9254
2149 8440 9241
2174 8441 9234
2199 8441 9225
2224 8438 9218
2249 8408 9213
2274 8392 9207
2299 8394 9201
2324 8395 9192
2349 8396 9177
2374 8397 9170
2399 8396 9155
2424 8390 9145
2449 8363 9139
2474 8326 9130
2499 8327 9123
2524 8327 9118
2549 8331 9114
2574 8333 9106
2599 8332 9101
2624 8331 9097
2649 8301 9092
2674 8280 9085
2699 8279 9080
2724 8282 9067
2749 8282 9060
2774 8284 9053
2799 8283 9044
2824 8275 9037
2849 8257 9032
2874 8224 9024
2899 8224 9018
2924 8225 9007
2949 8224 8998
2974 8227 8992
2999 8228 8988
3024 8222 8982
3049 8198 8977
3074 8169 8970
3099 8171 8961
3124 8172 8951
3149 8171 8946
3174 8171 8944
3199 8170 8934
3224 8165 8930
3249 8139 8922
3274 8127 8916
3299 8130 8909
3324 8130 8904
3349 8128 8900
3374 8127 8896
3399 8129 8885
3424 8128 8878
3449 8085 8873
3474 8076 8864
3499 8077 8855
3524 8076 8847
3549 8078 8840
3574 8078 8838
3599 8078 8833
3624 8075 8829
3649 8055 8827
3674 8046 8822
3699 8047 8815
3724 8047 8809
3749 8048 8803
3774 8051 8799
3799 8052 8793
3824 8047 8785
3849 8022 8780
3874 8014 8775
3899 8013 8772
3924 8012 8764
3949 8012 8756
3974 8014 8752
3999 8015 8746
4024 8014 8743
4049 7989 8738
4074 7974 8731
4099 7972 8727
4124 7973 8724
4149 7973 8718
4174 7974 8714
4199 7974 8705
4224 7973 8698
4249 7956 8692
4274 7939 8688
4299 7940 8681
4324 7944 8670
4349 7948 8659
4374 7945 8656
4399 7943 8652
4424 7943 8647
4449 7912 8638
4474 7895 8634
4499 7893 8630
4524 7894 8624
4549 7893 8618
4574 7890 8615
4599 7891 8611
4624 7890 8605
4649 7870 8604
4674 7859 8598
4699 7861 8594
4724 7862 8589
4749 7862 8583
4774 7861 8576
4799 7860 8572
4824 7859 8570
4849 7849 8563
4874 7837 8559
4899 7835 8556
4924 7834 8550
4949 7834 8549
4974 7833 8542
4999 7833 8536
5024 7835 8527
5049 7814 8521
5074 7808 8517
5099 7805 8514
5124 7805 8508
5149 7804 8503
5174 7805 8499
5199 7805 8492
5224 7801 8491
5249 7788 8487
5274 7779 8481
5299 7778 8477
5324 7780 8471
5349 7779 8468
5374 7777 8464
5399 7777 8458
5424 7778 8453
5449 7763 8446
5474 7752 8441
5499 7749 8439
5524 7749 8437
5549 7749 8433
5574 7750 8429
5599 7749 8428
5624 7748 8423
5649 7734 8419
5674 7726 8412
5699 7724 8407
5724 7724 8402
5749 7724 8398
5774 7725 8393
5799 7726 8390
5824 7727 8386
5849 7715 8384
5874 7709 8381
5899 7707 8380
5924 7706 8380
5949 7704 8377
5974 7704 8369
5999 7705 8361
6024 7704 8358
6049 7694 8353
6074 7684 8346
6099 7683 8340
6124 7683 8336
6149 7682 8329
6174 7683 8326
6199 7683 8324
6224 7681 8322
6249 7670 8315
6274 7664 8314
6299 7664 8309
6324 7663 8308
6349 7663 8305
6374 7664 8298
6399 7666 8293
6424 7665 8290
6449 7652 8283
6474 7644 8279
6499 7643 8276
6524 7644 8270
6549 7645 8268
6574 7646 8259
6599 7646 8257
6624 7644 8254
6649 7638 8253
6674 7630 8248
6699 7630 8247
6724 7628 8243
6749 7628 8241
6774 7630 8236
6799 7630 8231
6824 7628 8229
6849 7623 8225
6874 7613 8216
6899 7613 8211
6924 7613 8206
6949 7612 8200
6974 7614 8197
6999 7615 8195
7024 7616 8192
7049 7608 8186
7074 7607 8185
7099 7606 8183
7124 7608 8179
7149 7609 8176
7174 7609 8176
7199 7609 8172
7224 7609 8169
7249 7598 8165
7274 7594 8161
7299 7593 8158
7324 7592 8155
7349 7592 8151
7374 7592 8146
7399 7592 8144
7424 7591 8140
7449 7585 8134
7474 7579 8128
7499 7576 8125
7524 7576 8121
7549 7576 8119
7574 7576 8118
7599 7575 8117
7624 7575 8116
7649 7569 8112
7674 7567 8109
7699 7566 8107
7724 7567 8103
7749 7568 8100
7774 7567 8093
7799 7567 8088
7824 7565 8084
7849 7560 8077
7874 7558 8073
7899 7555 8069
7924 7555 8067
7949 7555 8066
7974 7555 8064
7999 7554 8063
8024 7554 8062
8049 7553 8059
8074 7550 8056
8099 7551 8052
8124 7551 8047
8149 7552 8044
8174 7552 8043
8199 7555 8039
8224 7555 8036
8249 7547 8033
8274 7542 8030
8299 7543 8027
8324 7544 8026
8349 7544 8023
8374 7545 8017
8399 7547 8012
8424 7546 8008
8449 7541 8003
8474 7536 8001
8499 7535 7999
8524 7533 7994
8549 7533 7990
8574 7534 7986
8599 7534 7984
8624 7534 7982
8649 7533 7980
8674 7530 7978
8699 7531 7975
8724 7532 7971
8749 7532 7968
8774 7533 7967
8799 7532 7965
8824 7532 7963
8849 7527 7959
8874 7522 7958
8899 7523 7957
8924 7522 7952
8949 7522 7951
8974 7525 7949
8999 7525 7944
9024 7525 7938
9049 7524 7935
9074 7523 7934
9099 7524 7933
9124 7525 7927
9149 7525 7924
9174 7527 7922
9199 7527 7916
9224 7527 7915
9249 7524 7915
9274 7516 7913
9299 7516 7908
9324 7517 7905
9349 7519 7902
9374 7519 7899
9399 7519 7898
9424 7519 7894
9449 7521 7889
9474 7515 7886
9499 7514 7883
9524 7515 7879
9549 7515 7877
9574 7518 7873
9599 7519 7872
9624 7517 7867
9649 7518 7863
9674 7512 7860
9699 7507 7855
9724 7506 7854
9749 7505 7853
9774 7501 7852
9799 7499 7849
9824 7499 7844
9849 7502 7840
9874 7500 7836
9899 7498 7833
9924 7500 7827
9949 7492 7824
9974 7476 7823
9999 7475 7821
10024 7476 7821
10049 7477 7818
10074 7477 7814
10099 7476 7814
10124 7475 7811
10149 7461 7810
10174 7428 7804
10199 7429 7801
10224 7433 7798
10249 7433 7795
10274 7437 7793
10299 7437 7791
10324 7438 7789
10349 7416 7787
10374 7377 7787
10399 7374 7780
10424 7376 7778
10449 7380 7775
10474 7382 7770
10499 7382 7768
10524 7382 7767
10549 7374 7765
10574 7342 7763
10599 7339 7761
10624 7341 7757
10649 7344 7757
10674 7349 7756
10699 7348 7754
10724 7351 7752
10749 7339 7749
10774 7294 7746
10799 7291 7741
10824 7297 7737
10849 7299 7734
10874 7305 7732
10899 7310 7729
10924 7313 7725
10949 7289 7724
10974 7258 7723
10999 7251 7719
11024 7252 7716
11049 7255 7715
11074 7260 7709
11099 7262 7707
11124 7265 7707
11149 7250 7704
11174 7210 7703
11199 7210 7700
11224 7212 7699
11249 7215 7697
11274 7219 7695
11299 7227 7690
11324 7228 7687
11349 7209 7687
11374 7176 7683
11399 7172 7680
11424 7173 7678
11449 7175 7677
11474 7175 7673
11499 7177 7670
11524 7181 7669
11549 7165 7666
11574 7136 7664
11599 7132 7659
11624 7138 7659
11649 7144 7655
11674 7145 7653
11699 7148 7650
11724 7151 7647
11749 7138 7644
11774 7096 7643
11799 7100 7641
11824 7105 7640
11849 7106 7638
11874 7108 7635
11899 7110 7632
11924 7109 7630
11949 7092 7626
11974 7063 7624
11999 7058 7623
12024 7061 7620
12049 7065 7619
12074 7071 7616
12099 7073 7610
12124 7075 7609
12149 7065 7603
12174 7038 7599
12199 7037 7596
12224 7041 7595
12249 7044 7592
12274 7048 7588
12299 7049 7585
12324 7051 7579
12349 7032 7575
12374 7002 7574
12399 7003 7570
12424 7003 7570
12449 7011 7565
12474 7016 7564
12499 7017 7563
12524 7018 7561
12549 6994 7558
12574 6956 7552
12599 6956 7551
12624 6956 7548
12649 6960 7546
12674 6964 7545
12699 6968 7540
12724 6970 7540
12749 6955 7536
12774 6927 7535
12799 6922 7530
12824 6924 7527
12849 6929 7525
12874 6931 7522
12899 6933 7518
12924 6936 7518
12949 6921 7516
12974 6895 7509
12999 6890 7503
13024 6894 7501
13049 6896 7499
13074 6895 7498
13099 6899 7497
13124 6903 7494
13149 6884 7491
13174 6856 7488
13199 6856 7485
13224 6859 7484
13249 6863 7481
13274 6864 7477
13299 6864 7476
13324 6866 7472
13349 6850 7470
13374 6833 7466
13399 6832 7459
13424 6833 7457
13449 6835 7454
13474 6841 7449
13499 6843 7446
13524 6843 7441
13549 6829 7441
13574 6802 7440
13599 6803 7437
13624 6808 7431
13649 6809 7428
13674 6814 7424
13699 6817 7422
13724 6821 7418
13749 6806 7413
13774 6763 7410
13799 6769 7403
13824 6768 7401
13849 6770 7400
13874 6775 7394
13899 6775 7394
13924 6778 7392
13949 6765 7389
13974 6744 7381
13999 6742 7377
14024 6745 7368
14049 6748 7364
14074 6751 7361
14099 6756 7359
14124 6759 7353
14149 6743 7352
14174 6711 7350
14199 6712 7345
14224 6713 7343
14249 6713 7340
14274 6715 7334
14299 6715 7331
14324 6716 7327
14349 6704 7324
14374 6687 7323
14399 6689 7316
14424 6688 7310
14449 6688 7303
14474 6692 7300
14499 6699 7295
14524 6700 7294
14549 6680 7289
14574 6657 7288
14599 6659 7282
14624 6664 7277
14649 6664 7271
14674 6666 7269
14699 6668 7269
14724 6668 7269
14749 6656 7266
14774 6637 7263
14799 6643 7258
14824 6647 7253
14849 6654 7247
14874 6657 7241
14899 6656 7241
14924 6657 7239
14949 6636 7234
14974 6610 7231
14999 6610 7225
15024 6609 7219
15049 6608 7217
15074 6609 7214
15099 6613 7211
15124 6615 7210
15149 6605 7206
15174 6584 7203
15199 6584 7198
15224 6586 7197
15249 6591 7195
15274 6593 7189
15299 6596 7187
15324 6597 7184
15349 6588 7182
15374 6568 7176
15399 6567 7175
15424 6567 7170
15449 6569 7166
15474 6571 7162
15499 6572 7158
15524 6571 7155
15549 6558 7152
15574 6543 7151
15599 6543 7144
15624 6545 7139
15649 6547 7135
15674 6550 7132
15699 6555 7129
15724 6559 7128
15749 6545 7124
15774 6532 7123
15799 6530 7121
15824 6532 7117
15849 6536 7114
15874 6538 7111
15899 6545 7106
15924 6545 7103
15949 6533 7099
15974 6520 7095
15999 6520 7091
16024 6522 7090
16049 6523 7086
16074 6522 7084
16099 6524 7079
16124 6526 7077
16149 6517 7073
16174 6497 7068
16199 6492 7065
16224 6490 7064
16249 6493 7059
16274 6496 7055
16299 6501 7049
16324 6504 7044
16349 6497 7041
16374 6485 7039
16399 6484 7037
16424 6485 7034
16449 6488 7030
16474 6489 7029
16499 6490 7028
16524 6493 7023
16549 6480 7018
16574 6468 7016
16599 6465 7015
16624 6468 7013
16649 6469 7010
16674 6472 7005
16699 6473 7003
16724 6473 7001
16749 6470 6997
16774 6452 6996
16799 6456 6993
16824 6462 6990
16849 6463 6985
16874 6466 6984
16899 6469 6980
16924 6472 6979
16949 6452 6974
16974 6436 6970
16999 6435 6965
17024 6438 6960
17049 6439 6958
17074 6440 6956
17099 6442 6953
17124 6443 6951
17149 6433 6946
17174 6421 6944
17199 6419 6939
17224 6422 6937
17249 6424 6935
17274 6428 6931
17299 6431 6926
17324 6432 6922
17349 6425 6921
17374 6412 6919
17399 6412 6917
17424 6414 6915
17449 6417 6913
17474 6421 6908
17499 6421 6906
17524 6422 6906
17549 6415 6902
17574 6405 6899
17599 6406 6892
17624 6410 6889
17649 6410 6889
17674 6414 6881
17699 6414 6881
17724 6416 6877
17749 6403 6875
17774 6394 6870
17799 6393 6868
17824 6391 6867
17849 6391 6865
17874 6391 6862
17899 6392 6860
17924 6393 6858
17949 6392 6857
17974 6387 6857
17999 6385 6856
18024 6386 6855
18049 6386 6855
18074 6390 6854
18099 6392 6852
18124 6393 6849
18149 6390 6845
18174 6387 6839
18199 6388 6836
18224 6389 6833
18249 6390 6831
18274 6392 6829
18299 6393 6828
18324 6395 6825
18349 6392 6821
18374 6385 6818
18399 6387 6815
18424 6386 6812
18449 6388 6807
18474 6391 6805
18499 6393 6801
18524 6394 6797
18549 6395 6794
18574 6389 6792
18599 6388 6790
18624 6391 6790
18649 6393 6787
18674 6396 6784
18699 6398 6783
18724 6401 6783
18749 6398 6780
18774 6388 6778
18799 6390 6775
18824 6389 6771
18849 6391 6768
18874 6394 6767
18899 6398 6766
18924 6399 6764
18949 6396 6762
18974 6387 6762
18999 6388 6760
19024 6391 6754
19049 6395 6751
19074 6396 6750
19099 6395 6748
19124 6397 6746
19149 6396 6744
19174 6390 6739
19199 6391 6735
19224 6394 6734
19249 6394 6732
19274 6398 6732
19299 6398 6729
19324 6403 6728
19349 6406 6726
19374 6388 6724
19399 6388 6723
19424 6387 6720
19449 6387 6717
19474 6386 6717
19499 6387 6716
19524 6390 6710
19549 6393 6707
19574 6389 6705
19599 6387 6703
19624 6385 6702
19649 6388 6701
19674 6390 6700
19699 6391 6699
19724 6394 6695
19749 6395 6693
19774 6391 6692
19799 6391 6688
19824 6392 6685
19849 6397 6683
19874 6399 6681
19899 6401 6680
19924 6404 6680
19949 6404 6680
19974 6406 6679
19999 6411 6677
