Iteration / Electron np / Ion np / Electron Inner np / Ion Inner np
0 100000 100000 49986 50268
200 89592 99918 50399 50281
400 89005 99573 50107 50313
600 88827 99031 50365 50376
800 88693 98378 50319 50479
1000 88156 97621 50646 50588
1200 87788 96863 50678 50667
1400 87445 96057 50696 50739
1600 86514 95318 50839 50838
1800 85844 94573 50815 50906
2000 85409 93914 50925 50974
2200 84900 93237 51024 51042
2400 84490 92649 51156 51106
2600 83967 92097 51160 51171
2800 83510 91575 51200 51223
3000 82993 91022 51264 51273
3200 82645 90528 51347 51337
3400 82382 90013 51379 51371
3600 82035 89549 51405 51408
3800 81640 89118 51566 51438
4000 81219 88664 51552 51470
4200 80903 88252 51486 51501
4400 80593 87825 51506 51530
4600 80263 87433 51539 51551
4800 79944 87028 51577 51577
5000 79683 86633 51663 51595
5200 79373 86274 51617 51620
5400 79126 85891 51703 51635
5600 78903 85547 51679 51660
5800 78655 85215 51709 51683
6000 78429 84857 51692 51703
6200 78259 84553 51761 51717
6400 78111 84236 51804 51740
6600 77935 83930 51692 51765
6800 77777 83612 51765 51784
7000 77634 83328 51820 51802
7200 77508 83065 51846 51826
7400 77395 82811 51922 51844
7600 77322 82555 51872 51862
7800 77260 82307 51949 51888
8000 77198 82072 51878 51908
8200 77160 81848 51879 51937
8400 77116 81640 51964 51966
8600 77087 81454 51949 51994
8800 77086 81282 52075 52027
9000 77078 81098 52090 52053
9200 77089 80915 52141 52062
9400 77117 80772 52122 52093
9600 77148 80636 52090 52125
9800 77097 80527 52172 52160
10000 76907 80433 52196 52218
10200 76563 80391 52197 52280
10400 76200 80351 52261 52368
10600 75941 80388 52466 52496
10800 75697 80400 52512 52611
11000 75508 80421 52638 52723
11200 75328 80479 52770 52858
11400 75150 80525 52902 52994
11600 74965 80565 53066 53129
11800 74788 80613 53159 53252
12000 74632 80613 53306 53377
12200 74470 80620 53375 53504
12400 74318 80611 53568 53634
12600 74151 80576 53698 53756
12800 73991 80553 53836 53872
13000 73838 80523 53928 53988
13200 73676 80448 54121 54115
13400 73584 80374 54203 54240
13600 73465 80318 54291 54390
13800 73399 80288 54479 54526
14000 73311 80177 54631 54656
14200 73192 80090 54762 54768
14400 73081 79962 54831 54889
14600 73024 79827 54985 54990
14800 72939 79716 55059 55109
15000 72887 79601 55288 55207
15200 72850 79510 55476 55333
15400 72795 79377 55509 55447
15600 72832 79312 55807 55584
15800 72792 79198 55802 55713
16000 72772 79088 55997 55841
16200 72819 78997 56024 55971
16400 72830 78911 56144 56094
16600 72885 78796 56359 56218
16800 72987 78760 56546 56368
17000 73049 78664 56631 56514
17200 73121 78556 56837 56648
17400 73212 78520 56839 56781
17600 73339 78473 57047 56932
17800 73430 78432 57237 57090
18000 73573 78391 57327 57223
18200 73690 78361 57467 57355
18400 73819 78368 57504 57496
18600 73966 78327 57689 57637
18800 74117 78335 57920 57780
19000 74251 78315 57998 57908
19200 74383 78306 58067 58021
19400 74533 78280 58240 58154
19600 74705 78303 58412 58306
19800 74841 78304 58452 58431
20000 74986 78319 58575 58552
20200 75140 78365 58846 58675
20400 75308 78420 58748 58807
20600 75475 78517 58819 58963
20800 75477 78586 59047 59102
21000 75378 78653 59167 59257
21200 75274 78725 59268 59396
21400 75180 78793 59483 59541
21600 75119 78872 59701 59707
21800 74995 78964 59749 59865
22000 74942 79006 59808 59989
22200 74866 79099 59935 60129
22400 74821 79175 60212 60269
22600 74746 79228 60417 60375
22800 74677 79272 60458 60504
23000 74610 79314 60582 60623
23200 74545 79320 60714 60724
23400 74482 79362 60725 60835
23600 74455 79389 60959 60945
23800 74354 79350 61004 61038
24000 74306 79329 61101 61135
24200 74260 79311 61195 61235
24400 74188 79285 61354 61327
24600 74135 79241 61306 61412
24800 74093 79226 61506 61514
25000 74073 79172 61634 61604
25200 74036 79111 61638 61679
25400 73991 79043 61716 61746
25600 73902 78979 61866 61825
25800 73942 78938 61909 61914
26000 73916 78888 62007 62010
26200 73923 78832 62085 62092
26400 73932 78758 62166 62170
26600 73918 78682 62179 62246
26800 73939 78622 62304 62332
27000 73985 78573 62386 62423
27200 73996 78495 62522 62502
27400 74065 78462 62612 62599
27600 74108 78386 62658 62662
27800 74169 78334 62664 62737
28000 74229 78302 62734 62827
28200 74288 78255 62820 62889
28400 74361 78181 62890 62962
28600 74448 78146 62999 63046
28800 74566 78127 63132 63120
29000 74669 78115 63111 63212
29200 74775 78104 63268 63290
29400 74875 78115 63392 63376
29600 74978 78106 63464 63456
29800 75094 78125 63545 63561
30000 75197 78141 63613 63670
30200 75341 78196 63826 63786
30400 75421 78280 63819 63906
30600 75378 78428 64083 64062
30800 75361 78568 64420 64255
31000 75316 78790 64505 64465
31200 75347 79041 64665 64705
31400 75386 79310 64909 64957
31600 75490 79602 65126 65225
31800 75556 79875 65399 65475
32000 75756 80177 65668 65757
32200 75928 80482 66052 66050
32400 76040 80740 66321 66330
32600 76158 80980 66513 66559
32800 76219 81181 66766 66764
33000 76297 81373 66940 66962
33200 76339 81476 67093 67113
33400 76367 81586 67223 67266
33600 76375 81653 67342 67419
33800 76364 81695 67489 67526
34000 76358 81721 67566 67637
34200 76340 81724 67688 67720
34400 76314 81727 67710 67811
34600 76275 81712 67910 67907
34800 76272 81710 67903 67990
35000 76263 81651 67978 68053
35200 76246 81590 68117 68102
35400 76236 81536 68130 68166
35600 76161 81464 68182 68220
35800 76179 81408 68265 68282
36000 76213 81379 68329 68335
36200 76218 81339 68326 68401
36400 76244 81282 68385 68439
36600 76310 81253 68474 68500
36800 76326 81191 68434 68545
37000 76375 81144 68504 68595
37200 76392 81080 68493 68637
37400 76447 81022 68553 68686
37600 76513 81004 68575 68736
37800 76592 80949 68636 68779
38000 76660 80933 68703 68816
38200 76747 80872 68815 68842
38400 76808 80826 68758 68868
38600 76918 80813 68765 68915
38800 77008 80789 68707 68923
39000 77101 80766 68826 68959
39200 77217 80755 68937 68993
39400 77322 80759 68918 69039
39600 77425 80761 68922 69082
39800 77530 80762 69024 69126
40000 77651 80804 69102 69185
40200 77794 80859 69116 69258
40400 77899 80902 69141 69303
40600 78036 80983 69259 69375
40800 78127 81128 69396 69507
41000 78088 81312 69474 69635
41200 78055 81516 69606 69809
41400 78126 81775 69867 69993
41600 78224 82071 70091 70214
41800 78324 82340 70333 70398
42000 78395 82625 70502 70601
42200 78495 82894 70695 70800
42400 78610 83059 70842 70938
42600 78693 83262 70942 71099
42800 78716 83377 71060 71219
43000 78710 83477 71085 71301
43200 78740 83586 71234 71397
43400 78775 83664 71276 71468
43600 78764 83710 71379 71535
43800 78704 83753 71407 71574
44000 78660 83773 71419 71597
44200 78674 83778 71522 71637
44400 78644 83770 71536 71664
44600 78609 83724 71609 71704
44800 78597 83709 71660 71749
45000 78545 83681 71706 71765
45200 78520 83649 71623 71759
45400 78479 83618 71581 71746
45600 78489 83555 71625 71741
45800 78468 83482 71574 71732
46000 78459 83435 71556 71724
46200 78449 83370 71594 71722
46400 78463 83315 71558 71714
46600 78485 83257 71554 71712
46800 78501 83185 71494 71690
47000 78525 83115 71448 71674
47200 78565 83069 71480 71660
47400 78638 83028 71427 71655
47600 78677 82985 71477 71632
47800 78753 82941 71462 71644
48000 78836 82910 71476 71622
48200 78906 82859 71449 71589
48400 79003 82843 71445 71597
48600 79096 82834 71482 71576
48800 79177 82826 71523 71580
49000 79290 82818 71546 71597
49200 79368 82810 71491 71567
49400 79446 82814 71490 71564
49600 79563 82843 71531 71572
49800 79659 82853 71557 71560
50000 79775 82908 71622 71600
50200 79885 82978 71621 71628
50400 80052 83071 71758 71677
50600 80099 83191 71872 71732
50800 80047 83360 71920 71815
51000 79997 83585 72069 71947
51200 80029 83830 72106 72106
51400 80103 84120 72192 72279
51600 80225 84398 72355 72459
51800 80338 84672 72649 72610
52000 80498 84975 72879 72835
52200 80618 85233 72967 72999
52400 80767 85463 73154 73146
52600 80822 85641 73265 73255
52800 80873 85800 73273 73388
53000 80887 85951 73469 73473
53200 80936 86073 73507 73562
53400 80943 86131 73601 73632
53600 80936 86164 73705 73684
53800 80960 86235 73710 73761
54000 80933 86287 73744 73817
54200 80901 86289 73782 73858
54400 80847 86250 73806 73877
54600 80811 86200 73805 73874
54800 80781 86162 73797 73852
55000 80746 86108 73755 73871
55200 80710 86067 73823 73890
55400 80687 86026 73850 73902
55600 80679 85965 73791 73898
55800 80686 85896 73852 73880
56000 80695 85858 73858 73856
56200 80701 85783 73818 73836
56400 80725 85718 73820 73844
56600 80730 85672 73830 73838
56800 80771 85614 73775 73830
57000 80799 85539 73693 73790
57200 80823 85466 73752 73755
57400 80864 85420 73699 73737
57600 80932 85373 73656 73732
57800 81003 85314 73628 73707
58000 81089 85258 73596 73681
58200 81162 85226 73578 73652
58400 81223 85164 73528 73626
58600 81288 85118 73429 73604
58800 81403 85126 73488 73603
59000 81496 85111 73415 73580
59200 81608 85144 73456 73573
59400 81708 85146 73497 73556
59600 81808 85173 73505 73549
59800 81935 85184 73529 73575
60000 82032 85201 73602 73562
60200 82167 85228 73548 73562
60400 82298 85276 73651 73561
60600 82382 85343 73700 73570
60800 82404 85459 73763 73589
61000 82379 85639 73751 73674
61200 82349 85817 73775 73785
61400 82347 86037 73855 73905
61600 82339 86250 73942 74000
61800 82397 86470 74079 74135
62000 82442 86716 74315 74279
62200 82524 86965 74325 74432
62400 82655 87144 74460 74568
62600 82722 87299 74572 74638
62800 82689 87414 74645 74705
63000 82703 87501 74726 74767
63200 82734 87581 74823 74828
63400 82694 87659 74798 74872
63600 82686 87703 74915 74896
63800 82639 87722 74887 74885
64000 82579 87713 74930 74896
64200 82535 87718 74829 74895
64400 82494 87695 74838 74870
64600 82450 87681 74862 74861
64800 82413 87631 74850 74855
65000 82374 87591 74807 74840
65200 82319 87549 74809 74852
65400 82264 87462 74808 74829
65600 82251 87398 74695 74799
65800 82248 87310 74736 74763
66000 82217 87249 74681 74748
66200 82210 87173 74632 74717
66400 82223 87093 74562 74694
66600 82197 87030 74563 74670
66800 82206 86965 74592 74656
67000 82229 86916 74493 74617
67200 82261 86829 74438 74572
67400 82273 86778 74423 74539
67600 82305 86694 74319 74490
67800 82358 86638 74271 74469
68000 82418 86568 74252 74428
68200 82464 86527 74215 74362
68400 82533 86455 74243 74322
68600 82618 86402 74232 74297
68800 82710 86360 74218 74270
69000 82785 86319 74201 74226
69200 82874 86293 74163 74181
69400 82965 86299 74116 74166
69600 83047 86299 74149 74130
69800 83131 86294 74142 74129
70000 83265 86318 74133 74123
70200 83402 86371 74146 74145
70400 83517 86424 74170 74157
70600 83502 86515 74234 74178
70800 83448 86652 74416 74231
71000 83373 86830 74536 74334
71200 83347 87045 74475 74442
71400 83324 87308 74510 74572
71600 83375 87575 74687 74742
71800 83440 87812 74908 74887
72000 83562 88051 75108 75007
72200 83650 88224 75071 75114
72400 83684 88378 75117 75173
72600 83681 88522 75225 75259
72800 83693 88620 75273 75309
73000 83677 88688 75277 75347
73200 83642 88767 75304 75375
73400 83639 88821 75417 75416
73600 83620 88844 75399 75451
73800 83543 88835 75363 75467
74000 83483 88822 75332 75434
74200 83441 88823 75391 75444
74400 83384 88779 75389 75428
74600 83353 88741 75378 75409
74800 83295 88686 75342 75408
75000 83223 88627 75225 75375
75200 83205 88570 75234 75345
75400 83176 88501 75206 75308
75600 83132 88417 75183 75253
75800 83101 88334 75198 75234
76000 83089 88275 75160 75204
76200 83074 88188 75065 75164
76400 83078 88122 75110 75152
76600 83094 88054 75084 75137
76800 83090 87945 74970 75083
77000 83098 87876 74966 75040
77200 83121 87797 74940 74972
77400 83153 87714 74933 74949
77600 83176 87636 74892 74889
77800 83226 87550 74802 74849
78000 83295 87506 74809 74820
78200 83370 87433 74793 74789
78400 83427 87381 74697 74738
78600 83492 87324 74687 74698
78800 83571 87303 74569 74685
79000 83666 87279 74485 74648
79200 83748 87270 74467 74613
79400 83851 87270 74504 74592
79600 83937 87258 74423 74558
79800 84047 87269 74423 74550
80000 84174 87273 74505 74511
80200 84302 87321 74529 74516
80400 84428 87369 74551 74541
80600 84526 87431 74735 74555
80800 84513 87572 74676 74609
81000 84488 87773 74636 74704
81200 84440 87985 74653 74820
81400 84435 88238 74878 74932
81600 84517 88528 75010 75092
81800 84550 88749 75050 75217
82000 84633 88979 75352 75345
82200 84715 89184 75426 75462
82400 84824 89358 75466 75567
82600 84823 89477 75594 75622
82800 84838 89581 75602 75662
83000 84812 89662 75770 75721
83200 84787 89733 75739 75757
83400 84761 89796 75836 75787
83600 84734 89803 75782 75812
83800 84667 89825 75781 75847
84000 84615 89821 75801 75855
84200 84575 89807 75837 75839
84400 84530 89775 75832 75840
84600 84490 89737 75807 75805
84800 84401 89683 75728 75787
85000 84363 89654 75819 75766
85200 84314 89567 75749 75731
85400 84257 89503 75619 75709
85600 84197 89401 75660 75651
85800 84134 89302 75565 75621
86000 84107 89215 75479 75552
86200 84070 89122 75434 75506
86400 84040 89010 75386 75452
86600 84019 88918 75338 75404
86800 84038 88827 75287 75355
87000 84044 88744 75267 75303
87200 84059 88652 75142 75250
87400 84109 88602 75093 75230
87600 84148 88544 75036 75178
87800 84187 88448 74987 75109
88000 84226 88395 74930 75040
88200 84293 88343 74904 75006
88400 84359 88258 74888 74961
88600 84426 88216 74861 74899
88800 84511 88168 74844 74871
89000 84583 88139 74750 74817
89200 84679 88125 74829 74793
89400 84764 88103 74733 74735
89600 84857 88093 74672 74709
89800 84967 88093 74625 74670
90000 85091 88122 74571 74654
90200 85205 88187 74596 74636
90400 85314 88258 74693 74632
90600 85320 88358 74734 74676
90800 85245 88500 74721 74744
91000 85206 88760 74625 74879
91200 85236 89059 74974 75028
91400 85319 89378 75178 75233
91600 85462 89685 75495 75422
91800 85697 90045 75634 75604
92000 85810 90333 75648 75769
92200 85885 90561 75870 75874
92400 85999 90733 76008 75957
92600 86121 90936 76051 76085
92800 86162 91079 76148 76169
93000 86187 91243 76236 76239
93200 86175 91322 76230 76287
93400 86164 91394 76338 76325
93600 86169 91448 76343 76374
93800 86134 91489 76289 76384
94000 86099 91502 76335 76398
94200 86039 91480 76331 76399
94400 85986 91429 76308 76366
94600 85944 91422 76287 76365
94800 85898 91365 76239 76329
95000 85832 91269 76210 76289
95200 85767 91201 76160 76252
95400 85723 91118 76205 76213
95600 85673 91025 76048 76173
95800 85646 90971 76034 76143
96000 85625 90874 76015 76091
96200 85624 90800 75943 76043
96400 85597 90696 75913 75990
96600 85584 90607 75836 75947
96800 85580 90514 75866 75917
97000 85594 90416 75735 75839
97200 85606 90341 75649 75780
97400 85610 90245 75640 75738
97600 85671 90166 75570 75702
97800 85702 90079 75579 75644
98000 85762 90016 75553 75591
98200 85839 89947 75503 75524
98400 85882 89871 75517 75475
98600 85953 89812 75470 75420
98800 86013 89740 75374 75369
99000 86097 89722 75308 75319
99200 86198 89716 75226 75279
99400 86311 89715 75263 75277
99600 86434 89720 75178 75257
99800 86533 89713 75124 75230
100000 86664 89740 75012 75230
100200 86802 89838 75108 75269
100400 86937 89932 75156 75291
100600 87052 90072 75257 75379
100800 87069 90281 75280 75462
101000 87097 90520 75757 75577
101200 87100 90779 75870 75735
101400 87168 91081 75877 75877
101600 87237 91373 75995 76014
101800 87293 91587 76027 76137
102000 87428 91832 76151 76302
102200 87511 92017 76255 76396
102400 87563 92187 76437 76475
102600 87579 92322 76425 76540
102800 87610 92440 76568 76596
103000 87550 92516 76617 76637
103200 87512 92573 76658 76675
103400 87488 92597 76592 76692
103600 87382 92581 76605 76675
103800 87304 92580 76596 76657
104000 87278 92543 76642 76630
104200 87212 92537 76578 76624
104400 87112 92517 76566 76611
104600 87034 92446 76541 76588
104800 86958 92376 76478 76527
105000 86884 92275 76456 76486
105200 86866 92213 76440 76447
105400 86756 92099 76343 76410
105600 86689 92011 76340 76354
105800 86683 91895 76254 76315
106000 86643 91817 76227 76282
106200 86567 91710 76209 76225
106400 86541 91595 76110 76183
106600 86560 91512 76057 76112
106800 86538 91411 75973 76037
107000 86494 91293 75911 75976
107200 86521 91192 75875 75909
107400 86555 91078 75856 75862
107600 86566 91015 75716 75826
107800 86579 90931 75628 75776
108000 86645 90863 75620 75728
108200 86700 90792 75559 75662
108400 86772 90731 75520 75613
108600 86836 90661 75515 75576
108800 86901 90614 75394 75515
109000 87001 90595 75406 75466
109200 87084 90560 75366 75406
109400 87183 90543 75297 75345
109600 87291 90547 75311 75312
109800 87372 90535 75201 75273
110000 87501 90557 75196 75253
110200 87663 90640 75264 75286
110400 87764 90753 75247 75328
110600 87783 90912 75222 75360
110800 87747 91143 75346 75450
111000 87764 91381 75680 75562
111200 87767 91651 75778 75711
111400 87809 91918 75822 75854
111600 87905 92209 75905 75994
111800 88015 92483 76158 76128
112000 88134 92714 76258 76229
112200 88247 92925 76327 76352
112400 88231 93087 76383 76411
112600 88311 93228 76382 76482
112800 88317 93315 76563 76522
113000 88290 93414 76642 76577
113200 88250 93485 76572 76595
113400 88188 93490 76652 76584
113600 88133 93515 76542 76584
113800 88051 93493 76586 76558
114000 88000 93464 76552 76527
114200 87891 93405 76532 76497
114400 87813 93366 76451 76475
114600 87753 93281 76490 76458
114800 87673 93198 76381 76407
115000 87572 93109 76333 76353
115200 87522 93045 76345 76334
115400 87480 92959 76303 76294
115600 87413 92847 76242 76247
115800 87337 92740 76190 76186
116000 87269 92628 76125 76136
116200 87245 92521 76033 76057
116400 87199 92412 75987 76026
116600 87178 92266 75996 75955
116800 87169 92178 75843 75899
117000 87170 92097 75796 75859
117200 87175 91969 75762 75794
117400 87230 91889 75696 75739
117600 87276 91807 75646 75695
117800 87288 91728 75579 75615
118000 87338 91633 75502 75548
118200 87374 91561 75487 75480
118400 87444 91478 75395 75412
118600 87495 91393 75365 75357
118800 87546 91294 75284 75308
119000 87626 91267 75237 75268
119200 87696 91218 75211 75205
119400 87796 91202 75218 75181
119600 87906 91193 75092 75142
119800 88020 91186 75072 75119
120000 88143 91226 74913 75098
120200 88270 91278 74922 75100
120400 88363 91384 74888 75143
120600 88462 91522 75020 75188
120800 88439 91707 75164 75268
121000 88397 91913 75280 75378
121200 88398 92170 75504 75507
121400 88407 92411 75562 75654
121600 88492 92693 75617 75786
121800 88538 92913 75799 75885
122000 88673 93126 75933 76002
122200 88708 93299 75990 76061
122400 88713 93442 76079 76155
122600 88688 93540 76166 76211
122800 88702 93633 76166 76279
123000 88629 93695 76213 76299
123200 88568 93691 76287 76289
123400 88463 93712 76270 76316
123600 88392 93716 76232 76270
123800 88349 93682 76270 76278
124000 88199 93625 76232 76232
124200 88108 93563 76199 76202
124400 88035 93498 76189 76184
124600 87945 93407 76111 76149
124800 87831 93348 75995 76108
125000 87759 93260 76053 76083
125200 87700 93175 76020 76031
125400 87661 93104 76045 76018
125600 87588 93000 75913 75969
125800 87535 92917 75844 75942
126000 87507 92791 75869 75887
126200 87451 92643 75787 75853
126400 87404 92548 75722 75795
126600 87396 92458 75670 75747
126800 87394 92344 75648 75702
127000 87375 92238 75524 75639
127200 87379 92130 75529 75587
127400 87393 92028 75419 75528
127600 87415 91937 75424 75488
127800 87443 91852 75342 75408
128000 87492 91755 75281 75342
128200 87544 91693 75223 75290
128400 87581 91598 75197 75234
128600 87636 91513 75163 75171
128800 87716 91460 75094 75125
129000 87786 91372 75102 75077
129200 87862 91348 75009 75020
129400 87957 91299 74999 74974
129600 88061 91285 74987 74912
129800 88178 91288 74883 74882
130000 88307 91323 74869 74885
130200 88421 91387 74842 74902
130400 88479 91484 74797 74942
130600 88423 91602 74871 74966
130800 88330 91805 75049 75065
131000 88333 92047 75201 75181
131200 88333 92323 75245 75311
131400 88406 92589 75433 75465
131600 88496 92863 75571 75616
131800 88601 93093 75793 75739
132000 88665 93313 75914 75861
132200 88768 93517 76016 75985
132400 88779 93692 76075 76077
132600 88828 93815 76103 76146
132800 88801 93889 76140 76154
133000 88754 93971 76181 76193
133200 88697 94031 76243 76225
133400 88696 94058 76244 76267
133600 88686 94076 76273 76278
133800 88539 94042 76246 76263
134000 88440 93977 76247 76222
134200 88361 93921 76259 76185
134400 88275 93865 76082 76156
134600 88165 93776 76169 76108
134800 88074 93705 76075 76071
135000 88000 93614 76080 76052
135200 87954 93514 76017 76025
135400 87908 93430 75999 76007
135600 87818 93303 75900 75951
135800 87764 93167 75899 75898
136000 87721 93081 75865 75871
136200 87700 93001 75809 75813
136400 87666 92875 75756 75761
136600 87625 92764 75689 75704
136800 87615 92642 75678 75638
137000 87610 92542 75545 75579
137200 87593 92430 75466 75508
137400 87598 92303 75413 75435
137600 87614 92228 75374 75402
137800 87655 92129 75298 75357
138000 87691 92012 75251 75303
138200 87724 91913 75203 75232
138400 87758 91813 75154 75173
138600 87815 91735 75075 75112
138800 87880 91667 75038 75081
139000 87948 91599 75100 75035
139200 88008 91557 75005 74981
139400 88105 91530 74985 74931
139600 88193 91506 74882 74891
139800 88308 91503 74803 74874
140000 88458 91543 74738 74883
140200 88593 91614 74790 74881
140400 88665 91699 74694 74897
140600 88725 91836 74915 74961
140800 88757 92061 75074 75093
141000 88738 92270 75289 75175
141200 88693 92505 75349 75313
141400 88709 92723 75345 75432
141600 88741 92984 75480 75565
141800 88812 93200 75512 75695
142000 88861 93412 75787 75829
142200 88924 93570 75809 75951
142400 88958 93729 75994 76042
142600 88970 93848 75961 76106
142800 88914 93931 76010 76135
143000 88822 93960 76050 76136
143200 88786 93997 76076 76157
143400 88732 94009 76194 76167
143600 88668 94020 76104 76218
143800 88591 94001 76160 76221
144000 88522 93984 76226 76225
144200 88408 93910 76155 76217
144400 88306 93862 76027 76191
144600 88240 93747 76090 76158
144800 88170 93680 76055 76130
145000 88076 93596 75972 76088
145200 88025 93513 75947 76074
145400 87951 93414 76005 76039
145600 87886 93298 75862 75993
145800 87860 93226 75916 75971
146000 87840 93155 75819 75959
146200 87807 93073 75879 75897
146400 87784 92983 75786 75856
146600 87782 92863 75756 75809
146800 87762 92764 75711 75751
147000 87742 92666 75640 75699
147200 87756 92558 75620 75638
147400 87769 92464 75520 75595
147600 87802 92388 75496 75553
147800 87858 92318 75457 75488
148000 87892 92215 75440 75441
148200 87931 92106 75344 75388
148400 87970 92024 75225 75347
148600 88030 91938 75204 75287
148800 88095 91848 75251 75238
149000 88193 91828 75194 75195
149200 88254 91763 75126 75139
149400 88359 91739 75123 75128
149600 88453 91711 75106 75096
149800 88555 91709 75131 75100
150000 88675 91743 75129 75126
150200 88811 91839 75097 75159
150400 88866 91960 75112 75203
150600 88889 92132 75233 75279
150800 88866 92342 75449 75397
151000 88786 92560 75544 75533
151200 88787 92787 75665 75652
151400 88869 93071 75773 75853
151600 88945 93358 75962 75997
151800 89055 93582 76092 76100
152000 89184 93799 76200 76214
152200 89167 93955 76298 76292
152400 89152 94055 76387 76348
152600 89145 94155 76377 76415
152800 89147 94257 76419 76488
153000 89134 94323 76466 76510
153200 89082 94389 76546 76556
153400 89011 94406 76604 76565
153600 88935 94392 76575 76542
153800 88820 94337 76527 76544
154000 88706 94242 76527 76514
154200 88642 94200 76561 76514
154400 88574 94161 76528 76531
154600 88449 94054 76484 76508
154800 88354 93973 76460 76464
155000 88286 93875 76392 76424
155200 88197 93777 76376 76392
155400 88145 93685 76369 76364
155600 88068 93570 76285 76317
155800 88007 93452 76304 76284
156000 87985 93325 76194 76275
156200 87959 93218 76231 76233
156400 87906 93137 76135 76188
156600 87878 93012 76064 76122
156800 87882 92919 76049 76085
157000 87888 92819 76012 76030
157200 87882 92713 75920 75977
157400 87918 92615 75868 75935
157600 87924 92493 75838 75875
157800 87937 92367 75770 75808
158000 87969 92274 75793 75776
158200 88024 92194 75686 75730
158400 88079 92098 75647 75679
158600 88119 92015 75584 75603
158800 88197 91967 75551 75578
159000 88286 91922 75508 75545
159200 88368 91876 75547 75515
159400 88455 91855 75461 75483
159600 88561 91832 75483 75449
159800 88693 91854 75342 75445
160000 88820 91878 75251 75438
160200 88984 91965 75295 75456
160400 89093 92061 75335 75501
160600 89114 92209 75337 75562
160800 89117 92445 75601 75695
161000 89045 92685 75949 75825
161200 89041 92913 75899 75987
161400 89132 93200 76010 76162
161600 89173 93446 76170 76298
161800 89260 93709 76350 76450
162000 89385 93951 76410 76589
162200 89448 94124 76621 76689
162400 89512 94297 76728 76812
162600 89520 94403 76743 76880
162800 89480 94483 76830 76912
163000 89399 94550 76908 76959
163200 89383 94583 76881 77015
163400 89371 94610 76971 77030
163600 89261 94610 76939 77021
163800 89134 94547 76956 77004
164000 89106 94531 77007 77021
164200 89022 94479 76951 77011
164400 88908 94391 76869 76998
164600 88803 94294 76910 76974
164800 88722 94239 76903 76949
165000 88646 94145 76844 76902
165200 88573 94033 76795 76851
165400 88490 93948 76785 76816
165600 88414 93844 76705 76752
165800 88365 93726 76743 76723
166000 88300 93622 76705 76683
166200 88232 93502 76602 76657
166400 88218 93387 76567 76594
166600 88168 93269 76572 76537
166800 88136 93128 76398 76469
167000 88115 93009 76369 76423
167200 88114 92902 76363 76359
167400 88087 92799 76280 76309
167600 88138 92711 76224 76265
167800 88180 92601 76139 76227
168000 88210 92512 76101 76160
168200 88247 92444 76007 76126
168400 88294 92332 76031 76083
168600 88345 92261 75916 76022
168800 88397 92169 75953 75957
169000 88459 92089 75897 75923
169200 88560 92071 75905 75899
169400 88638 92031 75810 75874
169600 88719 92015 75850 75840
169800 88808 91995 75848 75806
170000 88921 92020 75758 75788
170200 89065 92089 75759 75823
170400 89161 92194 75805 75854
170600 89138 92336 75825 75914
170800 89111 92537 75998 75984
171000 89104 92760 76204 76127
171200 89059 92983 76275 76258
171400 89112 93296 76518 76455
171600 89173 93546 76534 76616
171800 89245 93808 76766 76743
172000 89373 94038 76938 76901
172200 89494 94285 77017 77034
172400 89535 94428 77067 77121
172600 89526 94538 77134 77170
172800 89510 94632 77230 77236
173000 89527 94713 77242 77299
173200 89452 94731 77295 77321
173400 89386 94747 77314 77355
173600 89340 94769 77303 77341
173800 89313 94778 77307 77353
174000 89236 94767 77366 77375
174200 89161 94718 77332 77375
174400 89125 94676 77352 77358
174600 89060 94585 77343 77347
174800 88967 94528 77328 77329
175000 88916 94435 77343 77298
175200 88817 94344 77271 77257
175400 88756 94246 77213 77214
175600 88736 94158 77215 77175
175800 88665 94048 77145 77139
176000 88633 93955 77094 77119
176200 88598 93814 77107 77069
176400 88571 93712 76993 77011
176600 88581 93639 76947 76985
176800 88557 93539 76984 76934
177000 88543 93439 76899 76898
177200 88555 93333 76802 76864
177400 88582 93235 76781 76799
177600 88610 93125 76618 76757
177800 88647 93050 76686 76720
178000 88680 92967 76593 76648
178200 88726 92871 76547 76577
178400 88779 92787 76541 76546
178600 88851 92717 76527 76489
178800 88927 92647 76446 76444
179000 89021 92588 76408 76411
179200 89089 92540 76397 76368
179400 89191 92535 76368 76333
179600 89280 92490 76237 76277
179800 89399 92494 76195 76261
180000 89566 92558 76069 76241
180200 89686 92592 76031 76252
180400 89786 92674 76142 76285
180600 89736 92797 76179 76346
180800 89711 93037 76484 76485
181000 89682 93280 76607 76643
181200 89665 93507 76663 76771
181400 89746 93828 76826 76936
181600 89813 94101 76981 77096
181800 89932 94356 77036 77229
182000 90015 94600 77200 77361
182200 90115 94788 77386 77485
182400 90150 94963 77562 77592
182600 90184 95090 77508 77671
182800 90211 95232 77703 77767
183000 90187 95280 77773 77783
183200 90142 95351 77725 77814
183400 90044 95368 77787 77856
183600 90011 95379 77885 77881
183800 89969 95369 77782 77906
184000 89879 95328 77771 77900
184200 89802 95277 77804 77895
184400 89713 95218 77820 77860
184600 89660 95189 77757 77866
184800 89579 95077 77693 77845
185000 89482 94994 77692 77795
185200 89446 94907 77708 77753
185400 89368 94832 77714 77706
185600 89293 94721 77578 77667
185800 89251 94612 77588 77630
186000 89226 94514 77523 77565
186200 89174 94417 77492 77542
186400 89145 94303 77453 77521
186600 89102 94184 77415 77473
186800 89096 94053 77430 77416
187000 89091 93973 77277 77388
187200 89112 93883 77316 77347
187400 89142 93828 77270 77295
187600 89175 93725 77159 77252
187800 89184 93617 77071 77174
188000 89238 93548 77078 77127
188200 89296 93488 76972 77083
188400 89327 93394 76975 77035
188600 89371 93310 76956 76970
188800 89436 93249 76850 76922
189000 89511 93191 76860 76875
189200 89587 93135 76839 76807
189400 89692 93083 76704 76773
189600 89801 93082 76700 76774
189800 89898 93082 76722 76759
190000 90038 93128 76712 76770
190200 90160 93172 76715 76771
190400 90277 93263 76695 76828
190600 90195 93404 76749 76866
190800 90161 93620 76911 76969
191000 90110 93863 77129 77072
191200 90096 94108 77204 77204
191400 90203 94370 77289 77322
191600 90276 94670 77392 77491
191800 90399 94921 77657 77659
192000 90501 95138 77817 77801
192200 90580 95327 77818 77920
192400 90541 95430 77834 77971
192600 90558 95547 78010 78025
192800 90495 95632 78035 78055
193000 90507 95708 78070 78082
193200 90441 95745 78114 78108
193400 90393 95757 78094 78110
193600 90324 95738 78093 78104
193800 90207 95730 78086 78098
194000 90125 95689 78060 78107
194200 90062 95629 78141 78099
194400 89985 95541 78058 78064
194600 89888 95459 78068 78036
194800 89837 95399 77990 78024
195000 89745 95289 77985 77973
195200 89662 95199 77987 77943
195400 89596 95101 77902 77920
195600 89545 95007 77796 77867
195800 89491 94904 77874 77830
196000 89447 94811 77765 77778
196200 89426 94687 77730 77718
196400 89378 94576 77636 77685
196600 89347 94466 77553 77624
196800 89343 94368 77543 77567
197000 89322 94266 77506 77528
197200 89326 94139 77534 77454
197400 89344 94049 77326 77410
197600 89367 93957 77294 77375
197800 89400 93844 77264 77308
198000 89442 93737 77184 77243
198200 89482 93626 77146 77162
198400 89547 93568 77145 77126
198600 89583 93485 77066 77063
198800 89649 93409 77035 77025
199000 89707 93351 76906 76972
199200 89792 93297 76909 76937
199400 89885 93266 76953 76894
199600 89984 93248 76849 76844
199800 90108 93281 76720 76834
200000 90270 93334 76697 76852
