Iteration / Electron np / Ion np
199 97626 99781
399 97541 99223
599 97225 98649
799 96764 98107
999 96205 97629
1199 95806 97257
1399 95430 96894
1599 95044 96567
1799 94756 96246
1999 94425 95916
2199 94118 95644
2399 93843 95426
2599 93589 95128
2799 93366 94856
2999 93095 94668
3199 92893 94403
3399 92665 94145
3599 92391 93927
3799 92168 93732
3999 92010 93462
4199 91769 93240
4399 91573 93052
4599 91378 92906
4799 91245 92669
4999 91092 92446
5199 90915 92289
5399 90737 92152
5599 90611 91980
5799 90501 91776
5999 90377 91618
6199 90233 91483
6399 90101 91377
6599 89991 91229
6799 89878 91048
6999 89810 90896
7199 89703 90772
7399 89612 90656
7599 89542 90550
7799 89464 90465
7999 89375 90358
8199 89332 90237
8399 89294 90125
8599 89243 90018
8799 89174 89927
8999 89131 89836
9199 89100 89752
9399 89082 89691
9599 88974 89617
9799 88826 89552
9999 88678 89491
10199 88529 89426
10399 88370 89363
10599 88206 89289
10799 88022 89202
10999 87850 89104
11199 87662 88988
11399 87489 88846
11599 87312 88705
11799 87141 88565
11999 86946 88449
12199 86778 88264
12399 86607 88110
12599 86415 87950
12799 86259 87827
12999 86066 87663
13199 85912 87467
13399 85747 87290
13599 85576 87159
13799 85439 87040
13999 85264 86832
14199 85135 86640
14399 84973 86509
14599 84838 86386
14799 84708 86252
14999 84557 86055
15199 84441 85895
15399 84329 85767
15599 84218 85658
15799 84112 85521
15999 84013 85360
16199 83904 85210
16399 83819 85088
16599 83726 84980
16799 83649 84897
16999 83580 84799
17199 83508 84643
17399 83433 84527
17599 83388 84412
17799 83337 84329
17999 83290 84248
18199 83255 84170
18399 83213 84105
18599 83171 84046
18799 83144 83958
18999 83126 83872
19199 83110 83794
19399 83105 83725
19599 83099 83668
19799 83087 83615
19999 83091 83562
20199 83069 83504
20399 82956 83463
20599 82874 83418
20799 82770 83384
20999 82699 83337
21199 82615 83292
21399 82526 83249
21599 82438 83192
21799 82361 83152
21999 82273 83095
22199 82169 83039
22399 82110 82988
22599 81993 82920
22799 81929 82863
22999 81819 82785
23199 81726 82713
23399 81657 82632
23599 81576 82548
23799 81464 82474
23999 81390 82385
24199 81308 82307
24399 81212 82222
24599 81132 82157
24799 81072 82051
24999 80982 81973
25199 80877 81885
25399 80816 81811
25599 80755 81728
25799 80677 81656
25999 80600 81575
26199 80569 81491
26399 80497 81406
26599 80454 81334
26799 80375 81258
26999 80326 81203
27199 80291 81132
27399 80248 81064
27599 80195 80997
27799 80176 80924
27999 80134 80864
28199 80119 80803
28399 80089 80745
28599 80062 80695
28799 80047 80645
28999 80018 80601
29199 80006 80549
29399 80005 80504
29599 79993 80452
29799 79968 80417
29999 79863 80372
30199 79775 80334
30399 79677 80290
30599 79594 80243
30799 79489 80209
30999 79401 80167
31199 79308 80127
31399 79217 80084
31599 79126 80020
31799 79045 79972
31999 78936 79905
32199 78846 79842
32399 78753 79774
32599 78658 79705
32799 78565 79628
32999 78465 79550
33199 78380 79478
33399 78287 79397
33599 78206 79324
33799 78113 79232
33999 78030 79156
34199 77951 79059
34399 77860 78980
34599 77774 78896
34799 77700 78817
34999 77626 78731
35199 77543 78651
35399 77474 78568
35599 77413 78480
35799 77344 78405
35999 77290 78333
36199 77217 78245
36399 77171 78163
36599 77112 78088
36799 77065 78014
36999 77014 77962
37199 76974 77891
37399 76942 77811
37599 76913 77737
37799 76882 77672
37999 76855 77617
38199 76824 77559
38399 76800 77503
38599 76778 77454
38799 76756 77404
38999 76747 77355
39199 76730 77302
39399 76724 77252
39599 76726 77212
39799 76723 77161
39999 76719 77130
40199 76692 77092
40399 76600 77047
40599 76514 77015
40799 76419 76977
40999 76362 76942
41199 76264 76897
41399 76190 76866
41599 76117 76815
41799 76036 76774
41999 75948 76740
42199 75869 76674
42399 75811 76622
42599 75723 76568
42799 75663 76502
42999 75565 76446
43199 75487 76376
43399 75409 76303
43599 75316 76243
43799 75237 76170
43999 75151 76100
44199 75091 76034
44399 75016 75965
44599 74965 75890
44799 74871 75817
44999 74811 75743
45199 74751 75674
45399 74680 75606
45599 74648 75540
45799 74578 75462
45999 74525 75398
46199 74452 75328
46399 74400 75263
46599 74368 75190
46799 74302 75128
46999 74251 75072
47199 74218 74998
47399 74183 74935
47599 74156 74888
47799 74122 74822
47999 74091 74771
48199 74073 74728
48399 74042 74665
48599 74020 74607
48799 74006 74559
48999 73992 74515
49199 73968 74479
49399 73964 74440
49599 73973 74388
49799 73933 74355
49999 73840 74321
50199 73749 74287
50399 73669 74248
50599 73594 74198
50799 73503 74172
50999 73429 74125
51199 73346 74088
51399 73264 74047
51599 73170 74001
51799 73090 73953
51999 73002 73900
52199 72930 73846
52399 72839 73784
52599 72760 73723
52799 72681 73662
52999 72597 73594
53199 72508 73536
53399 72445 73452
53599 72361 73387
53799 72273 73314
53999 72203 73241
54199 72119 73169
54399 72050 73099
54599 71975 73026
54799 71905 72947
54999 71837 72883
55199 71766 72808
55399 71707 72730
55599 71640 72649
55799 71594 72586
55999 71543 72507
56199 71481 72444
56399 71424 72370
56599 71373 72299
56799 71340 72238
56999 71296 72166
57199 71266 72108
57399 71229 72038
57599 71201 71980
57799 71164 71924
57999 71124 71864
58199 71101 71824
58399 71089 71758
58599 71067 71709
58799 71051 71655
58999 71046 71610
59199 71045 71565
59399 71019 71522
59599 71015 71489
59799 71018 71440
59999 71008 71404
60199 70952 71364
60399 70864 71333
60599 70789 71291
60799 70704 71254
60999 70614 71223
61199 70553 71179
61399 70465 71137
61599 70386 71091
61799 70301 71040
61999 70220 70995
62199 70159 70939
62399 70061 70889
62599 69986 70830
62799 69905 70761
62999 69820 70697
63199 69744 70629
63399 69660 70569
63599 69595 70502
63799 69538 70423
63999 69445 70356
64199 69361 70297
64399 69291 70230
64599 69220 70153
64799 69184 70064
64999 69101 70006
65199 69029 69945
65399 68980 69870
65599 68919 69808
65799 68861 69748
65999 68820 69680
66199 68743 69601
66399 68715 69542
66599 68653 69489
66799 68613 69429
66999 68589 69367
67199 68544 69282
67399 68519 69222
67599 68470 69172
67799 68441 69131
67999 68422 69068
68199 68388 69020
68399 68366 68978
68599 68339 68934
68799 68341 68872
68999 68325 68821
69199 68302 68787
69399 68299 68746
69599 68297 68711
69799 68264 68681
69999 68168 68646
70199 68088 68608
70399 67998 68562
70599 67911 68520
70799 67830 68487
70999 67758 68445
71199 67684 68409
71399 67586 68365
71599 67510 68320
71799 67426 68273
71999 67355 68221
72199 67273 68164
72399 67181 68115
72599 67109 68045
72799 67031 67991
72999 66956 67917
73199 66876 67861
73399 66794 67790
73599 66722 67730
73799 66635 67653
73999 66561 67590
74199 66495 67526
74399 66421 67445
74599 66344 67367
74799 66277 67301
74999 66224 67236
75199 66170 67157
75399 66094 67094
75599 66036 67011
75799 65985 66949
75999 65919 66874
76199 65880 66814
76399 65828 66745
76599 65785 66683
76799 65738 66617
76999 65701 66549
77199 65676 66488
77399 65640 66430
77599 65594 66369
77799 65561 66313
77999 65546 66250
78199 65513 66201
78399 65506 66147
78599 65481 66101
78799 65466 66057
78999 65465 66008
79199 65450 65963
79399 65448 65918
79599 65445 65887
79799 65435 65849
79999 65413 65812
80199 65359 65770
80399 65280 65741
80599 65213 65712
