Iteration / Electron np / Ion np / Electron Inner np / Ion Inner np
0 10000 10000 5053 4892
200 8951 10007 4834 4901
400 8901 9980 4862 4917
600 8910 9958 4944 4946
800 8916 9913 4971 4964
1000 8908 9848 4960 4985
1200 8888 9768 4954 4993
1400 8842 9704 4997 5008
1600 8792 9634 5026 5018
1800 8757 9564 5022 5031
2000 8693 9497 5037 5040
2200 8625 9430 5024 5044
2400 8550 9371 5010 5047
2600 8499 9296 5012 5051
2800 8442 9237 5053 5056
3000 8391 9179 5069 5058
3200 8343 9137 5056 5062
3400 8307 9088 5059 5065
3600 8263 9046 5067 5067
3800 8224 8989 5074 5069
4000 8181 8948 5065 5070
4200 8145 8902 5069 5071
4400 8095 8849 5071 5070
4600 8069 8812 5073 5071
4800 8033 8769 5066 5070
5000 7996 8730 5062 5072
5200 7965 8684 5062 5072
5400 7945 8643 5061 5071
5600 7913 8602 5061 5070
5800 7886 8578 5078 5071
6000 7864 8537 5085 5068
6200 7836 8500 5091 5067
6400 7813 8465 5079 5071
6600 7794 8431 5059 5073
6800 7782 8397 5070 5073
7000 7767 8355 5079 5073
7200 7749 8322 5087 5076
7400 7736 8292 5092 5075
7600 7722 8269 5088 5075
7800 7716 8241 5085 5072
8000 7706 8211 5070 5072
8200 7699 8183 5073 5072
8400 7689 8160 5079 5075
8600 7679 8134 5086 5074
8800 7680 8108 5081 5077
9000 7674 8087 5080 5073
9200 7679 8064 5087 5078
9400 7674 8050 5074 5084
9600 7668 8035 5097 5086
9800 7647 8025 5088 5089
10000 7623 8009 5094 5093
10200 7598 8003 5111 5100
10400 7561 8002 5109 5110
10600 7518 7991 5133 5116
10800 7483 7993 5118 5131
11000 7443 7983 5145 5139
11200 7421 7986 5158 5152
11400 7410 7984 5183 5166
11600 7385 7982 5179 5177
11800 7360 7976 5184 5191
12000 7334 7960 5207 5202
12200 7314 7955 5233 5211
12400 7302 7952 5220 5227
12600 7286 7940 5263 5238
12800 7255 7930 5283 5250
13000 7229 7908 5240 5254
13200 7217 7896 5274 5269
13400 7196 7874 5293 5278
13600 7173 7858 5290 5286
13800 7157 7838 5307 5291
14000 7139 7822 5306 5306
14200 7125 7811 5333 5322
14400 7122 7800 5348 5332
14600 7102 7776 5359 5342
14800 7087 7760 5355 5350
15000 7075 7740 5360 5361
15200 7076 7720 5372 5372
15400 7053 7714 5380 5391
15600 7045 7694 5388 5401
15800 7028 7673 5403 5402
16000 7019 7652 5401 5406
16200 7010 7624 5408 5406
16400 7009 7607 5430 5419
16600 7009 7597 5433 5426
16800 7010 7576 5454 5436
17000 7008 7565 5451 5443
17200 7003 7547 5460 5451
17400 7001 7534 5476 5461
17600 7000 7513 5478 5468
17800 7002 7498 5476 5480
18000 7009 7486 5495 5492
18200 7017 7475 5497 5501
18400 7032 7470 5509 5517
18600 7041 7467 5515 5529
18800 7051 7458 5542 5540
19000 7060 7454 5545 5549
19200 7063 7441 5561 5552
19400 7080 7437 5550 5561
19600 7088 7433 5562 5566
19800 7102 7429 5568 5572
20000 7114 7426 5556 5577
20200 7123 7424 5568 5576
20400 7127 7428 5569 5587
20600 7132 7439 5577 5601
20800 7128 7453 5580 5613
21000 7117 7458 5607 5628
21200 7107 7469 5653 5640
21400 7093 7481 5645 5652
21600 7070 7496 5660 5666
21800 7068 7502 5671 5680
22000 7064 7515 5705 5693
22200 7053 7521 5727 5699
22400 7049 7526 5708 5710
22600 7048 7542 5742 5726
22800 7037 7551 5741 5741
23000 7033 7557 5760 5753
23200 7019 7550 5766 5764
23400 7006 7540 5785 5774
23600 7003 7535 5759 5781
23800 6995 7535 5774 5791
24000 6994 7539 5792 5806
24200 6981 7528 5801 5804
24400 6972 7531 5813 5813
24600 6969 7522 5807 5816
24800 6963 7518 5838 5822
25000 6955 7510 5820 5829
25200 6944 7491 5837 5832
25400 6939 7480 5850 5837
25600 6932 7468 5823 5841
25800 6922 7463 5844 5846
26000 6920 7443 5857 5853
26200 6910 7436 5837 5859
26400 6917 7427 5839 5865
26600 6920 7422 5837 5870
26800 6915 7411 5863 5877
27000 6913 7399 5870 5882
27200 6912 7384 5854 5882
27400 6920 7376 5878 5891
27600 6925 7373 5882 5891
27800 6930 7367 5860 5894
28000 6940 7365 5894 5898
28200 6946 7356 5892 5901
28400 6957 7354 5900 5901
28600 6967 7352 5900 5903
28800 6972 7348 5891 5901
29000 6981 7345 5899 5901
29200 6992 7345 5890 5900
29400 7001 7341 5894 5893
29600 7012 7345 5892 5894
29800 7024 7341 5885 5901
30000 7045 7347 5916 5904
30200 7065 7355 5915 5914
30400 7067 7362 5933 5923
30600 7067 7378 5919 5936
30800 7049 7382 5927 5944
31000 7043 7398 5959 5950
31200 7038 7421 5952 5966
31400 7029 7436 5957 5966
31600 7024 7462 5968 5979
31800 7019 7475 5976 5979
32000 7018 7498 5996 5987
32200 7014 7502 6009 6001
32400 7017 7509 6027 6018
32600 7007 7523 6035 6028
32800 6999 7532 6030 6039
33000 7007 7546 6054 6056
33200 7012 7560 6059 6073
33400 7017 7571 6075 6082
33600 7019 7576 6086 6094
33800 7006 7573 6096 6104
34000 7001 7575 6074 6110
34200 6995 7566 6078 6112
34400 6991 7558 6107 6113
34600 6984 7550 6084 6102
34800 6975 7544 6100 6105
35000 6971 7542 6081 6109
35200 6967 7531 6089 6102
35400 6969 7515 6089 6097
35600 6954 7511 6081 6099
35800 6957 7509 6105 6101
36000 6961 7497 6089 6095
36200 6956 7490 6080 6093
36400 6964 7484 6112 6099
36600 6972 7477 6102 6095
36800 6980 7471 6100 6102
37000 6979 7469 6099 6097
37200 6982 7462 6112 6099
37400 6985 7453 6087 6088
37600 6988 7440 6091 6087
37800 6995 7433 6085 6083
38000 7007 7428 6072 6085
38200 7020 7436 6084 6090
38400 7026 7426 6089 6092
38600 7041 7428 6086 6095
38800 7047 7423 6076 6094
39000 7056 7422 6085 6098
39200 7064 7417 6067 6092
39400 7076 7416 6074 6095
39600 7085 7417 6085 6092
39800 7094 7415 6091 6089
40000 7108 7416 6069 6086
40200 7122 7421 6074 6089
40400 7126 7421 6074 6082
40600 7140 7433 6078 6089
40800 7132 7439 6081 6090
41000 7121 7451 6073 6097
41200 7113 7464 6102 6102
41400 7095 7463 6121 6088
41600 7085 7476 6086 6095
41800 7068 7481 6089 6100
42000 7059 7494 6101 6106
42200 7048 7502 6101 6114
42400 7042 7514 6095 6114
42600 7027 7518 6090 6121
42800 7037 7526 6111 6127
43000 7041 7536 6114 6136
43200 7032 7536 6121 6134
43400 7020 7535 6115 6130
43600 7006 7534 6112 6126
43800 6999 7537 6120 6128
44000 6981 7525 6104 6119
44200 6981 7518 6097 6120
44400 6971 7519 6109 6119
44600 6967 7507 6111 6110
44800 6966 7500 6101 6106
45000 6945 7492 6113 6100
45200 6939 7480 6102 6100
45400 6932 7469 6084 6090
45600 6920 7451 6093 6081
45800 6912 7437 6061 6076
46000 6916 7433 6066 6076
46200 6918 7432 6084 6080
46400 6919 7420 6059 6082
46600 6920 7419 6067 6087
46800 6926 7407 6065 6083
47000 6927 7398 6059 6076
47200 6931 7389 6065 6074
47400 6933 7384 6067 6069
47600 6937 7381 6069 6073
47800 6938 7374 6050 6069
48000 6941 7360 6044 6066
48200 6942 7350 6034 6057
48400 6945 7339 6039 6050
48600 6949 7325 6052 6048
48800 6958 7325 6041 6043
49000 6964 7317 6020 6041
49200 6977 7314 6021 6039
49400 6987 7310 6024 6034
49600 6996 7314 6038 6031
49800 7016 7321 6027 6031
50000 7029 7326 6036 6032
50200 7049 7342 6044 6039
50400 7046 7342 6028 6033
50600 7040 7351 6027 6048
50800 7027 7364 6044 6057
51000 7029 7382 6072 6073
51200 7015 7404 6087 6080
51400 7011 7418 6087 6087
51600 6999 7431 6094 6092
51800 7000 7446 6103 6100
52000 6999 7470 6117 6127
52200 7011 7486 6117 6138
52400 7010 7501 6134 6140
52600 7012 7523 6157 6147
52800 7003 7520 6137 6145
53000 7004 7527 6140 6158
53200 6993 7524 6150 6154
53400 6983 7522 6147 6161
53600 6981 7521 6149 6155
53800 6973 7518 6152 6149
54000 6957 7517 6161 6147
54200 6955 7515 6154 6150
54400 6949 7508 6146 6144
54600 6938 7504 6140 6151
54800 6941 7502 6150 6151
55000 6931 7494 6140 6146
55200 6926 7489 6139 6149
55400 6923 7478 6122 6137
55600 6919 7474 6130 6129
55800 6913 7461 6136 6122
56000 6913 7453 6131 6121
56200 6922 7440 6130 6116
56400 6914 7429 6133 6114
56600 6913 7421 6113 6111
56800 6915 7415 6101 6107
57000 6919 7407 6118 6107
57200 6929 7401 6109 6112
57400 6925 7389 6101 6100
57600 6937 7389 6111 6106
57800 6938 7377 6111 6107
58000 6955 7380 6081 6111
58200 6956 7370 6080 6099
58400 6961 7357 6071 6094
58600 6965 7354 6069 6084
58800 6976 7347 6057 6081
59000 6980 7341 6032 6074
59200 6990 7341 6050 6072
59400 6996 7331 6035 6056
59600 7003 7323 6034 6048
59800 7013 7324 6040 6040
60000 7030 7325 6046 6039
60200 7047 7337 6026 6043
60400 7054 7335 6022 6038
60600 7042 7339 6019 6038
60800 7039 7348 6031 6038
61000 7030 7360 6036 6043
61200 7033 7376 6068 6049
61400 7026 7392 6059 6055
61600 7025 7421 6052 6062
61800 7019 7438 6059 6070
62000 7013 7450 6047 6075
62200 7009 7470 6071 6082
62400 7003 7486 6078 6082
62600 7023 7503 6098 6097
62800 7023 7511 6094 6103
63000 7033 7528 6101 6098
63200 7012 7520 6099 6091
63400 7011 7522 6089 6097
63600 7018 7530 6125 6100
63800 7008 7543 6086 6099
64000 7001 7541 6100 6088
64200 6997 7541 6089 6085
64400 6983 7531 6086 6082
64600 6987 7532 6097 6080
64800 6986 7526 6088 6075
65000 6971 7521 6083 6073
65200 6972 7514 6067 6072
65400 6972 7505 6067 6071
65600 6961 7490 6084 6071
65800 6953 7474 6054 6063
66000 6943 7462 6067 6058
66200 6938 7444 6054 6047
66400 6930 7434 6001 6043
66600 6933 7424 6029 6039
66800 6926 7415 6018 6029
67000 6928 7408 6033 6025
67200 6932 7399 5991 6023
67400 6938 7396 5998 6017
67600 6942 7385 5999 6008
67800 6944 7376 5987 6005
68000 6940 7362 5979 6000
68200 6946 7362 5970 5996
68400 6950 7355 5999 5989
68600 6957 7345 5991 5985
68800 6967 7336 5976 5987
69000 6967 7331 5973 5980
69200 6982 7332 5972 5985
69400 6990 7332 5956 5973
69600 6999 7324 5959 5969
69800 7002 7323 5972 5958
70000 7009 7326 5957 5958
70200 7016 7321 5957 5956
70400 7018 7321 5942 5955
70600 7018 7334 5957 5962
70800 7013 7347 5977 5980
71000 7006 7370 6001 5988
71200 7007 7390 5983 5993
71400 7000 7401 5978 5997
71600 7010 7434 6013 6007
71800 7002 7448 6003 6013
72000 6993 7466 6022 6017
72200 6990 7485 6028 6032
72400 6996 7500 6049 6042
72600 6986 7507 6034 6040
72800 6979 7496 6024 6036
73000 6970 7503 6033 6045
73200 6971 7514 6028 6045
73400 6963 7512 6027 6046
73600 6956 7502 6046 6039
73800 6949 7506 6034 6036
74000 6944 7501 6036 6040
74200 6928 7496 6033 6029
74400 6932 7492 6028 6027
74600 6933 7489 6020 6030
74800 6926 7487 6024 6029
75000 6930 7483 6023 6026
75200 6913 7469 6013 6023
75400 6908 7463 6023 6020
75600 6904 7453 6008 6007
75800 6894 7432 6001 5995
76000 6893 7421 5983 5993
76200 6881 7406 5980 5981
76400 6874 7390 5967 5965
76600 6877 7373 5965 5960
76800 6872 7358 5946 5952
77000 6872 7356 5956 5947
77200 6877 7352 5943 5935
77400 6874 7330 5909 5919
77600 6876 7322 5902 5911
77800 6876 7310 5913 5898
78000 6875 7301 5884 5887
78200 6882 7285 5870 5875
78400 6883 7278 5854 5866
78600 6887 7276 5832 5855
78800 6893 7271 5826 5847
79000 6906 7267 5834 5837
79200 6918 7263 5826 5833
79400 6922 7262 5815 5832
79600 6936 7264 5819 5838
79800 6946 7265 5827 5834
80000 6960 7272 5812 5824
80200 6981 7282 5816 5825
80400 6985 7291 5825 5819
80600 6994 7291 5824 5812
80800 6976 7304 5817 5823
81000 6968 7311 5826 5825
81200 6955 7321 5814 5827
81400 6937 7330 5804 5829
81600 6929 7342 5833 5837
81800 6931 7363 5833 5849
82000 6930 7375 5847 5857
82200 6926 7382 5842 5862
82400 6928 7402 5876 5869
82600 6935 7423 5865 5880
82800 6930 7427 5866 5880
83000 6925 7443 5880 5879
83200 6919 7448 5886 5874
83400 6921 7446 5876 5874
83600 6903 7444 5861 5876
83800 6886 7436 5868 5878
84000 6879 7426 5879 5878
84200 6868 7424 5851 5875
84400 6861 7424 5864 5876
84600 6856 7422 5836 5878
84800 6852 7415 5861 5878
85000 6841 7401 5850 5875
85200 6832 7392 5866 5862
85400 6833 7380 5835 5858
85600 6818 7365 5855 5850
85800 6805 7345 5842 5844
86000 6803 7342 5834 5843
86200 6799 7324 5822 5834
86400 6804 7315 5810 5829
86600 6806 7310 5850 5829
86800 6791 7296 5813 5819
87000 6790 7283 5794 5813
87200 6804 7281 5807 5820
87400 6802 7270 5798 5807
87600 6803 7255 5791 5796
87800 6806 7244 5771 5789
88000 6804 7227 5753 5778
88200 6807 7215 5758 5769
88400 6813 7209 5743 5754
88600 6824 7206 5746 5746
88800 6831 7200 5761 5736
89000 6842 7201 5733 5735
89200 6857 7198 5737 5731
89400 6861 7199 5715 5726
89600 6866 7192 5712 5721
89800 6866 7188 5710 5716
90000 6873 7183 5709 5710
90200 6883 7183 5680 5706
90400 6888 7189 5695 5712
90600 6872 7192 5705 5701
90800 6864 7206 5723 5711
91000 6857 7216 5715 5716
91200 6849 7227 5741 5726
91400 6837 7243 5717 5735
91600 6825 7255 5743 5749
91800 6831 7274 5740 5758
92000 6815 7286 5753 5764
92200 6801 7285 5781 5768
92400 6795 7290 5782 5774
92600 6802 7307 5777 5781
92800 6803 7321 5779 5793
93000 6786 7316 5795 5797
93200 6784 7316 5799 5798
93400 6779 7320 5785 5797
93600 6772 7322 5804 5804
93800 6773 7325 5772 5802
94000 6758 7322 5790 5798
94200 6744 7310 5789 5797
94400 6737 7295 5774 5798
94600 6729 7284 5758 5790
94800 6721 7278 5772 5783
95000 6721 7274 5766 5779
95200 6713 7274 5748 5770
95400 6701 7262 5752 5762
95600 6704 7257 5771 5764
95800 6698 7236 5756 5753
96000 6702 7231 5736 5749
96200 6688 7219 5742 5743
96400 6685 7204 5732 5735
96600 6680 7195 5719 5723
96800 6672 7176 5723 5705
97000 6675 7161 5700 5698
97200 6675 7152 5702 5694
97400 6671 7141 5680 5685
97600 6672 7124 5676 5674
97800 6682 7120 5682 5670
98000 6685 7113 5675 5667
98200 6690 7107 5653 5661
98400 6696 7102 5658 5654
98600 6701 7096 5641 5646
98800 6709 7092 5652 5643
99000 6717 7082 5636 5639
99200 6720 7070 5640 5638
99400 6728 7069 5638 5638
99600 6742 7063 5635 5637
99800 6749 7056 5628 5632
100000 6772 7061 5640 5639
100200 6788 7070 5640 5637
100400 6800 7079 5635 5642
100600 6797 7091 5650 5650
100800 6793 7109 5666 5658
101000 6785 7132 5674 5673
101200 6768 7137 5675 5676
101400 6767 7157 5682 5686
101600 6770 7185 5691 5707
101800 6758 7187 5681 5703
102000 6757 7202 5694 5712
102200 6755 7219 5711 5719
102400 6750 7227 5717 5719
102600 6740 7234 5711 5720
102800 6731 7232 5717 5716
103000 6723 7238 5712 5716
103200 6723 7245 5729 5721
103400 6720 7249 5691 5725
103600 6713 7245 5720 5723
103800 6710 7254 5708 5725
104000 6701 7247 5717 5725
104200 6684 7241 5713 5718
104400 6689 7241 5721 5720
104600 6679 7231 5709 5714
104800 6672 7228 5715 5712
105000 6670 7223 5710 5708
105200 6655 7209 5708 5702
105400 6655 7204 5681 5701
105600 6647 7188 5685 5691
105800 6644 7174 5692 5689
106000 6631 7162 5665 5684
106200 6628 7148 5675 5676
106400 6622 7128 5674 5677
106600 6618 7116 5663 5666
106800 6618 7104 5646 5664
107000 6617 7098 5667 5662
107200 6618 7093 5653 5655
107400 6626 7084 5647 5654
107600 6622 7078 5626 5647
107800 6623 7068 5615 5641
108000 6626 7055 5632 5640
108200 6624 7043 5612 5635
108400 6626 7037 5609 5626
108600 6636 7024 5610 5615
108800 6645 7022 5603 5612
109000 6652 7010 5604 5604
109200 6663 7013 5608 5610
109400 6670 7010 5597 5608
109600 6683 7009 5607 5607
109800 6701 7009 5594 5608
110000 6713 7015 5606 5606
110200 6729 7017 5605 5603
110400 6732 7027 5615 5603
110600 6725 7041 5608 5604
110800 6699 7041 5592 5605
111000 6689 7052 5610 5610
111200 6677 7063 5604 5610
111400 6663 7077 5634 5616
111600 6649 7088 5629 5614
111800 6655 7104 5639 5628
112000 6648 7118 5624 5626
112200 6650 7135 5640 5632
112400 6651 7145 5643 5645
112600 6643 7152 5647 5638
112800 6644 7159 5650 5650
113000 6636 7163 5645 5654
113200 6631 7160 5654 5646
113400 6617 7166 5652 5648
113600 6605 7162 5648 5646
113800 6597 7157 5647 5638
114000 6584 7147 5627 5634
114200 6577 7140 5625 5636
114400 6571 7134 5628 5629
114600 6565 7130 5625 5626
114800 6563 7122 5630 5626
115000 6547 7120 5611 5624
115200 6539 7102 5601 5616
115400 6534 7093 5598 5608
115600 6524 7082 5596 5597
115800 6518 7063 5602 5599
116000 6514 7048 5605 5598
116200 6499 7034 5582 5592
116400 6497 7022 5580 5590
116600 6494 7008 5572 5580
116800 6490 7001 5580 5582
117000 6498 6990 5558 5574
117200 6497 6976 5551 5564
117400 6502 6968 5559 5557
117600 6504 6956 5560 5553
117800 6502 6947 5543 5550
118000 6500 6935 5538 5543
118200 6510 6928 5540 5543
118400 6525 6929 5525 5539
118600 6534 6919 5499 5534
118800 6544 6911 5521 5529
119000 6548 6908 5492 5517
119200 6558 6903 5481 5518
119400 6565 6896 5502 5513
119600 6572 6890 5485 5506
119800 6585 6892 5479 5502
120000 6595 6892 5484 5495
120200 6609 6897 5499 5487
120400 6606 6898 5479 5485
120600 6605 6910 5495 5493
120800 6606 6926 5489 5498
121000 6610 6958 5519 5505
121200 6609 6981 5496 5519
121400 6619 7005 5524 5532
121600 6607 7020 5534 5535
121800 6606 7043 5528 5546
122000 6588 7050 5523 5549
122200 6586 7077 5556 5559
122400 6594 7084 5573 5571
122600 6589 7099 5573 5577
122800 6587 7105 5566 5578
123000 6582 7102 5595 5580
123200 6574 7103 5593 5586
123400 6569 7104 5561 5594
123600 6568 7113 5589 5597
123800 6580 7118 5594 5608
124000 6566 7115 5582 5606
124200 6566 7126 5594 5607
124400 6558 7119 5580 5607
124600 6563 7122 5595 5615
124800 6555 7115 5607 5615
125000 6544 7102 5600 5609
125200 6547 7099 5616 5613
125400 6548 7094 5596 5610
125600 6545 7095 5621 5611
125800 6536 7077 5592 5605
126000 6541 7072 5604 5612
126200 6538 7065 5603 5618
126400 6540 7062 5596 5614
126600 6532 7039 5599 5608
126800 6530 7035 5598 5601
127000 6534 7031 5600 5598
127200 6541 7025 5596 5596
127400 6548 7009 5590 5592
127600 6547 7007 5579 5588
127800 6547 6988 5593 5581
128000 6561 6985 5562 5583
128200 6561 6979 5559 5572
128400 6570 6974 5583 5574
128600 6569 6967 5588 5569
128800 6585 6967 5548 5569
129000 6601 6962 5587 5572
129200 6610 6957 5572 5572
129400 6630 6965 5578 5579
129600 6652 6972 5572 5582
129800 6671 6979 5569 5580
130000 6685 6976 5567 5575
130200 6702 6988 5583 5572
130400 6697 6991 5576 5583
130600 6697 7002 5593 5594
130800 6684 7016 5615 5601
131000 6681 7033 5605 5611
131200 6666 7043 5608 5613
131400 6656 7066 5625 5624
131600 6659 7086 5614 5640
131800 6644 7093 5626 5634
132000 6642 7106 5644 5640
132200 6646 7125 5633 5648
132400 6638 7132 5653 5652
132600 6647 7155 5656 5664
132800 6650 7167 5669 5666
133000 6631 7162 5658 5655
133200 6628 7163 5639 5657
133400 6626 7164 5675 5662
133600 6614 7157 5660 5656
133800 6618 7158 5639 5664
134000 6611 7158 5664 5668
134200 6609 7161 5650 5678
134400 6603 7158 5660 5668
134600 6601 7154 5667 5669
134800 6595 7158 5673 5678
135000 6589 7149 5675 5677
135200 6594 7143 5676 5673
135400 6587 7135 5656 5667
135600 6580 7134 5657 5667
135800 6583 7124 5674 5657
136000 6578 7112 5654 5653
136200 6585 7106 5654 5652
136400 6583 7093 5639 5640
136600 6581 7088 5659 5643
136800 6590 7077 5650 5640
137000 6582 7065 5622 5630
137200 6590 7060 5631 5627
137400 6590 7052 5627 5621
137600 6589 7038 5624 5617
137800 6594 7027 5604 5610
138000 6593 7019 5591 5604
138200 6601 7012 5607 5599
138400 6607 7007 5604 5597
138600 6612 6999 5580 5583
138800 6620 6986 5564 5574
139000 6629 6986 5588 5569
139200 6632 6978 5558 5564
139400 6639 6972 5564 5561
139600 6647 6966 5556 5557
139800 6661 6969 5555 5554
140000 6680 6978 5552 5555
140200 6685 6979 5574 5551
140400 6689 6975 5546 5544
140600 6687 6987 5568 5548
140800 6687 7006 5543 5558
141000 6685 7025 5578 5568
141200 6682 7044 5578 5583
141400 6679 7059 5567 5587
141600 6673 7074 5588 5597
141800 6673 7098 5581 5611
142000 6666 7115 5588 5619
142200 6658 7123 5604 5631
142400 6655 7138 5645 5644
142600 6643 7143 5629 5632
142800 6636 7154 5632 5629
143000 6637 7163 5627 5639
143200 6629 7162 5627 5636
143400 6623 7164 5644 5640
143600 6618 7161 5638 5644
143800 6606 7150 5641 5641
144000 6591 7139 5629 5639
144200 6587 7142 5638 5635
144400 6585 7130 5659 5636
144600 6575 7123 5639 5633
144800 6554 7109 5627 5627
145000 6549 7106 5623 5624
145200 6543 7091 5615 5620
145400 6547 7085 5612 5620
145600 6535 7072 5612 5618
145800 6521 7062 5612 5612
146000 6516 7051 5604 5608
146200 6514 7033 5600 5603
146400 6510 7029 5591 5593
146600 6513 7017 5592 5590
146800 6507 7003 5575 5588
147000 6501 6994 5584 5586
147200 6501 6981 5584 5579
147400 6498 6970 5545 5570
147600 6506 6962 5550 5569
147800 6509 6945 5563 5558
148000 6511 6935 5538 5550
148200 6511 6917 5520 5546
148400 6521 6911 5527 5543
148600 6526 6908 5532 5544
148800 6530 6900 5528 5539
149000 6535 6888 5535 5533
149200 6544 6887 5505 5534
149400 6549 6875 5521 5525
149600 6564 6881 5517 5528
149800 6575 6881 5512 5523
150000 6583 6882 5487 5512
150200 6586 6879 5499 5507
150400 6590 6883 5482 5508
150600 6568 6892 5494 5510
150800 6572 6906 5482 5517
151000 6559 6927 5523 5525
151200 6558 6947 5528 5535
151400 6551 6965 5533 5543
151600 6540 6977 5543 5550
151800 6541 6997 5550 5554
152000 6531 7016 5576 5569
152200 6548 7033 5569 5578
152400 6540 7033 5580 5577
152600 6544 7045 5596 5588
152800 6539 7051 5585 5596
153000 6544 7055 5591 5594
153200 6536 7068 5616 5598
153400 6531 7078 5602 5606
153600 6532 7075 5611 5606
153800 6518 7077 5605 5606
154000 6514 7075 5600 5608
154200 6519 7074 5617 5606
154400 6511 7062 5620 5607
154600 6509 7062 5587 5604
154800 6501 7052 5603 5602
155000 6486 7036 5607 5593
155200 6478 7032 5571 5589
155400 6466 7018 5585 5579
155600 6457 7009 5573 5569
155800 6454 7001 5569 5570
156000 6457 6994 5576 5567
156200 6452 6987 5563 5567
156400 6442 6976 5552 5562
156600 6447 6972 5559 5559
156800 6449 6966 5546 5557
157000 6454 6948 5537 5558
157200 6448 6930 5533 5550
157400 6454 6912 5551 5542
157600 6456 6899 5536 5542
157800 6455 6888 5533 5533
158000 6462 6880 5518 5533
158200 6463 6872 5516 5525
158400 6469 6872 5523 5522
158600 6479 6866 5522 5517
158800 6484 6863 5510 5513
159000 6494 6857 5490 5506
159200 6497 6851 5489 5495
159400 6504 6849 5500 5496
159600 6514 6843 5482 5497
159800 6533 6849 5492 5500
160000 6537 6845 5487 5498
160200 6546 6841 5500 5491
160400 6552 6838 5482 5491
160600 6548 6846 5495 5491
160800 6555 6866 5515 5497
161000 6547 6884 5509 5507
161200 6542 6909 5518 5520
161400 6532 6929 5521 5525
161600 6530 6945 5529 5529
161800 6522 6967 5532 5539
162000 6537 6986 5564 5556
162200 6531 7002 5573 5576
162400 6540 7017 5605 5592
162600 6551 7033 5594 5601
162800 6549 7046 5599 5599
163000 6549 7059 5626 5617
163200 6536 7060 5614 5612
163400 6542 7065 5630 5622
163600 6537 7069 5620 5623
163800 6536 7070 5629 5628
164000 6529 7066 5618 5623
164200 6511 7061 5603 5621
164400 6521 7066 5635 5629
164600 6513 7055 5626 5623
164800 6501 7052 5614 5624
165000 6500 7046 5614 5623
165200 6498 7041 5615 5618
165400 6491 7031 5600 5620
165600 6482 7021 5612 5612
165800 6484 7020 5603 5613
166000 6473 7006 5584 5610
166200 6468 6991 5590 5602
166400 6471 6979 5581 5596
166600 6471 6975 5575 5590
166800 6467 6966 5585 5588
167000 6462 6956 5583 5586
167200 6471 6945 5556 5592
167400 6471 6936 5580 5588
167600 6466 6919 5575 5577
167800 6469 6909 5532 5570
168000 6473 6899 5550 5561
168200 6474 6888 5529 5552
168400 6479 6883 5541 5548
168600 6479 6867 5527 5536
168800 6490 6857 5513 5523
169000 6499 6855 5505 5520
169200 6515 6857 5498 5516
169400 6526 6859 5517 5512
169600 6528 6848 5524 5506
169800 6541 6852 5517 5508
170000 6555 6857 5506 5506
170200 6566 6863 5507 5500
170400 6575 6877 5530 5506
170600 6587 6899 5530 5516
170800 6585 6914 5539 5528
171000 6591 6942 5547 5546
171200 6580 6963 5556 5554
171400 6566 6975 5576 5555
171600 6560 6987 5569 5558
171800 6563 7007 5587 5571
172000 6569 7025 5582 5584
172200 6568 7037 5579 5599
172400 6570 7053 5591 5610
172600 6572 7066 5606 5616
172800 6577 7086 5626 5625
173000 6575 7091 5613 5623
173200 6573 7096 5644 5625
173400 6566 7103 5621 5629
173600 6557 7105 5626 5635
173800 6553 7101 5630 5638
174000 6547 7099 5652 5642
174200 6540 7093 5618 5643
174400 6546 7089 5642 5645
174600 6542 7088 5626 5640
174800 6533 7084 5640 5638
175000 6525 7075 5644 5630
175200 6521 7062 5630 5627
175400 6517 7060 5621 5633
175600 6516 7043 5624 5636
175800 6505 7036 5642 5626
176000 6494 7026 5608 5617
176200 6489 7020 5617 5618
176400 6488 7004 5593 5606
176600 6486 6993 5615 5607
176800 6483 6992 5613 5607
177000 6485 6982 5608 5602
177200 6495 6972 5576 5593
177400 6497 6958 5589 5594
177600 6505 6959 5576 5589
177800 6509 6952 5592 5589
178000 6515 6949 5578 5584
178200 6516 6938 5568 5578
178400 6523 6927 5560 5571
178600 6531 6918 5560 5564
178800 6530 6905 5543 5556
179000 6537 6898 5532 5546
179200 6545 6893 5530 5541
179400 6554 6891 5532 5540
179600 6567 6894 5526 5532
179800 6571 6891 5519 5530
180000 6582 6892 5515 5519
180200 6590 6893 5501 5520
180400 6594 6900 5531 5528
180600 6602 6906 5519 5524
180800 6595 6915 5534 5518
181000 6594 6924 5528 5522
181200 6585 6944 5519 5532
181400 6578 6951 5543 5532
181600 6570 6971 5567 5543
181800 6560 6989 5561 5557
182000 6555 7003 5573 5560
182200 6542 7010 5572 5557
182400 6526 7011 5526 5560
182600 6508 7008 5547 5554
182800 6511 7007 5552 5563
183000 6486 7008 5558 5563
183200 6480 7003 5566 5561
183400 6476 6994 5564 5559
183600 6459 6988 5544 5563
183800 6449 6986 5547 5556
184000 6446 6983 5567 5559
184200 6440 6975 5576 5559
184400 6430 6972 5545 5565
184600 6429 6973 5559 5559
184800 6419 6969 5556 5556
185000 6417 6959 5553 5550
185200 6405 6951 5526 5550
185400 6384 6944 5524 5543
185600 6387 6935 5533 5545
185800 6393 6930 5540 5543
186000 6397 6923 5535 5544
186200 6390 6911 5531 5532
186400 6385 6904 5507 5530
186600 6387 6882 5517 5524
186800 6381 6884 5529 5520
187000 6382 6867 5515 5514
187200 6388 6863 5503 5516
187400 6394 6853 5501 5513
187600 6401 6849 5487 5509
187800 6402 6836 5478 5499
188000 6410 6823 5495 5494
188200 6415 6817 5456 5493
188400 6420 6811 5471 5489
188600 6426 6805 5479 5480
188800 6436 6804 5464 5478
189000 6449 6805 5451 5472
189200 6464 6802 5458 5470
189400 6472 6803 5463 5467
189600 6488 6805 5459 5456
189800 6504 6808 5461 5460
190000 6512 6800 5473 5457
190200 6527 6808 5467 5457
190400 6531 6819 5458 5458
190600 6533 6837 5456 5465
190800 6512 6847 5449 5466
191000 6512 6867 5478 5479
191200 6509 6883 5497 5492
191400 6484 6892 5501 5492
191600 6486 6921 5516 5512
191800 6489 6949 5543 5533
192000 6495 6967 5537 5538
192200 6502 6981 5549 5543
192400 6504 6997 5558 5551
192600 6505 7013 5568 5561
192800 6511 7018 5559 5555
193000 6512 7027 5580 5565
193200 6502 7039 5568 5573
193400 6504 7044 5560 5570
193600 6496 7051 5585 5569
193800 6482 7048 5573 5562
194000 6475 7043 5559 5563
194200 6471 7040 5589 5572
194400 6466 7035 5585 5579
194600 6469 7036 5567 5587
194800 6464 7025 5587 5585
195000 6467 7024 5589 5582
195200 6452 7013 5577 5568
195400 6454 7002 5586 5571
195600 6443 6991 5569 5574
195800 6440 6980 5576 5575
196000 6444 6974 5556 5575
196200 6445 6963 5569 5568
196400 6446 6951 5565 5569
196600 6450 6956 5576 5572
196800 6448 6945 5580 5567
197000 6448 6938 5553 5563
197200 6454 6933 5565 5564
197400 6457 6928 5564 5562
197600 6453 6913 5545 5557
197800 6457 6902 5549 5555
198000 6463 6892 5536 5544
198200 6476 6885 5529 5536
198400 6488 6883 5556 5533
198600 6501 6881 5513 5539
198800 6505 6874 5531 5528
199000 6515 6879 5524 5527
199200 6522 6879 5517 5524
199400 6529 6874 5513 5526
199600 6547 6873 5538 5533
199800 6566 6883 5543 5547
200000 6573 6881 5531 5544
