Iteration / Electron np / Ion np / Electron Inner np / Ion Inner np
0 10000 10000 4966 4898
1000 8962 9739 4915 4897
2000 8546 9313 4912 4902
3000 8246 8986 4932 4917
4000 7998 8713 4942 4934
5000 7809 8486 4947 4941
6000 7661 8289 4943 4947
7000 7565 8110 4929 4945
8000 7509 7968 4955 4945
9000 7485 7843 4925 4948
10000 7390 7747 4970 4946
11000 7168 7649 4935 4953
12000 6961 7541 4963 4953
13000 6757 7399 4964 4960
14000 6594 7238 4939 4964
15000 6450 7089 4945 4965
16000 6349 6934 4951 4968
17000 6288 6799 4966 4969
18000 6263 6680 4980 4972
19000 6253 6579 4950 4972
20000 6302 6506 4990 4971
