Time in microseconds. Total time: 633 min. Iter / Coll / Push1 / Fluid / Rho / Phi / E / Push2
200 16813 64054 53 36750 26 10 81613
400 0 61343 55 40472 19 12 78810
600 18310 58786 60 37319 14 12 75581
800 17826 62435 57 39719 19 8 78361
1000 21432 60254 54 39889 25 13 80631
1200 17168 65240 58 36737 22 14 78403
1400 16840 64020 51 38064 21 12 75473
1600 0 59326 59 35968 20 15 73583
1800 0 70738 67 41342 29 9 100652
2000 16183 60933 54 37705 26 12 73771
2200 16016 59450 59 36991 20 12 77498
2400 16512 68887 81 41522 33 16 90114
2600 20023 69317 57 42358 25 10 85128
2800 0 57341 57 36110 20 16 73230
3000 15724 57122 54 35153 27 9 72396
3200 17880 63845 62 36776 23 10 73742
3400 0 56246 95 34653 21 10 73285
3600 16646 58783 132 34801 21 9 73563
3800 16770 55167 56 34810 19 12 72676
4000 18270 55860 73 34267 21 7 72138
4200 0 56561 53 34363 23 10 73011
4400 16128 55491 57 34593 21 14 72885
4600 15787 58014 59 37861 31 15 71788
4800 20166 69629 89 43520 25 10 83219
5000 24526 67714 67 42054 22 10 83728
5200 20536 67486 92 40124 18 9 86686
5400 19035 63989 69 41855 25 10 88285
5600 18791 63627 69 42424 28 9 86785
5800 19132 71025 65 41625 27 14 92237
6000 19158 69069 76 38643 25 10 88507
6200 19206 63951 131 39241 25 13 89350
6400 23706 65703 69 42270 20 11 92387
6600 19370 67158 65 39615 34 11 94430
6800 20719 73286 64 40347 29 9 85816
7000 16374 65121 570 40402 32 9 80532
7200 20830 66290 84 42690 30 8 94664
7400 14455 54505 54 33858 26 12 90717
7600 19510 65326 69 39663 28 10 87162
7800 16078 58547 54 33654 22 11 71113
8000 15612 54910 57 33416 19 19 69514
8200 17420 64384 65 40375 26 13 80247
8400 17446 59784 60 33712 18 79 72787
8600 21111 68391 68 40026 622 45 81464
8800 21105 68052 73 42718 32 14 84068
9000 19755 69528 68 41139 27 7 90499
9200 17304 66755 64 39687 20 11 84560
9400 21264 66027 66 41107 17 9 82229
9600 21665 71459 71 40071 28 10 80272
9800 0 64118 66 37782 25 8 84878
10000 16729 55092 60 34994 24 10 69188
10200 17431 68942 64 40383 27 10 85799
10400 16496 56972 89 33753 205 14 71117
10600 20310 54890 59 33604 19 6 76316
10800 21491 65756 62 38115 27 8 83994
11000 19983 63276 56 33316 20 13 70597
11200 15292 52782 61 32932 26 10 69099
11400 16717 55552 58 33589 20 964 69298
11600 0 54523 53 34444 53 10 68749
11800 0 54610 57 33740 21 8 67434
12000 15101 55960 54 32785 17 11 69624
12200 19644 54316 52 33888 19 14 67968
12400 17795 52158 54 33272 22 9 67609
12600 16989 55914 55 33481 21 16 71869
12800 20055 64599 62 36280 25 7 88754
13000 18284 64924 77 48366 89 11 88942
13200 20077 63864 76 39528 28 9 82997
13400 16877 67657 64 39209 34 9 87991
13600 19480 62742 134 39033 34 14 82138
13800 19099 66191 67 38421 16 7 85622
14000 19344 67363 66 39572 33 10 75514
14200 19102 64007 154 38933 26 16 78182
14400 18613 64034 68 38030 23 9 83615
14600 0 61070 67 37177 26 18 77217
14800 17369 71782 157 37893 27 13 83572
15000 18330 63035 73 37328 27 13 82856
15200 18374 66263 64 38212 33 10 83593
15400 17621 62497 67 35847 32 12 77905
15600 18953 64476 73 37910 25 11 79662
15800 17802 64632 65 36088 24 9 80828
16000 18520 59140 66 39174 28 10 80178
16200 18844 60821 64 38944 25 9 82286
16400 18631 61559 71 39599 27 10 81626
16600 21530 60703 68 36189 25 12 75896
16800 21583 65138 77 39910 27 9 84931
17000 19837 66647 68 38734 25 14 81882
17200 22284 74010 67 48691 32 8 91363
17400 18104 60683 54 35842 26 10 81536
17600 19003 61863 72 41222 35 12 80893
17800 22201 60060 67 37520 21 9 76416
18000 19040 62413 83 38691 25 11 82611
18200 18833 67987 76 35961 25 10 86736
18400 21964 60129 159 36433 25 11 78394
18600 22951 64498 77 38222 100 9 78641
18800 18195 61098 70 32671 16 7 72759
19000 19648 61660 383 39702 27 12 81272
19200 15614 51866 55 35165 20 10 66407
19400 16983 53177 56 31951 21 8 67897
19600 0 52023 59 32300 19 17 65654
19800 15051 53860 62 33610 16 12 67529
20000 17501 51177 305 34076 22 16 65098
20200 11875 50931 53 35251 28 13 65757
20400 14687 50998 57 30901 20 7 70465
20600 18128 55008 59 34110 19 11 66961
20800 15381 50574 59 31872 21 6 66374
21000 16250 50750 57 31212 13 19 67229
21200 12250 51763 61 30691 23 15 64125
21400 16505 49778 60 34003 19 877 64689
21600 15994 52145 59 31353 20 7 65210
21800 12635 49187 60 30693 21 7 63862
22000 14464 50192 57 31399 19 12 68403
22200 20298 54197 56 35841 20 12 67245
22400 20204 61240 64 37206 28 13 77205
22600 19404 58773 68 34617 25 9 78652
22800 18857 61906 65 35347 25 10 74924
23000 17564 59471 64 45219 25 9 79435
23200 18629 63406 75 36501 32 12 85371
23400 18148 61004 70 35326 585 10 73877
23600 18534 58477 67 36817 24 11 76211
23800 15360 60985 75 36644 26 10 76909
24000 17632 61792 68 36782 19 7 76185
24200 18609 61111 70 35934 27 9 81717
24400 15524 65477 79 37033 30 13 76793
24600 20234 60930 76 35012 28 9 80505
24800 16790 58863 64 36393 25 10 75951
25000 18624 58482 75 36280 32 15 77605
25200 17506 60288 78 38247 32 13 74852
25400 20992 58266 67 35671 29 11 78391
25600 15734 56158 63 35182 83 12 84602
25800 16012 58503 63 35042 26 10 80356
26000 19446 63705 73 37699 648 9 74937
26200 18222 61972 77 38596 27 92 78639
26400 15454 63343 81 36912 25 10 75277
26600 16315 49573 67 32882 21 9 64647
26800 14673 56169 64 42339 34 10 76576
27000 15817 51947 59 30129 24 8 63561
27200 19994 63636 68 35572 25 9 79932
27400 16667 63536 57 35724 27 10 76712
27600 13937 57910 50 33669 25 11 76345
27800 16074 56628 67 34903 30 9 74715
28000 20931 56548 67 34438 22 10 81211
28200 18001 58065 77 41534 27 10 73694
28400 18192 59448 64 38246 25 10 77802
28600 18335 59696 67 34823 27 9 73335
28800 19971 64072 64 35817 25 11 73657
29000 0 61852 70 39501 845 10 78396
29200 18103 60053 68 35788 22 11 72314
29400 0 55641 68 37715 28 12 72311
29600 18649 57622 65 38004 32 13 77043
29800 18805 60848 83 36538 31 9 73972
30000 18847 62540 77 35863 20 7 75676
30200 16422 61439 68 40402 29 13 75056
30400 12286 49134 58 31662 22 7 62391
30600 18360 62347 68 37583 28 8 75892
30800 16361 49398 59 30716 21 11 64324
31000 17280 58307 215 38132 27 11 72954
31200 20001 58788 67 36800 22 8 77048
31400 19355 70977 65 37814 25 9 75983
31600 17941 67663 66 40269 28 9 78302
31800 18053 57976 78 34601 20 9 74706
32000 16747 57465 66 35522 28 13 76714
32200 19292 62999 66 36763 26 10 78069
32400 17476 60697 66 34349 23 11 76765
32600 14591 63560 50 36232 25 11 79375
32800 17083 62098 80 38911 23 10 77170
33000 14106 66033 67 34855 22 10 74801
33200 13763 58682 77 34771 26 8 77059
33400 19493 62649 64 37687 28 11 77099
33600 16956 62632 79 34319 23 13 76500
33800 18058 61158 532 39599 24 10 76616
34000 16560 65187 74 36113 32 14 81017
34200 17794 61199 70 35033 27 10 82282
34400 18555 59355 66 34887 25 9 74780
34600 16543 59709 145 35274 24 14 77765
34800 15229 55860 156 36422 27 11 80047
35000 25082 78384 175 44741 24 14 100328
35200 14038 49974 55 30291 20 5 62713
35400 18336 60722 71 37654 25 10 73258
35600 22374 59120 70 35211 26 8 76387
35800 16954 66957 67 38545 25 8 77463
36000 15562 49466 54 30125 21 13 64351
36200 18512 57863 68 35947 24 10 77527
36400 14680 50015 54 30956 21 12 62061
36600 15817 50424 54 31070 19 9 61762
36800 16498 48717 54 33880 23 9 63840
37000 14581 49165 55 33894 18 12 63591
37200 12870 50647 59 30081 19 116 62817
37400 12071 47410 61 29455 22 9 66683
37600 16816 60436 77 34464 26 11 74610
37800 17154 48886 55 30305 21 12 61322
38000 16585 60156 67 35545 36 11 83371
38200 14231 51874 60 31716 20 9 64869
38400 15674 48848 54 33505 24 13 63228
38600 20082 59729 75 37912 25 16 74623
38800 16895 49350 71 32130 24 9 66266
39000 18881 55575 66 35507 25 12 76543
39200 15330 48861 53 30834 28 8 62688
39400 21257 61342 177 34520 26 11 78101
39600 14371 48972 97 30060 21 10 62420
39800 16817 57974 71 33614 25 9 76698
40000 16992 48657 61 30073 31 13 65593
40200 13777 48775 58 31999 24 15 71531
40400 15583 49568 60 31896 19 8 62397
40600 15359 52321 59 30735 21 19 61980
40800 15647 48946 51 29934 18 10 62833
41000 18133 57196 69 36990 29 11 76786
41200 18532 60695 77 38479 25 11 73375
41400 16440 65088 69 35552 27 9 76601
41600 19846 57244 77 33942 37 65 80555
41800 15868 58445 81 34861 26 9 77150
42000 17576 56943 58 35162 28 10 74421
42200 18476 64393 73 36105 32 11 75824
42400 15397 57444 65 34779 25 8 78778
42600 19367 58812 63 34069 27 9 75486
42800 18962 60282 64 37285 27 8 73416
43000 29635 77157 64 40432 27 8 74410
43200 20307 58987 79 36402 30 13 75855
43400 16632 55285 77 36617 39 6 80156
43600 21557 58826 77 33369 441 10 76801
43800 16447 58411 65 35465 25 8 76044
44000 14362 59326 67 32976 26 10 80761
44200 17517 58592 68 35416 52 12 72622
44400 21035 54344 65 34529 26 21 74747
44600 14368 64682 67 31938 28 11 73329
44800 16794 57864 65 36424 16 10 78445
45000 16208 59661 69 36401 26 11 76876
45200 14023 55300 79 34368 23 8 73373
45400 0 56755 65 34818 24 8 72385
45600 15821 57361 475 35000 33 14 70790
45800 0 57287 67 35396 26 9 73756
46000 17918 57190 68 35818 28 9 82243
46200 18339 57055 65 38458 28 6 78086
46400 18841 56952 50 35334 24 10 76712
46600 17958 59673 75 36358 26 9 71548
46800 18585 61021 75 34360 28 9 76079
47000 20322 57506 75 36327 35 8 74185
47200 16328 57626 64 34234 24 9 76289
47400 18678 59177 59 37946 30 14 73588
47600 16700 57460 75 38706 31 12 79292
47800 0 48178 53 30589 20 13 61521
48000 12121 47833 59 29565 21 8 61256
48200 16408 63626 65 35782 25 9 77043
48400 14775 47829 54 31149 22 9 63402
48600 18617 59593 73 33704 25 11 72796
48800 15379 51894 73 41484 31 14 91473
49000 17521 62200 78 37084 97 13 82056
49200 14822 56423 65 34973 29 10 75623
49400 18814 58846 66 35264 26 18 75826
49600 0 56197 79 36147 22 14 76985
49800 18909 56509 73 34370 32 9 73825
50000 17203 60429 65 34606 25 20 71352
50200 17476 57581 65 36017 31 10 77223
50400 19214 56816 78 34182 21 10 73179
50600 18306 55094 67 39352 39 14 75203
50800 18368 58330 60 33491 33 15 71905
51000 18127 56657 86 35166 21 8 71482
51200 25046 60882 79 34615 27 9 74661
51400 19918 59988 69 34229 29 10 73407
51600 17363 58682 76 34164 27 15 81264
51800 15504 50140 60 32697 22 13 62071
52000 21590 59772 74 37168 21 15 73060
52200 17953 62097 65 34898 27 10 73023
52400 16973 60009 82 36412 34 9 85428
52600 17505 56929 75 35482 27 11 74347
52800 20057 55117 64 35703 28 9 77741
53000 16362 55468 79 33632 21 9 75994
53200 17508 58353 66 35118 24 10 74751
53400 18195 59653 78 34199 36 15 74465
53600 16880 58690 56 32702 26 9 73485
53800 17281 59189 66 35286 26 9 77123
54000 0 64067 76 36078 26 10 73901
54200 17648 56523 81 35520 26 12 76347
54400 18565 54318 65 34803 26 9 77528
54600 13983 53673 65 40553 26 11 76255
54800 17195 61756 68 34961 26 10 74744
55000 18640 57577 80 35137 35 13 75305
55200 15014 57385 67 34507 31 12 70059
55400 15264 48333 56 33349 22 9 61346
55600 16508 49237 53 29958 20 13 61103
55800 15640 59283 63 35186 28 16 71747
56000 15309 51672 59 29589 18 12 60323
56200 16541 56424 77 35532 24 15 78414
56400 17982 53945 64 32197 25 10 61932
56600 15985 50487 57 29574 23 10 79417
56800 19856 58815 80 36931 27 10 72218
57000 17600 62428 72 38711 18 14 73913
57200 14189 61339 76 33058 37 12 73319
57400 20202 58238 146 39922 24 11 72305
57600 19871 60487 167 34641 31 10 73797
57800 18478 56020 150 34779 23 13 72673
58000 18642 56087 84 33545 32 15 74698
58200 23633 57315 66 35412 30 122 72846
58400 19464 58741 59 34710 37 16 72426
58600 19238 60163 68 33793 35 11 74778
58800 18268 64933 66 41239 27 10 83735
59000 20307 56730 66 35745 17 9 76662
59200 15705 63039 67 34098 28 10 72279
59400 17839 59069 68 35792 26 10 76714
59600 13759 46803 57 32486 16 17 60317
59800 16663 58689 64 36688 24 9 76089
60000 14886 49646 61 30726 23 14 61074
60200 18839 59176 66 35679 28 10 81718
60400 17261 50353 60 29991 19 21 63329
60600 15311 46924 59 30464 21 15 61101
60800 18381 50624 60 29904 21 10 61887
61000 15725 53807 60 29716 22 7 63294
61200 18895 56155 289 36805 30 11 73706
61400 20702 56996 69 36718 27 12 78246
61600 14455 47706 54 32010 25 18 66112
61800 18230 56266 66 35880 24 10 82217
62000 18475 63943 65 39902 27 8 77353
62200 19913 62932 66 34370 26 8 76099
62400 17517 61215 65 32994 27 10 70242
62600 18636 59086 71 35150 26 8 83222
62800 18329 55470 74 35720 21 9 71793
63000 20523 67183 68 38727 26 11 80023
63200 19178 59207 70 36320 26 12 79808
63400 19678 61798 67 43328 25 38 80112
63600 18289 65032 66 38206 23 10 72494
63800 19122 54063 570 34547 25 10 81130
64000 16014 58315 75 34168 30 14 72965
64200 18595 61051 78 38808 28 10 71807
64400 15293 47276 59 28567 22 18 60236
64600 18421 58673 67 34839 25 8 76581
64800 15428 47236 68 29738 23 10 63399
65000 17652 55393 462 39872 41 10 77611
65200 15418 46568 62 29103 23 16 60019
65400 13791 54929 66 33236 30 13 76231
65600 14003 50366 77 29907 31 14 61247
65800 14510 55547 67 33934 28 11 69833
66000 15151 47991 58 29211 21 9 60020
66200 18209 62046 74 36466 39 13 73626
66400 0 48102 60 29262 24 8 60476
66600 14129 49952 57 32201 22 13 60753
66800 20162 54364 68 33441 112 9 73520
67000 12236 45321 58 28655 22 7 58412
67200 17916 55942 276 33621 25 11 76384
67400 19908 58126 66 32525 27 9 78057
67600 16659 56858 62 34151 194 11 73201
67800 18759 61018 68 35509 33 11 70105
68000 17992 57460 67 35541 27 10 74623
68200 20062 52745 66 33533 26 14 74398
68400 19055 56760 55 35719 26 10 74296
68600 16310 57246 69 34210 27 10 72136
68800 26340 59127 189 33704 86 13 71444
69000 17511 59344 68 33803 23 10 75565
69200 17241 54390 69 32770 26 11 74695
69400 18782 58838 68 36871 27 10 70519
69600 18195 56717 63 34265 25 12 80700
69800 17180 59710 67 32981 25 11 72917
70000 14822 46616 59 28956 20 21 59674
70200 17460 53308 50 33348 17 14 74724
70400 19127 59848 64 34933 25 10 72668
70600 20194 54844 70 35913 26 9 77886
70800 14919 47624 59 29412 26 9 60545
71000 15597 59357 78 36088 32 9 70065
71200 0 47200 63 29099 22 9 60059
71400 20389 54274 74 35231 16 12 72494
71600 15882 46776 57 29067 19 18 60929
71800 17892 59802 63 34986 26 13 72243
72000 13991 47668 55 31622 15 8 62725
72200 17721 52160 74 35444 25 10 74708
72400 18856 61719 67 33740 24 8 73899
72600 16979 55600 81 32713 26 11 68555
72800 17970 59456 739 34337 24 9 73683
73000 0 54109 66 33728 388 9 72268
73200 17986 62084 50 34704 26 10 80826
73400 16491 54887 74 35803 31 14 74152
73600 13509 55523 138 34753 26 8 71143
73800 20727 57206 67 33218 21 9 74615
74000 18612 57298 76 41298 27 11 69674
74200 19974 59485 73 32613 27 11 72206
74400 18120 54276 67 32216 27 10 72238
74600 18602 59512 78 33638 25 10 71835
74800 17128 52590 67 34370 94 11 74521
75000 16334 56029 66 34895 28 9 70514
75200 16379 57230 70 34935 25 10 72318
75400 14982 45961 62 28772 20 12 60276
75600 17503 62600 77 34784 27 13 76166
75800 16570 46445 55 29212 18 10 61036
76000 16673 57058 66 31917 24 11 69887
76200 16401 45820 58 29119 18 12 59380
76400 19347 61505 66 33047 36 9 73303
76600 14185 45704 58 28819 21 7 59062
76800 17948 57732 67 33876 29 17 72293
77000 17229 59425 66 33727 33 10 67548
77200 17776 61210 69 34359 28 10 66763
77400 18777 59711 64 33912 21 13 75628
77600 16455 56281 78 33328 27 12 69516
77800 22311 64462 67 32946 29 10 70209
78000 28250 59892 67 44870 28 9 70513
78200 15102 51136 68 34165 26 9 71460
78400 17012 56051 67 41570 21 10 73847
78600 15231 66685 68 35766 28 10 82190
78800 18398 55959 80 35946 25 8 71742
79000 19871 55868 68 34341 32 8 78315
79200 17485 56856 76 31198 24 9 73408
79400 17310 54451 65 34456 28 10 70290
79600 18267 56496 79 34452 36 11 75067
79800 18531 56413 72 32833 25 10 67506
80000 18127 54700 682 35058 28 9 71535
80200 19655 57318 68 32763 26 9 72546
80400 19868 55691 68 33354 35 8 72131
80600 18876 63853 70 35013 28 12 78124
80800 16898 58190 68 36106 24 10 76560
81000 15886 56423 68 39504 27 10 70370
81200 16161 56661 129 38212 27 10 67879
81400 16890 54420 69 32937 614 9 71608
81600 16536 45912 60 28603 16 9 59201
81800 17397 65254 52 33308 26 9 72907
82000 14746 47249 58 30956 22 715 66498
82200 18892 55655 76 34680 27 8 71643
82400 17615 57793 72 33477 25 12 73590
82600 14636 45721 61 28108 19 12 58701
82800 15822 52440 66 33217 27 10 72665
83000 16287 54276 65 34545 28 9 77087
83200 15453 51870 52 28634 20 19 59406
83400 17266 62079 67 33312 17 7 70000
83600 16327 48757 56 30342 29 18 60980
83800 19513 52671 56 33366 24 11 71483
84000 14221 46825 55 31689 24 13 58284
84200 17286 54244 232 34245 25 9 70013
84400 0 45131 54 28201 20 7 58980
84600 15369 51179 65 35048 25 9 73753
84800 16743 55103 159 32879 27 10 75176
85000 14622 46919 57 29827 18 9 65451
85200 18403 52444 68 33348 26 10 68480
85400 15022 45561 50 30560 19 11 60090
85600 18088 58118 65 34331 27 9 72584
85800 0 54026 67 38831 27 11 67414
86000 16940 58165 67 35980 26 10 70277
86200 13367 55522 66 32909 22 9 79848
86400 18496 55833 75 33739 30 18 87574
86600 0 54053 68 31461 25 11 72677
86800 17303 56413 56 35298 24 10 66933
87000 17149 55921 50 34168 25 9 75757
87200 18055 53889 69 33183 25 11 68409
87400 19147 57219 82 32108 19 9 68244
87600 17435 54415 469 33597 33 9 70932
87800 19974 60743 71 33389 16 11 68866
88000 19524 53848 66 33536 29 10 68135
88200 16144 61080 68 33725 28 12 68084
88400 16029 56014 70 32859 27 10 71842
88600 13861 45629 58 29075 19 8 58562
88800 19323 55543 62 36697 27 12 75516
89000 13665 47610 59 28321 21 17 57623
89200 20849 54550 71 32638 32 10 79556
89400 15017 45576 51 28953 18 18 60758
89600 18625 56338 436 34931 25 8 69248
89800 14729 52248 65 31870 25 8 76138
90000 14899 45874 99 29271 21 16 64349
90200 14246 60728 66 34595 28 12 67781
90400 14946 53405 72 32008 26 13 73690
90600 15057 55927 51 35582 26 12 68929
90800 17783 58012 79 31985 27 10 72315
91000 18044 53066 66 35077 26 11 69621
91200 16389 55548 64 31739 26 15 71573
91400 20419 56373 65 31738 25 9 71531
91600 17885 52872 63 34769 25 14 72668
91800 20286 55480 66 40216 24 14 77997
92000 18329 58114 67 33505 30 15 68414
92200 15546 51771 66 34070 33 9 70605
92400 18089 56010 88 34591 30 10 73092
92600 17245 56191 80 33376 24 9 74535
92800 17114 56270 66 34845 25 11 75412
93000 18792 53281 68 32522 25 9 67942
93200 18632 55020 61 32435 25 10 77120
93400 18915 56976 66 34088 27 9 70340
93600 17623 54252 77 34767 27 9 69026
93800 17313 52366 61 34236 25 10 69186
94000 17536 54130 67 32308 28 11 67483
94200 14236 48568 61 30913 53 12 58428
94400 15055 50506 68 31641 20 12 58786
94600 14600 57640 116 34180 29 9 72627
94800 13900 45893 55 28467 26 18 57992
95000 18920 55610 65 33338 114 12 66842
95200 19183 52384 59 36194 26 10 69191
95400 20488 58838 66 32128 28 10 71182
95600 18759 52410 65 35509 26 10 73536
95800 18123 53647 61 31245 29 9 67772
96000 16213 55770 123 33410 27 9 78635
96200 19877 61358 487 36142 20 9 77258
96400 0 51916 119 32653 96 10 66669
96600 18574 53151 141 32903 34 10 69831
96800 17623 51997 73 33960 25 10 68914
97000 13496 56900 73 34534 19 9 75574
97200 14699 51796 81 32793 26 9 74508
97400 0 53443 67 33353 25 10 68620
97600 17878 50632 68 33314 25 10 68424
97800 16123 53095 73 32145 21 11 68590
98000 15359 50854 68 32008 31 14 64778
98200 18148 57390 52 32725 17 9 71519
98400 14164 56250 67 31804 32 12 69016
98600 0 45867 60 28009 20 9 60968
98800 14598 50725 50 33334 21 17 66598
99000 15577 45916 58 31768 19 60 59191
99200 15970 56985 59 33180 26 10 71296
99400 14755 45630 60 30718 22 21 60379
99600 18111 60718 66 31378 25 9 67340
99800 18054 57229 68 33691 25 10 68698
100000 17458 59032 619 32575 24 10 73275
100200 22099 57047 67 34299 24 14 78128
100400 13533 54682 63 32904 30 10 70109
100600 18411 53525 65 34372 25 12 73403
100800 14874 55259 77 32516 26 10 76225
101000 18880 53237 69 33053 33 14 70972
101200 17184 60749 65 34605 24 9 70766
101400 30564 61979 51 33390 26 9 68203
101600 15478 53844 67 33985 30 10 64961
101800 19330 57162 127 33758 28 14 70490
102000 18745 54704 68 34749 25 10 68157
102200 0 54702 80 35102 20 10 66974
102400 17397 52747 63 31320 33 10 68108
102600 14791 46723 61 29109 20 12 62084
102800 17553 53996 67 35795 26 10 68339
103000 14569 46907 62 28851 20 9 57731
103200 14958 45660 57 29153 20 18 61853
103400 15985 47485 61 28668 20 9 58637
103600 20752 46166 671 41807 20 13 59334
103800 0 54375 68 34203 26 10 69121
104000 0 56391 67 33769 35 11 66915
104200 14018 51217 79 32854 19 8 71046
104400 18668 55698 66 33814 25 9 81386
104600 17738 54461 67 32675 27 6 68790
104800 14674 57414 66 32199 24 9 68914
105000 19677 57001 66 35155 27 10 76529
105200 17261 53290 168 32537 28 15 69263
105400 14685 51968 67 31105 32 15 64528
105600 14081 52113 66 31473 24 9 66828
105800 20762 54599 65 32621 26 15 70885
106000 16378 54478 65 32795 26 14 66979
106200 0 58297 68 33160 32 13 72547
106400 17410 53272 84 31582 35 16 79343
106600 14508 53027 75 33776 29 15 66955
106800 13609 55381 76 31335 34 8 67681
107000 15778 56128 134 33468 32 16 68522
107200 19560 54904 78 32927 28 11 66764
107400 15466 54210 69 33631 27 10 76239
107600 18066 54345 73 31151 25 15 72000
107800 13766 53513 127 34282 31 15 64866
108000 17235 56315 119 32360 27 8 69181
108200 17471 49107 76 33560 26 13 71362
108400 15784 50398 72 32866 25 10 70526
108600 14461 55120 72 33628 28 10 73278
108800 20469 53038 135 31043 21 13 68630
109000 13998 54071 68 35414 24 9 69326
109200 19458 53795 643 32921 22 12 70449
109400 14513 51237 66 31796 29 11 64862
109600 18765 52438 67 32725 28 10 70951
109800 18960 55265 65 33603 29 10 69428
110000 17695 52928 71 34017 26 9 68002
110200 15217 44914 59 27609 21 12 60357
110400 15655 45268 61 27892 22 9 60484
110600 21053 45773 78 28759 24 8 56474
110800 14480 45463 110 28166 19 15 57068
111000 14307 49192 56 27344 20 14 57170
111200 15712 44858 54 27581 18 8 59103
111400 12001 43803 55 27758 21 7 62541
111600 15918 45869 55 27224 20 11 57808
111800 0 43731 57 27516 18 8 58357
112000 16679 45774 61 28161 18 11 57659
112200 14638 44336 54 28590 19 8 57643
112400 16063 45162 59 27158 21 8 57124
112600 14628 44903 61 30080 26 9 65200
112800 13278 47155 60 27667 20 18 62671
113000 14401 50157 76 33429 27 14 67788
113200 18003 51018 81 32218 27 11 68797
113400 14043 51920 68 39999 28 10 70526
113600 17461 50281 141 33176 26 11 71610
113800 12719 54283 66 34023 25 11 64847
114000 15773 52874 65 33356 31 14 74112
114200 17906 57681 67 33505 25 16 67129
114400 14933 53165 74 32595 28 11 65874
114600 0 54161 70 32708 80 11 67023
114800 15611 54598 156 30547 30 13 68918
115000 14347 55945 509 32967 26 10 69415
115200 17168 54894 82 33445 28 11 73002
115400 17830 50139 60 33325 24 11 68801
115600 15218 56576 70 37261 25 15 71410
115800 20454 53929 56 34747 28 14 74167
116000 18456 55241 167 34260 29 10 73249
116200 13543 53996 50 35882 25 14 68673
116400 17811 52184 64 30693 20 11 67317
116600 17577 57201 67 32613 29 11 74871
116800 13665 53001 188 34377 24 6 64593
117000 16229 51272 75 32940 30 12 64479
117200 15167 51121 78 34393 28 17 75585
117400 17024 50167 69 33593 22 10 68554
117600 0 51944 67 30622 28 11 68316
117800 19331 57567 68 35265 29 13 67734
118000 17002 58064 81 31909 36 10 75298
118200 14818 51512 73 31232 24 7 71559
118400 18241 51946 67 32415 32 15 65579
118600 14663 51249 68 32639 25 12 66453
118800 20167 54895 70 34779 27 10 75459
119000 23416 61831 163 34833 25 10 77512
119200 0 59407 69 35612 28 10 77640
119400 0 58780 69 35646 25 9 76596
119600 21096 58827 69 33069 25 13 75880
119800 22001 64335 69 35942 26 8 78586
120000 16319 56855 67 33896 28 11 70940
120200 18628 53159 65 34824 24 8 73479
120400 13968 49009 65 27263 23 20 55806
120600 15114 51771 49 32641 350 14 66231
120800 16672 44801 59 31912 20 11 58413
121000 14250 51634 78 32144 30 10 67084
121200 15626 45366 59 27496 21 15 58011
121400 18714 58091 105 32209 26 17 67543
121600 11430 43584 53 26598 21 8 56689
121800 19501 51249 77 33463 31 9 66505
122000 15512 51960 73 35677 26 11 69790
122200 16723 51943 56 31347 27 7 67964
122400 18002 54227 140 32586 30 9 66790
122600 18049 52965 67 33406 27 11 70108
122800 13446 55409 65 33168 25 10 65207
123000 14831 57171 66 32422 25 10 68629
123200 17808 58358 82 31900 18 10 66268
123400 17267 56171 64 30377 20 10 65325
123600 17734 57644 51 32551 21 9 71988
123800 17425 52392 67 31322 32 15 71978
124000 17811 58649 59 32099 27 10 68666
124200 14739 52110 67 35854 26 10 69172
124400 14540 54014 78 32215 28 9 72108
124600 13767 51610 67 32400 20 10 68192
124800 18390 54965 65 34529 30 17 73175
125000 15200 50680 79 32286 114 16 71253
125200 18015 56285 128 33622 24 11 78715
125400 16526 57149 75 30961 32 14 72937
125600 17961 52114 68 31541 20 15 67665
125800 17450 54315 82 30989 26 8 66403
126000 13099 55688 65 32483 103 11 70947
126200 18703 54649 79 33929 27 8 68683
126400 16774 51531 68 33682 22 11 66417
126600 0 51323 66 32251 26 12 63711
126800 18283 54243 67 32739 29 11 67127
127000 16270 58845 66 31293 27 9 67903
127200 18502 54227 66 34129 24 7 64091
127400 16500 52839 50 35576 22 9 64373
127600 19110 51566 62 34081 24 10 65453
127800 18029 51683 67 34540 38 10 66111
128000 16346 56329 76 31554 27 12 73087
128200 14348 51889 65 32137 24 9 66779
128400 20195 51261 68 32335 24 12 66700
128600 18075 49912 70 32244 26 8 65159
128800 15923 52255 66 30631 26 11 67248
129000 14595 44245 54 27144 23 14 56380
129200 19756 54126 68 34153 31 12 65505
129400 17738 50295 76 32478 26 10 67038
129600 13792 51076 153 34246 26 10 65858
129800 14792 53695 65 30551 16 10 63333
130000 18338 50476 78 32254 36 14 64440
130200 16412 53746 68 30742 27 8 65477
130400 17488 52715 69 35256 27 11 67068
130600 17629 51706 119 32467 27 12 70482
130800 13656 54268 65 31442 185 7 64832
131000 19044 54543 182 31267 26 13 65293
131200 16727 54317 67 31312 33 11 68954
131400 18012 52616 62 32106 16 7 72546
131600 16102 51213 69 31246 27 11 64927
131800 16624 53630 67 32631 26 10 74314
132000 18879 51870 77 31252 26 7 62806
132200 14773 53775 53 32278 25 10 64365
132400 14769 45574 61 27956 22 9 60783
132600 12693 44143 60 26722 19 12 56919
132800 17031 52116 75 34070 27 10 70495
133000 16382 44531 51 27388 16 9 57979
133200 17261 53706 81 31702 32 13 68079
133400 12909 43656 54 27987 30 12 55663
133600 13706 56709 68 30756 35 7 64813
133800 15465 47478 52 27164 19 14 60577
134000 13737 51007 65 33516 24 10 65288
134200 15595 52420 65 32918 81 15 68692
134400 13248 49564 76 30761 35 13 67133
134600 15398 57853 59 43509 33 10 87883
134800 13056 48706 55 28641 19 8 62050
135000 14112 52322 71 30829 27 10 71728
135200 17385 52966 84 32994 30 9 68662
135400 14134 49057 66 38781 26 10 71392
135600 20253 53061 66 31635 33 14 69354
135800 17666 51540 66 32687 26 8 67965
136000 12506 52945 57 31309 25 10 64941
136200 15547 56438 69 33053 26 10 67421
136400 15001 50858 85 30923 24 10 62984
136600 15475 52697 70 32274 25 10 68624
136800 17727 50794 70 31007 26 11 67137
137000 16087 60487 68 29214 25 11 69984
137200 16421 50816 68 31598 26 10 67011
137400 11368 41166 53 28222 21 11 58288
137600 17611 50089 71 31227 24 10 64395
137800 17154 44910 54 26031 20 8 56845
138000 14444 45028 53 27869 25 13 58913
138200 15357 42490 58 30598 28 16 56191
138400 16788 58062 68 31142 25 10 68326
138600 12886 44199 60 26732 19 13 54415
138800 14875 42851 63 26801 22 8 58936
139000 17912 51021 68 30444 76 14 69941
139200 14254 44572 57 30900 22 8 60213
139400 15207 51851 63 30290 85 8 59809
139600 16087 49130 160 32321 24 8 67796
139800 15619 42681 54 26505 279 14 62881
140000 15776 54179 55 32095 19 11 74716
140200 11012 43679 58 26395 20 6 57084
140400 13336 43618 63 28066 20 7 55787
140600 17702 49636 66 34208 26 10 65958
140800 13443 44663 54 27472 23 20 57940
141000 11151 44352 56 26373 20 8 55655
141200 19554 48374 76 32249 25 11 64703
141400 14770 44782 57 26213 22 5 55588
141600 14940 42146 55 28569 32 18 56952
141800 17847 55972 76 32468 30 13 65975
142000 12335 45721 59 26384 25 9 55418
142200 18087 52415 75 33036 109 8 67083
142400 18295 55371 61 33974 23 10 66461
142600 14611 43609 62 26683 21 8 54924
142800 13761 44419 61 26081 21 13 56106
143000 16227 43110 54 30198 23 12 58398
143200 16689 50391 68 30723 19 14 69843
143400 19748 55745 126 31595 21 11 67732
143600 18138 55473 65 31038 21 12 81217
143800 18630 48655 66 30941 33 51 66375
144000 20282 53740 99 31056 29 9 67349
144200 0 52950 65 32299 29 10 68496
144400 16399 53401 64 32958 28 9 65795
144600 17798 53389 82 31902 26 9 65915
144800 19690 61958 67 32544 25 10 66395
145000 15856 54258 66 33658 32 13 67342
145200 18347 55349 77 30398 30 11 65327
145400 13753 49649 68 33689 444 10 64588
145600 20787 53354 77 30105 20 9 65997
145800 18303 50837 70 31193 27 10 66201
146000 17219 49298 72 30660 24 10 64604
146200 17214 50735 69 31260 25 11 62390
146400 18528 52455 67 31131 26 11 64756
146600 10769 41548 59 26335 20 8 55157
146800 10600 42894 58 26894 19 9 56805
147000 14488 55086 63 29233 17 14 64486
147200 15436 41494 60 26065 19 7 56705
147400 11056 42250 296 26710 22 9 55873
147600 17128 54892 78 31478 16 10 69357
147800 14223 42149 56 26362 20 11 54573
148000 14311 42927 55 26717 19 14 54354
148200 17664 57175 79 30045 30 82 67217
148400 14765 55510 60 32082 33 12 69989
148600 16198 50265 64 30523 25 10 63850
148800 13511 45946 59 26630 18 11 54927
149000 14441 42993 67 26436 21 16 54630
149200 14979 51163 57 31759 21 8 64731
149400 16646 53119 53 29760 29 12 73045
149600 15399 57114 79 30218 28 10 62602
149800 16616 52978 52 30468 25 12 68277
150000 15613 49679 75 30686 17 12 66865
150200 15433 50662 62 32491 15 8 68978
150400 16742 55936 66 31651 24 9 66786
150600 17534 51156 601 32256 28 12 65963
150800 18741 57519 73 31736 25 9 68303
151000 18671 51170 66 31634 29 15 67669
151200 14494 46942 68 30876 34 15 71341
151400 18703 52747 80 29189 31 11 67994
151600 18348 53789 76 30635 33 14 62494
151800 16864 51620 67 31863 26 12 63124
152000 13008 48893 115 31199 24 10 62459
152200 17547 53350 68 30052 26 9 64169
152400 15510 46826 76 30734 25 10 68879
152600 16061 42836 101 27721 23 7 56857
152800 16204 42432 55 26367 19 12 55416
153000 13139 55715 75 30506 24 10 65480
153200 10522 43261 57 25988 29 12 55433
153400 13543 41758 71 28587 23 11 54765
153600 10838 42982 68 25195 21 8 53989
153800 15674 50648 67 31807 26 12 68773
154000 14983 42016 54 27645 19 8 59380
154200 0 47807 67 33179 26 10 67528
154400 18511 50070 69 31206 26 8 66011
154600 18448 53489 67 34230 26 10 67396
154800 16964 50496 63 31894 25 12 62973
155000 16156 49446 65 31885 21 9 62784
155200 16802 54676 78 29721 26 13 68455
155400 16021 50298 69 33598 32 14 66112
155600 18588 48850 63 30657 34 13 65943
155800 21767 52524 64 42785 27 8 71610
156000 16000 50937 65 30052 25 10 64937
156200 17851 52387 67 31479 25 9 74315
156400 18250 50475 68 31593 21 10 67870
156600 23838 49824 69 31734 22 9 69548
156800 16967 51541 69 30994 25 8 64344
157000 13219 50867 64 29579 27 9 67124
157200 16286 49283 68 30164 25 10 62726
157400 18357 51957 72 30811 27 10 64957
157600 17460 52581 65 31354 26 11 68949
157800 13726 49219 66 31624 27 10 72579
158000 14800 51305 70 29561 26 9 71496
158200 16126 67883 67 33965 29 10 69396
158400 15528 50927 78 31853 31 9 73162
158600 16430 49434 69 31058 26 9 66613
158800 16517 49814 66 31173 30 11 64975
159000 16843 53533 68 30090 31 10 74110
159200 14205 50221 76 30282 26 14 66570
159400 19160 52132 63 39540 24 9 69874
159600 0 42323 61 29627 24 10 54173
159800 14486 42543 61 25841 26 13 55392
160000 15575 59897 70 30045 27 8 63601
160200 14535 41814 55 31178 32 15 53855
160400 26307 48415 744 30132 26 11 69238
160600 14407 42557 59 27396 115 11 55420
160800 16265 43990 98 26122 21 11 59281
161000 17160 50419 63 29732 27 8 66122
161200 14969 43084 58 25992 18 13 53860
161400 16113 43021 54 27737 20 9 55393
161600 17515 50040 57 30007 27 10 64779
161800 0 52003 68 30039 27 10 69593
162000 16302 43436 62 26385 21 9 54674
162200 11093 42255 53 25929 20 7 53257
162400 17383 49320 55 32151 25 9 68479
162600 11445 41602 57 26641 22 11 57800
162800 18039 49760 67 32115 24 10 74828
163000 17309 50992 133 30493 25 11 79449
163200 15135 42397 55 29705 23 9 53985
163400 15140 41413 61 25660 20 10 54395
163600 23540 52485 67 32123 26 10 62899
163800 16246 54366 69 34683 25 10 67434
164000 17471 52615 74 32136 25 9 65081
164200 13646 48387 77 34711 25 10 63252
164400 15742 48455 71 31989 27 8 63130
164600 17309 49002 74 34073 25 7 62924
164800 15532 55027 51 29700 26 10 64898
165000 15950 54411 68 28334 26 11 65493
165200 17119 52604 74 30576 24 10 65225
165400 15362 53491 68 32251 34 15 66276
165600 13797 48418 67 29380 35 72 62541
165800 18476 47498 62 30768 40 14 68149
166000 21824 51924 76 31069 36 15 69122
166200 19977 47799 66 30619 25 11 67064
166400 16808 48339 62 31481 27 9 61602
166600 16564 49834 67 32624 26 9 67690
166800 17513 46565 79 30539 27 9 63826
167000 16924 52300 64 29601 19 10 62682
167200 14995 62398 76 31959 28 10 67327
167400 0 53965 169 31094 25 11 63296
167600 16127 51426 542 31780 22 9 66171
167800 17389 51827 124 29631 24 14 67262
168000 15394 53877 416 29659 26 13 65171
168200 16451 48558 65 30309 29 9 68884
168400 13900 48469 75 29040 16 9 61330
168600 15874 41459 114 25366 22 20 62573
168800 14526 41250 52 26141 24 8 57715
169000 14996 49677 66 29481 24 10 63504
169200 14373 45752 60 25763 18 9 54545
169400 17619 54412 65 29340 25 10 66062
169600 13503 51959 65 30261 32 12 62583
169800 12481 41224 56 26005 18 260 55136
170000 17407 50329 67 32040 24 10 68420
170200 15664 41906 54 27956 18 10 54672
170400 13962 45098 54 26999 21 13 53781
170600 15772 51441 78 29762 83 8 65233
170800 15391 42368 56 26028 20 8 54813
171000 16400 54329 63 31999 27 13 67791
171200 10926 41178 59 25564 19 8 53085
171400 11468 43771 53 28326 18 8 55534
171600 21602 65290 75 33040 18 8 57650
171800 11235 42242 54 25499 18 6 53280
172000 16596 56999 56 29498 30 9 62552
172200 10944 40952 68 24961 18 7 53301
172400 15922 41478 55 29313 19 12 54093
172600 16037 49729 56 30606 33 14 65248
172800 13232 44531 63 26275 18 9 54197
173000 13383 42210 49 25754 21 12 53538
173200 17544 55018 60 30226 21 10 65815
173400 14900 47422 60 25160 18 15 52975
173600 13818 42080 62 26012 19 12 54207
173800 14874 47172 66 30697 25 10 66838
174000 15147 43920 60 35777 23 14 54423
174200 13249 41863 101 26030 23 9 56553
174400 0 56571 50 30047 21 9 67817
174600 17227 49837 63 28974 16 8 61678
174800 18080 53391 67 30404 31 10 68586
175000 17693 52346 65 32492 27 9 63303
175200 18335 48781 72 30671 22 12 63231
175400 17167 49588 65 29870 26 12 64615
175600 13459 50097 51 28536 28 13 64721
175800 16858 48237 65 31016 25 10 66125
176000 16928 53881 77 29689 119 14 62676
176200 19839 49557 66 30245 355 11 60175
176400 15116 49048 60 29599 17 15 67466
176600 16367 52768 73 29727 27 9 66620
176800 19201 51361 50 30527 32 11 64405
177000 15644 52004 67 29138 34 14 62148
177200 17316 48828 68 31384 32 12 64501
177400 15681 51216 70 30827 25 13 64758
177600 16949 50512 66 30407 34 15 62523
177800 17256 53308 73 35070 26 10 62022
178000 0 50043 64 30485 25 10 61308
178200 16064 42442 62 26006 22 11 53402
178400 19186 51639 56 29085 23 440 64198
178600 16050 41024 62 25915 22 13 52757
178800 15279 41255 59 25463 23 106 52968
179000 22292 49534 63 30028 29 10 64473
179200 11958 41191 507 26098 20 13 52486
179400 15054 40785 55 25598 19 7 52502
179600 13397 40081 56 25430 22 12 52893
179800 15013 49893 80 29143 28 116 61796
180000 18991 46474 69 30684 29 9 65425
180200 12232 42075 61 26077 18 13 52447
180400 10890 40951 57 24962 19 7 51606
180600 13287 51011 78 31314 23 8 62731
180800 14221 41447 53 26482 22 8 52614
181000 13309 42142 57 25808 26 13 51518
181200 16420 53035 76 29322 23 11 65194
181400 13944 40556 49 25525 15 9 52898
181600 11055 40358 57 25971 28 7 52276
181800 17385 52479 66 29765 26 10 64756
182000 14487 44546 64 28992 20 9 52051
182200 13601 44078 59 25813 19 13 52992
182400 16759 50977 55 30264 25 11 62011
182600 14159 42722 53 26033 35 11 53670
182800 14926 43430 58 25211 19 7 56629
183000 18651 46118 72 30398 33 12 63818
183200 18116 52177 129 32041 25 14 65002
183400 11199 42178 59 24668 21 10 55715
183600 16086 42749 52 25791 22 18 54963
183800 19202 47346 66 32202 30 14 64474
184000 14091 42210 61 26788 22 19 53449
184200 10370 39728 294 25428 14 7 51614
184400 16640 49451 74 31573 27 9 64231
184600 13761 47747 77 31124 39 15 58888
184800 19799 45255 82 30445 32 10 62517
185000 16767 51460 77 29966 30 13 62388
185200 15809 47558 67 31179 25 9 67046
185400 18305 47955 56 30336 31 8 64354
185600 0 50449 81 29014 26 15 60902
185800 16873 48926 67 28830 32 9 62666
186000 17854 52657 79 30900 33 14 62579
186200 20098 50640 66 31926 33 9 67816
186400 15838 48328 69 28523 27 10 65473
186600 12078 48269 74 31420 35 8 63415
186800 15499 49694 66 28496 35 10 67316
187000 16602 48654 78 30294 33 8 63263
187200 16722 49134 54 28902 35 8 60706
187400 16516 56342 75 32352 20 9 65997
187600 16723 50363 177 30426 30 9 66672
187800 16158 50115 78 27884 32 11 65665
188000 13609 46692 65 29779 24 10 64902
188200 15452 55458 66 30124 26 7 62469
188400 18028 45852 66 29258 25 9 66205
188600 17090 50983 77 30202 29 9 62919
188800 16774 49508 68 29355 25 11 64522
189000 13018 48259 76 28201 31 15 63742
189200 16406 49788 83 29219 24 17 68810
189400 16161 51715 69 41028 25 9 64625
189600 13922 47147 64 28400 22 9 60036
189800 15103 40781 70 25093 22 16 64505
190000 14982 39590 58 25200 21 21 54213
190200 10516 39668 54 24757 19 15 56996
190400 13482 47542 77 30288 38 16 59706
190600 10629 41386 56 24457 21 7 51647
190800 13800 40634 68 25606 70 19 53544
191000 17510 52727 59 30329 25 11 64106
191200 13459 42130 60 25525 21 23 51532
191400 18178 48296 78 32451 30 14 65405
191600 12004 39612 57 24688 20 8 51964
191800 15862 49998 75 31521 24 13 62567
192000 12901 52382 121 37242 38 13 67256
192200 13573 40693 94 24989 21 7 57618
192400 13822 40882 53 27529 20 12 52923
192600 19126 48571 75 29862 32 10 67390
192800 15567 46698 78 33517 28 16 62890
193000 12095 40062 61 28133 22 9 51759
193200 14271 40699 61 25063 22 11 52761
193400 18057 49584 75 28766 25 14 66257
193600 16726 52589 66 27880 27 8 66796
193800 18231 49121 77 29924 27 10 61414
194000 15360 45348 56 28479 19 12 51943
194200 13630 40648 58 24913 255 11 52996
194400 16169 46701 80 28638 25 10 63879
194600 13080 40548 64 24619 21 12 52451
194800 13163 44950 56 24783 21 18 52142
195000 10390 39400 88 24514 18 8 50583
195200 16473 46684 66 31237 28 10 65416
195400 10483 40299 60 24281 16 7 52382
195600 10032 39305 73 25302 17 10 52205
195800 14366 50495 125 29301 28 10 58850
196000 16249 50526 69 28985 27 8 62975
196200 14600 53737 66 29119 24 12 62181
196400 16231 49523 66 29802 27 9 62336
196600 19247 55894 68 30462 24 7 71272
196800 15202 47022 64 27706 19 9 51366
197000 15804 46077 66 29204 77 9 61064
197200 13852 46597 68 27509 28 7 58106
197400 17889 47063 70 29840 28 10 62387
197600 16090 48394 56 32077 27 11 67672
197800 14468 49097 66 28012 25 8 63807
198000 16506 51882 68 29988 26 17 66039
198200 17275 46886 79 27499 30 14 63700
198400 16748 49717 71 32115 25 9 62748
198600 14558 52659 68 29194 27 11 61497
198800 0 50671 63 30044 33 8 62220
199000 17597 49849 70 28495 29 7 61334
199200 16600 49281 67 30656 27 9 63372
199400 13301 41301 56 26703 19 11 52452
199600 14727 40655 59 25227 19 11 57783
199800 16055 51291 76 29116 24 12 63005
200000 15402 41980 59 25960 21 7 54383
