Time in microseconds. Iter / Coll / Push1 / Fluid / Rho / Phi / E / Push2
200 321 10543 65 4174 25 11 9527
400 1829 11335 61 4925 25 14 9069
600 2701 14899 83 4624 42 9 14415
800 694 11619 59 4439 26 8 10817
1000 1351 9849 64 4135 23 12 9972
1200 1853 10936 399 4477 22 14 14020
1400 362 11698 61 4536 21 11 9044
1600 1629 10032 86 5682 23 7 8951
1800 341 10671 67 4213 25 13 9058
2000 338 11981 58 4245 77 11 8221
2200 4622 10454 45 7687 21 17 8426
2400 357 10295 56 7319 31 12 8758
2600 1619 9872 63 4212 21 22 8997
2800 0 10521 59 3737 21 8 8942
3000 1141 9770 102 4623 111 11 9702
3200 2124 10823 60 5892 20 6 8135
3400 1710 8064 64 4405 23 10 8552
3600 1003 10079 58 3934 23 9 8308
3800 445 8830 62 4220 35 10 9312
4000 1371 9108 59 4201 22 15 8235
4200 475 9667 62 5090 23 11 9001
4400 3076 12195 57 7837 23 10 10611
4600 383 9320 76 6674 32 14 9749
4800 339 8343 60 5382 30 12 8268
5000 1493 10532 60 4354 23 14 8581
5200 1489 9487 157 3965 23 13 9754
5400 1730 11719 68 3940 30 11 7530
5600 4922 7801 704 3805 24 12 9986
5800 3002 12523 59 4238 22 9 7233
6000 914 9356 61 3931 24 12 8650
6200 1215 10367 58 4656 36 13 8543
6400 0 10318 79 4784 29 13 7639
6600 781 12388 69 4181 500 8 9811
6800 1336 13244 76 5741 86 14 9269
7000 1037 13677 95 4481 18 13 9655
7200 413 10815 76 4203 27 323 10852
7400 2733 10106 58 3745 24 10 7301
7600 331 11346 77 3172 46 7 11507
7800 316 13723 60 6569 27 12 8835
8000 670 8679 89 5000 27 13 7643
8200 328 10264 138 3271 153 8 8344
8400 826 10513 62 3767 31 17 7967
8600 310 12070 77 4503 34 15 8659
8800 277 11905 132 2907 35 8 9290
9000 1690 10024 81 3443 31 13 7906
9200 1579 10955 76 4773 31 13 9240
9400 2377 10738 80 4473 31 15 9676
9600 1249 10713 77 3917 27 15 8107
9800 632 12870 128 4808 30 13 8001
10000 1239 8990 85 2880 35 11 9114
10200 341 8949 58 4026 642 12 8734
10400 472 11734 69 4981 35 15 9216
10600 2724 8892 433 3734 22 11 7698
10800 3563 10219 95 3510 23 15 10050
11000 1307 10755 77 5264 27 9 9863
11200 3153 8556 204 3872 32 15 7880
11400 1196 12359 81 3908 675 11 8803
11600 754 16296 120 2602 43 14 9477
11800 323 9993 71 3485 23 18 6816
12000 326 9312 176 5572 17 15 10281
12200 941 10288 176 3407 51 10 7257
12400 1063 11191 61 3643 23 10 8316
12600 385 13348 77 4037 28 17 10413
12800 1149 13979 78 3626 30 13 9866
13000 318 9543 79 3534 39 9 9505
13200 1020 10725 81 3890 28 11 9020
13400 407 11882 80 4341 22 16 7552
13600 1905 9686 72 4389 38 14 8853
13800 2399 10479 60 4251 31 9 10199
14000 1118 10211 79 3930 28 9 8251
14200 1682 9860 77 4046 24 16 8635
14400 1001 10861 79 4726 29 10 10338
14600 1434 8839 78 4153 28 14 10012
14800 1249 15052 59 5490 28 38 9818
15000 794 9761 82 4401 29 52 7461
15200 1706 10664 126 4465 31 11 9638
15400 374 11147 76 3756 31 7 7989
15600 399 11601 78 4090 33 12 7868
15800 378 12709 74 4242 33 8 13366
16000 667 15488 60 4084 34 13 9418
16200 1765 13690 165 4197 31 14 10676
16400 1151 12313 69 5034 27 585 7126
16600 2023 10977 79 4152 29 12 8690
16800 381 11036 56 6131 32 14 9879
17000 1259 10331 98 3637 24 16 7592
17200 466 7668 76 4250 34 15 7623
17400 458 9877 56 6936 31 7 8076
17600 378 13305 75 4346 31 9 8033
17800 319 9809 92 5587 26 16 12292
18000 645 13256 66 3984 33 16 8456
18200 375 12334 67 3369 21 8 9723
18400 1633 12749 78 3997 22 15 9482
18600 3447 13350 51 2753 27 6 14975
18800 379 8321 76 4453 33 12 8291
19000 1212 13281 79 5085 32 8 9255
19200 2303 11104 63 3901 31 9 8685
19400 1492 9317 61 7253 35 7 12463
19600 1384 13161 499 3599 27 12 8532
19800 323 11746 77 3871 469 64 7269
20000 400 10577 67 4095 25 13 8585
20200 1763 9666 98 5483 26 8 9454
20400 3575 13951 79 5043 32 9 9461
20600 1791 10730 89 4275 27 14 8621
20800 597 11143 80 4087 31 17 8644
21000 912 10176 452 3772 34 47 8323
21200 379 11694 175 4104 295 13 13070
21400 870 11056 75 4189 30 94 8869
21600 2149 12280 80 3931 31 14 9935
21800 671 9470 68 4370 29 16 8900
22000 2116 8938 59 3716 41 13 7440
22200 374 10799 68 3918 35 9 7538
22400 2441 9780 52 4893 27 12 10464
22600 2772 7905 80 2886 21 8 11407
22800 1866 11055 80 3643 30 14 9391
23000 610 10602 69 3121 32 8 8508
23200 459 12143 79 3574 30 16 8001
23400 935 20062 74 4006 28 16 8546
23600 2156 10024 53 4923 25 12 9039
23800 1714 10179 49 4701 29 17 7204
24000 1921 12843 61 3759 27 10 9309
24200 2163 11247 77 3735 492 15 8033
24400 294 13264 83 4593 33 14 8433
24600 1870 12345 65 4557 33 13 11309
24800 1754 13937 84 5260 31 9 8321
25000 320 9609 85 4064 36 8 8745
25200 321 10120 57 3576 17 11 7266
25400 1738 9625 82 5271 27 9 6619
25600 305 10379 64 6132 37 16 9605
25800 3153 11425 150 4176 49 17 9725
26000 632 11480 78 4021 26 11 8137
26200 387 9752 103 7083 31 15 9501
26400 1077 11015 73 4552 34 8 7906
26600 0 12224 89 3873 31 16 9739
26800 1189 12483 82 3173 43 8 8087
27000 1297 11882 78 3487 27 9 7634
27200 384 11764 77 3938 33 7 12393
27400 1042 11234 75 5021 35 9 8553
27600 547 11110 71 4667 26 23 8461
27800 2474 11606 87 4122 29 12 8485
28000 3656 10568 63 4319 30 18 7998
28200 788 10572 87 2774 31 9 11306
28400 4815 12544 64 2731 29 6 11437
28600 317 11640 70 4206 18 12 8640
28800 2584 7187 71 4448 33 15 8549
29000 382 10491 67 4954 26 15 9643
29200 1342 10575 68 5114 25 10 8733
29400 322 10576 78 3553 24 10 7232
29600 292 11239 85 3186 20 7 13040
29800 334 11709 124 3856 32 14 8561
30000 1068 13667 72 4572 35 50 9978
30200 0 9774 80 3336 42 19 11537
30400 3224 12398 78 3176 29 8 11066
30600 399 10390 68 3900 16 10 7833
30800 3242 10214 87 6278 32 13 10723
31000 322 11544 74 4210 29 12 16167
31200 1787 11311 78 3985 34 16 7762
31400 575 10610 51 3804 31 13 8474
31600 2393 8592 61 3695 42 10 7276
31800 408 11295 78 3634 89 8 7860
32000 343 9831 61 3945 75 11 7961
32200 1851 9484 65 4449 21 7 9137
32400 424 17224 69 3923 31 21 12503
32600 451 9450 81 2925 42 9 8801
32800 489 9130 68 5968 21 7 10029
33000 1755 9384 66 5518 37 8 8824
33200 391 12110 72 3658 33 13 8316
33400 308 9759 62 6124 36 17 9740
33600 1812 9922 79 4445 34 15 10171
33800 518 11456 76 4327 22 8 8230
34000 421 12568 84 4377 36 7 8869
34200 1125 9364 60 5356 35 13 9327
34400 549 10225 82 2906 32 15 7966
34600 359 8869 60 2724 30 9 9078
34800 658 9560 73 3891 25 2634 7589
35000 443 9461 62 3388 23 14 7728
35200 2603 5757 47 3152 15 5 6249
35400 2627 5208 43 2657 16 6 5642
35600 3404 4966 59 2751 15 6 6111
35800 2493 5339 59 2857 15 6 6030
36000 2468 4790 47 2651 14 6 6675
36200 2406 4653 48 2938 15 6 5162
36400 1531 5042 46 3138 15 6 6119
36600 2401 5638 49 3219 16 6 7811
36800 2598 7938 51 2574 12 5 10287
37000 1252 4230 40 2683 12 5 5437
37200 1336 4282 40 2831 13 5 5931
37400 1765 5257 46 3238 14 5 6052
37600 2339 5082 65 4040 17 6 6299
37800 1265 4277 83 2682 11 4 5819
38000 1276 5279 41 3439 13 5 6603
38200 1255 4316 40 2415 14 4 5450
38400 1751 5174 55 3159 15 6 6986
38600 6596 8208 63 10101 15 6 14826
38800 1316 8436 50 2905 14 5 8321
39000 1495 4120 57 2971 12 4 6516
39200 1726 4797 41 4028 12 4 5220
39400 1671 4332 40 2733 12 4 5431
39600 1433 4083 42 3779 14 5 6297
39800 1343 4391 42 2435 12 5 10457
40000 1431 4611 56 2707 13 5 5249
40200 0 4992 40 2804 12 4 5447
40400 1337 4362 40 2491 12 5 5616
40600 1317 4703 41 2919 12 4 5339
40800 1403 4851 45 2888 13 5 5711
41000 1569 4423 41 2677 13 5 5501
41200 1621 5253 49 2769 12 4 6466
41400 1554 4718 42 2666 13 5 9279
41600 1463 4624 206 2403 14 6 5578
41800 1464 4223 46 2649 12 5 5728
42000 1625 4916 45 3028 13 5 6064
42200 1436 4593 52 2944 14 5 6275
42400 1302 4206 40 2567 11 4 5768
42600 2449 4828 267 2850 13 6 5854
42800 1545 4174 40 2748 12 4 5712
43000 1599 4533 45 2765 13 5 5969
43200 1458 4385 40 2640 11 5 5470
43400 1552 4139 41 2929 13 6 5398
43600 1868 4465 45 2803 14 6 5752
43800 1307 4360 41 2506 12 5 5543
44000 1607 4770 46 3244 14 6 6378
44200 1273 4551 40 2734 12 4 5558
44400 1570 4500 39 2695 12 4 5264
44600 1341 4088 41 3470 13 5 5365
44800 1488 4349 40 2824 12 4 5564
45000 1639 4334 40 2741 11 4 6044
45200 1268 4597 41 2349 12 6 5480
45400 1613 4708 46 3000 13 5 6337
45600 1379 4301 41 2682 14 5 5200
45800 1330 4551 41 2757 13 5 5598
46000 1297 4262 40 5653 20 7 7974
46200 1433 4336 41 2745 14 5 5977
46400 1774 4401 39 2720 14 5 6292
46600 1281 4311 45 2378 13 4 5834
46800 1683 4283 41 2564 11 4 5567
47000 1612 4933 42 2693 12 4 5766
47200 1542 4086 40 2745 13 5 5607
47400 1614 4156 57 2870 12 4 5719
47600 1328 4454 41 2766 12 4 5241
47800 1258 4478 41 2398 12 5 5698
48000 1224 4491 41 2498 11 4 5289
48200 1697 4715 46 2665 13 5 7271
48400 1470 4316 40 2672 11 5 5606
48600 0 4140 40 2837 12 4 5275
48800 1485 4178 45 2803 12 4 5452
49000 1256 4362 40 2694 12 4 5132
49200 1463 4218 40 2626 11 4 5226
49400 1601 4283 40 2853 12 4 5621
49600 1468 4262 43 2648 14 6 5712
49800 1335 4374 51 2600 12 4 5494
50000 1652 4167 40 3240 13 4 5406
50200 1565 4198 50 2826 11 4 5687
50400 1343 4731 42 2647 13 6 5808
50600 1755 4329 57 2807 11 4 5358
50800 1294 4247 41 2548 13 4 5807
51000 1257 4343 45 2610 12 4 5831
51200 2321 4256 42 2602 11 5 5707
51400 1578 4397 41 2771 13 5 5424
51600 1774 4642 42 2748 12 5 5949
51800 1644 4281 40 2796 12 4 5971
52000 1332 4292 41 2530 11 4 5305
52200 1304 4293 46 2675 13 5 5735
52400 1685 4057 40 2688 12 5 6766
52600 1299 4292 40 2600 12 5 5525
52800 1270 4412 39 2769 12 4 6376
53000 1305 4107 40 2678 12 4 5920
53200 1517 4854 45 2729 12 4 5225
53400 1324 4326 41 2977 16 6 5671
53600 1609 4402 47 3029 14 6 6419
53800 1284 4593 40 2391 12 4 5851
54000 1303 4641 58 2605 13 4 5265
54200 1678 4105 44 2642 11 4 5188
54400 1516 4262 39 2613 42 4 5768
54600 1275 4236 40 2873 11 4 5524
54800 1340 4071 40 2724 13 4 5942
55000 1723 4213 40 2969 12 4 5870
55200 2306 5581 47 2909 15 6 5945
55400 2019 5270 48 3169 267 6 6166
55600 1696 5452 46 3374 16 5 5884
55800 1631 4701 46 2999 14 5 6055
56000 1662 5941 50 3509 16 6 6633
56200 2051 5742 53 2878 239 6 6042
56400 2015 5879 58 3496 15 6 6248
56600 1604 5178 46 3602 26 6 7592
56800 1890 4748 46 3045 21 5 6386
57000 1400 5082 58 3607 18 6 6335
57200 1579 5559 83 3613 20 7 6394
57400 1788 4891 47 3252 16 5 6360
57600 1708 4909 48 3080 16 6 5959
57800 1816 5779 55 3101 15 6 6934
58000 1670 4576 47 3072 15 5 6213
58200 1450 4176 40 2629 12 4 5368
58400 1277 4637 46 2655 13 4 5489
58600 1217 4963 41 2977 11 4 5450
58800 1261 4801 40 2847 12 4 5142
59000 1453 5090 46 3390 15 6 7172
59200 1791 5287 47 2688 15 6 11203
59400 1229 4295 53 2729 13 4 5370
59600 1449 4127 39 2762 12 4 5982
59800 1248 4167 40 2392 11 4 5605
60000 2045 4713 59 4240 18 7 7120
60200 2198 6117 46 3052 14 6 7404
60400 1663 4001 40 2535 13 5 5761
60600 1635 4191 40 2795 11 4 5361
60800 1517 4170 45 2376 12 4 5818
61000 1355 4486 41 2726 12 5 5821
61200 2022 5609 52 3231 15 6 7369
61400 1627 5256 49 3063 14 5 6423
61600 1256 4127 45 2809 12 4 5711
61800 1345 4222 40 2577 12 5 5739
62000 1236 4160 40 2685 12 4 5684
62200 1725 4391 40 2779 13 5 5366
62400 1778 6053 52 3296 16 6 6664
62600 1425 4588 57 3326 16 5 6969
62800 1717 4453 40 2717 14 5 5948
63000 1342 5010 47 3219 14 6 5588
63200 1950 4390 42 2816 13 5 5557
63400 1297 4348 40 2479 12 5 5674
63600 1834 4774 47 2694 14 5 6659
63800 1484 4740 46 3737 17 6 7944
64000 1502 4472 41 2809 12 38 6089
64200 1326 4165 40 2791 14 5 5607
64400 1291 4235 208 2507 12 4 5582
64600 1703 4667 47 2763 16 6 7324
64800 1600 5381 46 3059 21 8 8220
65000 1652 4251 46 3135 13 5 5240
65200 1673 4783 42 2597 12 4 5585
65400 1435 4298 40 2727 12 4 5538
65600 1330 4102 56 2760 13 5 5819
65800 1766 6033 48 3020 14 5 5985
66000 1557 5500 58 3384 15 6 6521
66200 1440 4353 212 2365 12 5 5589
66400 1447 4183 40 2558 12 4 5518
66600 1546 4451 42 2448 12 4 5582
66800 1233 4415 42 2429 13 6 5388
67000 1821 5675 58 3139 16 5 7084
67200 1673 4627 47 3282 15 6 6136
67400 1309 4239 263 2634 12 4 5437
67600 1334 4268 40 2548 12 4 5624
67800 1854 7345 59 3337 18 6 7398
68000 1447 4711 47 2663 14 5 7805
68200 1456 4960 115 3346 17 7 6798
68400 1643 5961 57 3550 17 6 7398
68600 1936 5273 47 2879 20 7 7558
68800 1526 5666 55 3263 15 6 6309
69000 1695 4297 40 2572 12 5 5413
69200 1657 4125 40 2735 12 4 5598
69400 1295 3971 40 2729 12 4 5300
69600 2052 5065 46 2819 15 5 6267
69800 1873 4449 46 3028 14 5 6282
70000 1266 4145 39 2628 17 6 5744
70200 1253 4277 48 2916 12 4 5590
70400 1301 4080 40 2437 12 4 5392
70600 1434 4853 72 2929 11 4 5227
70800 1951 5845 61 3551 19 7 7536
71000 1545 4729 46 3004 15 5 7375
71200 1285 4111 45 2721 12 5 5235
71400 1248 4855 42 2574 13 5 5399
71600 1361 4230 45 2458 12 5 6160
71800 1802 4799 40 2591 12 5 5513
72000 1562 4884 49 3084 16 7 6344
72200 2104 5053 54 3322 19 6 6582
72400 2174 4695 51 2973 15 6 5856
72600 1996 4752 47 3362 15 6 6634
72800 1646 4324 40 3051 11 4 5513
73000 1566 4386 40 2818 11 4 5800
73200 1497 4185 47 2881 12 5 5667
73400 1453 4347 40 2723 12 5 6123
73600 1800 4888 56 3393 15 5 5697
73800 1775 5205 57 3275 18 6 6534
74000 1260 4673 39 2418 11 4 5806
74200 1466 4397 40 2612 12 4 5809
74400 2252 5672 58 3079 20 7 6813
74600 2046 5964 47 3019 15 6 6910
74800 1715 5817 58 3465 15 6 6109
75000 0 5022 47 3096 15 5 6269
75200 2259 5162 47 3071 16 6 6015
75400 1610 4514 51 3086 19 5 7009
75600 2056 4659 45 2637 14 6 6304
75800 1759 4736 79 2994 14 5 5910
76000 1614 4773 52 3364 15 5 6359
76200 1882 4965 47 3177 15 5 6658
76400 1404 5472 74 3059 36 6 7495
76600 1509 4663 47 3091 15 5 7503
76800 1389 4895 46 3389 14 6 6271
77000 2373 5569 57 3347 19 6 7287
77200 1818 5584 45 3181 15 6 6483
77400 1417 5477 103 2838 15 7 6567
77600 1528 4568 46 2988 13 5 6121
77800 2067 4685 45 2830 14 6 5594
78000 2403 5812 46 3345 21 7 7611
78200 1792 8764 57 4297 20 7 6341
78400 1389 4562 46 3265 15 6 6671
78600 1414 5581 46 3397 17 6 6345
78800 2224 5697 52 3183 16 7 8043
79000 1892 5617 52 3024 16 6 6862
79200 2007 4563 57 3593 18 7 6572
79400 1421 4659 47 2867 14 5 5791
79600 1644 4578 46 3038 18 7 6335
79800 2311 5823 48 2632 15 5 6168
80000 1732 4411 55 2897 15 5 7019
80200 2006 5248 250 3437 15 5 6284
80400 2404 6106 58 3429 15 5 6503
80600 2077 5267 57 3230 16 6 6822
80800 1451 5696 59 3223 15 6 6460
81000 2019 4848 47 2820 14 5 6482
81200 1534 4943 46 3054 14 6 6579
81400 1876 5950 58 3319 51 5 5952
81600 0 5360 48 3244 16 6 6936
81800 1883 5071 49 3324 15 5 6525
82000 1837 4728 46 3953 18 6 7467
82200 1709 6019 313 3685 19 7 11217
82400 1432 5598 51 4401 15 7 7052
82600 1787 4621 46 3023 14 5 6324
82800 2118 5719 75 2888 14 6 7486
83000 2568 6207 46 3010 14 6 7250
83200 1536 6099 47 4066 15 6 8544
83400 1819 4891 47 3026 14 5 5948
83600 1620 4621 242 3019 15 5 5629
83800 2368 5708 410 2995 16 5 6686
84000 1480 5191 54 3059 15 6 6128
84200 1576 5044 49 2989 14 6 7825
84400 1833 4554 46 3278 15 6 6390
84600 1875 5927 58 3597 17 9 6143
84800 1884 5012 47 3016 15 5 6969
85000 1927 4715 47 2871 16 6 5869
85200 1571 4523 46 2978 15 6 6330
85400 1605 6185 48 3563 19 8 7269
85600 1426 4745 45 3097 15 5 6105
85800 1432 4678 46 2991 14 8 6189
86000 1791 4886 48 2803 15 6 5814
86200 1846 4548 57 2989 14 6 6111
86400 1764 4663 48 2944 15 6 7128
86600 1662 4938 57 3887 16 6 6018
86800 1479 5237 47 2703 14 5 5509
87000 1474 4642 45 2785 14 6 6679
87200 1808 5187 57 3173 15 6 6744
87400 1621 4704 48 2944 16 5 6220
87600 1455 4520 46 2618 15 6 6044
87800 1491 6192 57 3421 15 5 6748
88000 1594 5589 47 3082 15 9 7030
88200 1917 5383 58 3669 18 7 7564
88400 2099 4754 46 3035 15 5 6702
88600 2782 6660 58 2952 15 6 6098
88800 1715 4348 47 2955 15 6 6390
89000 2153 5277 251 2833 19 8 6067
89200 1847 5799 51 3009 13 6 6740
89400 1970 4872 47 3762 15 5 6690
89600 2316 5271 51 2835 15 6 6521
89800 1807 4319 45 3127 38 6 7417
90000 1443 5015 46 3069 19 6 6697
90200 1598 5644 61 3345 16 5 6241
90400 1412 4868 52 3266 16 5 6279
90600 1399 4830 83 2786 15 5 6044
90800 1826 5523 58 3411 14 5 5935
91000 1959 5033 51 3260 18 6 6287
91200 2334 5514 61 3226 15 6 5861
91400 1471 5079 50 2963 15 6 5724
91600 2171 5234 48 3183 15 6 5880
91800 1591 6464 55 2999 16 6 6843
92000 1672 5405 52 3349 16 5 6787
92200 1590 5623 49 3194 15 6 7279
92400 2010 5437 54 3134 17 6 7242
92600 2196 5856 59 3846 19 8 8627
92800 1597 5078 58 3126 23 6 7323
93000 1841 5142 47 2795 18 6 6496
93200 1786 4553 45 2911 16 6 5778
93400 1543 6112 46 2970 15 6 6470
93600 1779 5045 47 2916 15 5 6853
93800 1753 5528 46 3055 15 5 7225
94000 1787 5246 51 2866 15 6 6725
94200 1499 4506 82 2996 18 6 6355
94400 1947 5868 335 3485 16 6 5938
94600 1386 4855 46 3320 14 6 6390
94800 1475 4711 46 3048 16 6 6193
95000 1415 4606 57 3463 19 6 6511
95200 2460 6380 60 3550 21 7 6841
95400 1939 6152 59 3389 16 6 6687
95600 2464 5753 46 6287 19 8 5578
95800 1761 5400 51 2836 16 6 6103
96000 2389 5143 47 2890 16 6 8499
96200 1431 4319 46 2943 14 6 6359
96400 1650 4650 46 2562 14 5 6027
96600 1482 4502 45 3078 15 14 6300
96800 1630 4785 48 12929 15 5 11085
97000 2421 6426 48 3067 15 7 7993
97200 1437 5457 51 3294 16 5 6921
97400 1843 5036 48 2953 16 5 7563
97600 1615 4402 45 2975 14 5 6318
97800 2097 5874 58 3534 19 6 12559
98000 2199 5045 58 3547 18 6 6790
98200 1622 4399 47 2913 15 6 6018
98400 1759 4540 47 2877 15 6 7180
98600 2388 5782 47 2582 15 7 6691
98800 1764 5314 47 2983 15 5 6655
99000 1432 4764 58 3017 15 6 6513
99200 1473 5466 47 3017 16 6 6360
99400 1833 4304 47 2825 14 5 7292
99600 1512 6917 58 2712 17 6 6354
99800 1402 4668 57 2951 19 5 5467
100000 1406 4237 45 2744 13 5 7386
100200 2140 4413 45 3098 15 5 6503
100400 1977 5350 46 2576 18 6 6022
100600 1682 4587 46 3112 15 5 5846
100800 1998 5667 53 3257 16 6 7118
101000 1411 4398 47 2987 15 5 6727
101200 1398 4677 57 3490 14 5 6029
101400 2132 5027 59 3598 20 7 7284
101600 0 5599 57 3564 20 6 6713
101800 1375 5138 86 3183 15 6 6818
102000 2082 5210 50 2725 21 6 6931
102200 1770 4442 46 3363 19 6 6260
102400 1867 4542 45 3048 18 7 6618
102600 1448 4525 45 3293 18 7 6515
102800 1661 4347 47 2970 14 5 6891
103000 1420 5060 47 3097 14 7 7862
103200 1512 3977 63 2771 13 5 5746
103400 1530 4403 50 2371 11 4 5082
103600 1262 3945 40 2423 11 5 5308
103800 1616 4286 40 2554 12 4 5093
104000 1816 4658 58 3730 15 6 5687
104200 1644 5552 58 3553 17 7 7380
104400 1252 4268 40 2433 12 5 5412
104600 1374 3945 41 2602 13 5 5563
104800 1393 4483 41 2725 20 6 5246
105000 1385 4277 40 2504 11 5 5254
105200 1730 5914 45 2845 15 6 5568
105400 1642 5130 47 3330 20 7 6243
105600 1613 5419 46 2791 15 5 7458
105800 1638 5292 50 3201 16 7 6352
106000 1279 4474 40 2416 12 4 5662
106200 1414 3910 40 2599 12 4 5228
106400 1641 4196 40 2583 11 4 5345
106600 1259 3904 46 2678 11 4 5604
106800 1797 4663 72 3150 16 11 6145
107000 2131 5286 399 2794 15 6 5773
107200 2103 4941 45 2920 14 5 6200
107400 1644 4620 47 2814 18 7 6353
107600 2384 5599 58 3491 17 6 6241
107800 1371 3986 41 2291 14 4 5106
108000 1669 4234 41 2837 12 5 7979
108200 1213 3842 40 2734 12 4 5373
108400 2360 4724 58 2622 16 6 5685
108600 1624 4231 47 2849 15 6 6416
108800 1822 4783 45 2980 15 6 5646
109000 2201 5123 47 2636 14 6 6157
109200 2297 4423 47 3050 22 7 7250
109400 1532 5170 59 3207 19 5 7288
109600 1467 4430 48 3023 15 6 6691
109800 2001 4212 46 2903 44 6 6773
110000 1405 4396 47 3462 18 7 6590
110200 1047 4939 46 3009 15 6 6375
110400 1442 4476 51 2626 15 5 6077
110600 1627 4996 47 2954 18 6 6478
110800 1576 4467 59 2918 14 5 6625
111000 1754 5544 291 3523 20 7 7500
111200 1890 5505 52 2786 15 5 5488
111400 1788 4666 49 3249 15 6 6733
111600 1446 5024 46 2770 19 7 7950
111800 2067 4708 47 2783 35 5 6058
112000 1842 5815 58 5127 20 7 8506
112200 1437 4629 52 3403 15 6 7097
112400 2230 4552 46 3116 15 5 5982
112600 1471 4523 46 2574 15 6 5724
112800 1554 4540 53 2915 15 5 6787
113000 2195 5982 48 2767 17 6 5835
113200 1920 5003 51 3210 15 6 5748
113400 2876 5079 47 2925 15 6 5998
113600 2504 4662 47 2741 15 6 6106
113800 1389 4899 57 3094 18 6 7385
114000 1749 5759 92 3117 16 6 6350
114200 1804 13964 52 3271 15 6 6309
114400 1527 5488 48 2885 17 6 6874
114600 1632 5497 48 2757 15 6 5708
114800 1826 4777 48 3297 15 6 5993
115000 2069 4632 46 2740 202 5 5756
115200 1502 4363 47 3228 15 5 5989
115400 1447 4558 53 3199 18 7 7523
115600 1752 5486 51 2884 14 5 6131
115800 1771 5540 50 2978 16 7 6382
116000 2082 5554 56 3223 17 6 5914
116200 1444 5010 46 3381 19 6 7499
116400 1780 4486 47 2933 14 5 5845
116600 1473 4351 46 2486 18 5 6215
116800 1883 4701 58 2539 15 6 5636
117000 1902 4830 48 2773 17 6 6739
117200 1464 4639 46 2497 18 7 5919
117400 1401 4391 46 2494 14 5 5492
117600 1513 5447 62 3357 18 7 5659
117800 1874 4477 47 2641 17 6 5874
118000 1936 5323 57 3359 18 7 7584
118200 1661 4348 70 2883 14 5 6626
118400 2087 4861 46 2463 14 5 5950
118600 1608 4988 47 3005 15 6 6099
118800 2009 4358 45 2480 14 5 5911
119000 1793 4460 52 3230 15 6 6549
119200 1419 5586 58 3310 19 5 5541
119400 1376 4609 48 2671 14 6 7210
119600 1603 5110 51 2885 25 6 5994
119800 1937 6144 60 3411 15 6 6663
120000 1960 4813 52 2703 16 6 7090
120200 1823 4412 102 2742 14 6 5877
120400 2204 5245 53 2703 16 6 6597
120600 2009 4425 48 2686 14 6 5364
120800 2022 4763 47 3177 17 6 6282
121000 2091 4962 83 2928 20 6 6671
121200 1839 4572 47 3000 23 12 6824
121400 1887 4661 47 2732 15 6 5840
121600 1472 6189 52 3263 15 6 6318
121800 1529 4959 85 2724 14 6 6502
122000 1887 5217 47 4299 14 5 5799
122200 1800 4915 48 3134 16 6 6672
122400 1751 4453 48 3173 19 7 8060
122600 1926 4943 47 2543 14 5 5805
122800 1469 4414 51 2962 16 6 6104
123000 1771 4425 45 2951 15 5 6009
123200 1757 5664 57 3180 14 5 5814
123400 1856 4332 46 2735 14 5 5896
123600 1758 4905 47 2559 16 5 6578
123800 1802 4506 46 3265 41 5 8409
124000 2124 4846 48 3126 46 7 6459
124200 1702 5416 73 3259 15 6 7708
124400 2188 4407 46 2733 14 6 6752
124600 1989 4377 47 3150 14 6 6057
124800 1401 5825 47 2956 14 6 6172
125000 1675 4395 46 3051 18 6 6487
125200 1423 5397 47 2905 14 6 5876
125400 2322 5727 48 2538 15 5 6022
125600 2226 4483 48 3225 15 5 6639
125800 1710 4532 47 2668 20 6 5613
126000 2096 4408 46 2870 14 5 6462
126200 1431 4474 46 2485 14 7 6717
126400 1794 4435 46 2889 15 5 6238
126600 1395 4881 47 2716 14 6 5401
126800 1605 4235 46 2725 20 6 7418
127000 1608 4546 105 2562 16 5 5884
127200 1415 4866 47 2922 15 6 6905
127400 1567 4708 48 2946 17 6 6064
127600 1385 4537 54 3889 15 6 6933
127800 1809 4380 56 2699 18 6 5690
128000 1879 4926 47 3378 18 7 6082
128200 1768 5054 47 2760 16 6 6434
128400 2106 4265 58 2748 27 6 5782
128600 1516 5415 51 3349 16 6 6008
128800 1596 4444 48 2751 14 6 5736
129000 1424 4173 57 2955 19 7 6205
129200 1819 5360 47 3318 17 6 6837
129400 1519 4215 46 2539 15 6 5952
129600 2117 4373 47 2786 17 5 8190
129800 2048 5315 154 3478 19 7 7361
130000 1904 5902 61 3300 18 7 7318
130200 1401 5498 50 3225 16 5 6010
130400 1923 5760 57 3240 18 6 7879
130600 2009 4886 52 3205 15 5 9267
130800 1670 5171 144 2917 15 6 5922
131000 1841 4509 46 3104 15 6 5999
131200 1787 4960 46 3184 16 5 6331
131400 1413 4381 46 2721 15 5 6045
131600 1672 5121 46 3280 15 7 7097
131800 1449 4717 47 2973 14 6 6297
132000 1383 5068 54 3065 17 6 6762
132200 1785 5845 244 2571 14 5 5380
132400 1744 4642 47 2780 19 6 6399
132600 1441 5009 52 3070 18 6 6777
132800 2150 5275 60 3270 15 6 6051
133000 1584 4560 47 2761 13 6 5180
133200 1499 4687 46 3032 15 5 5938
133400 1815 4665 47 3199 15 5 6115
133600 2457 4406 47 2935 14 6 5767
133800 2117 5489 50 2944 15 6 5629
134000 2252 4854 62 2836 16 6 5713
134200 1381 4710 47 2948 14 5 7308
134400 1682 4522 46 2920 15 5 6792
134600 1966 4606 81 2602 16 5 6218
134800 1841 4331 46 2768 16 6 6525
135000 1963 5383 46 2950 18 6 5841
135200 1473 5171 104 3316 16 6 7065
135400 1704 5147 52 2985 16 5 6550
135600 1985 5352 52 3146 17 6 6047
135800 1807 5482 52 2588 16 6 7309
136000 1650 4530 51 3135 16 7 6825
136200 2167 5127 80 3166 16 6 6327
136400 2473 5048 60 3272 19 7 7926
136600 1366 4584 237 2528 15 6 6012
136800 1461 5528 48 3164 15 6 6167
137000 1641 4612 46 2901 38 5 6377
137200 1805 5664 45 3004 15 6 5927
137400 1644 4397 46 2819 14 5 5915
137600 0 4789 58 3214 18 7 7263
137800 1820 5186 46 2708 13 5 10660
138000 1276 3805 40 2403 11 4 5157
138200 1518 4498 47 3222 15 6 5759
138400 2265 5422 47 2489 14 7 5989
138600 1392 4521 46 4315 20 7 7454
138800 1318 4098 41 2643 12 4 5662
139000 1764 5481 55 3090 18 7 6097
139200 1451 4030 46 2774 14 5 5283
139400 1583 4391 41 2950 14 6 6060
139600 1329 3905 39 2734 12 4 5114
139800 1690 4060 41 2645 13 5 5380
140000 1749 4438 82 2681 14 6 5205
140200 1265 3907 40 2314 18 5 5170
140400 1613 4209 41 2806 14 4 5382
140600 1325 4188 41 2626 12 4 5533
140800 1337 4539 40 2248 13 5 5186
141000 1871 4253 41 2524 12 4 5488
141200 1569 4018 40 2764 12 4 5035
141400 1845 5791 58 6908 15 3 9924
141600 1743 4230 41 2906 12 4 5066
141800 1630 4723 47 2623 12 4 5595
142000 3559 4300 40 2835 21 7 5061
142200 1283 3998 80 2671 12 5 5652
142400 1626 4625 47 3383 19 6 7465
142600 1613 4692 47 2665 15 7 5597
142800 1271 4496 41 2549 12 4 5228
143000 1968 4474 46 2961 13 6 5409
143200 1255 4962 41 2965 12 5 4970
143400 1494 4007 40 2618 11 4 5317
143600 1680 4608 46 2922 14 6 7077
143800 1554 4256 45 2931 12 5 5730
144000 1584 4002 40 2773 12 4 5084
144200 1603 4143 45 2711 12 5 5018
144400 1427 3836 46 2787 39 5 5653
144600 1977 5790 49 2709 13 5 5767
144800 2401 6105 58 3380 15 6 7269
145000 1667 4504 57 3542 18 6 9864
145200 1551 4100 41 2835 13 5 5100
145400 1250 3898 40 2593 12 4 5476
145600 1705 4014 40 2447 11 4 5456
145800 1270 4508 40 2281 12 5 5005
146000 2061 4747 47 2722 13 6 5912
146200 1421 4538 45 3209 15 6 5560
146400 1283 3982 40 2676 11 4 5061
146600 1672 4121 54 2903 14 6 6000
146800 1550 4105 40 2788 12 4 5125
147000 1657 4587 46 3309 16 6 6535
147200 1640 4411 46 3463 16 7 6147
147400 1473 4977 57 3508 15 6 6096
147600 1452 3905 40 2863 12 5 5184
147800 1444 4101 40 2618 12 4 5150
148000 1412 3797 40 2514 16 5 5064
148200 1551 3997 40 2230 13 5 4938
148400 1837 4719 572 2723 16 6 6821
148600 1469 4994 46 2946 15 6 6132
148800 1604 3987 47 2594 12 5 5129
149000 1427 4394 47 2654 13 6 5754
149200 1633 4388 40 2312 306 4 5139
149400 1302 3998 41 2266 13 5 5161
149600 1655 7552 47 3227 20 7 6964
149800 1567 5130 46 2958 17 7 6122
150000 1262 4010 40 2758 12 4 5178
150200 1439 4286 40 2540 11 4 5402
150400 1455 4058 40 2335 11 4 4968
150600 1701 4455 46 2852 14 6 5474
150800 1475 4476 46 2911 14 5 6326
151000 1668 4533 47 2678 15 5 7012
151200 1322 4216 41 2695 12 5 4823
151400 1537 3749 73 2801 12 4 5089
151600 1751 4198 44 2591 11 4 5029
151800 1215 4009 39 2741 12 4 5111
152000 1596 5360 57 2870 16 6 6715
152200 1624 5246 45 3150 15 6 6008
152400 1593 4585 41 2232 11 5 5067
152600 1258 4215 41 2263 11 4 5320
152800 1533 4146 40 2427 11 5 4985
153000 1700 3894 52 2568 12 4 5585
153200 1812 5467 97 3027 16 6 6310
153400 1861 4360 59 2948 35 6 6358
153600 2302 4619 97 3389 18 7 5560
153800 1429 4569 46 2714 42 6 6465
154000 1365 4462 45 2538 13 5 5568
154200 1218 4196 40 2252 11 4 5650
154400 1317 7557 46 2579 182 4 5576
154600 1454 3768 41 2697 14 5 5018
154800 1474 4640 48 2589 16 5 5999
155000 2907 4391 46 2532 18 6 5536
155200 1691 4208 40 2446 12 4 4983
155400 1452 3960 40 2342 13 4 4946
155600 1393 4357 96 3236 13 6 5614
155800 1614 4127 41 2690 13 5 5012
156000 1845 4536 58 3243 18 7 5945
156200 1839 4746 48 3226 16 6 5961
156400 1876 3944 45 2528 11 4 4944
156600 1270 4102 39 2544 12 4 5459
156800 1317 3915 39 2209 12 4 5326
157000 1515 4079 40 2582 12 4 4925
157200 2032 4704 48 2784 14 6 5623
157400 1434 4491 49 2644 266 6 6082
157600 1302 3937 40 2429 11 5 5264
157800 1235 4438 42 2325 13 5 5009
158000 1698 4247 42 2692 13 4 4896
158200 2199 4333 46 2953 15 5 5839
158400 2371 5095 57 2725 15 6 6393
158600 1774 4934 47 2779 19 7 6126
158800 1932 5062 48 2687 14 6 6013
159000 2307 4495 47 2885 14 6 6019
159200 1740 4615 47 2903 15 6 5887
159400 1611 4459 46 2822 15 6 6448
159600 2073 4489 46 2882 14 6 6030
159800 1614 5122 59 3411 16 6 5914
160000 1597 5089 60 3491 17 7 5787
160200 1450 4380 46 3605 18 7 7355
160400 1412 4212 47 2773 15 6 5486
160600 1838 4712 47 3120 18 6 6629
160800 1599 4857 57 2991 16 6 5725
161000 1954 4897 180 3052 15 6 5981
161200 1502 5092 47 3316 19 5 6709
161400 1511 5207 47 2950 15 5 7347
161600 2011 5532 60 3099 19 6 6644
161800 0 4142 40 2435 12 4 5489
162000 1746 3959 40 2414 11 4 5234
162200 1723 4306 40 2626 12 4 5379
162400 1682 5388 59 2988 15 6 6447
162600 1776 4590 46 2994 15 5 6105
162800 1360 3930 41 5356 16 6 5706
163000 1390 4021 41 2737 13 4 5515
163200 1278 3820 39 2750 13 5 5136
163400 1344 4012 41 2950 12 4 4852
163600 1421 5067 52 3339 15 6 7066
163800 1933 5841 58 3346 17 6 6788
164000 1864 4445 45 2912 13 5 5971
164200 1386 4156 43 2899 13 5 5371
164400 1227 3904 40 2460 12 4 5129
164600 1399 4302 42 2492 13 5 5797
164800 2255 4667 46 3052 15 5 7198
165000 1857 5042 50 2945 15 6 6009
165200 1307 3990 41 2296 12 4 5162
165400 1441 3978 74 2640 13 5 5334
165600 1635 3979 39 2724 12 4 5039
165800 1248 4335 40 2224 12 4 5089
166000 1700 5102 51 2910 14 5 6357
166200 1656 5078 52 3106 15 7 6522
166400 1299 4036 40 2368 12 4 5208
166600 1433 4218 46 2828 13 5 5868
166800 1261 4200 41 2721 13 5 5217
167000 2096 6065 56 3411 18 5 7265
167200 1814 4588 51 3109 16 7 6589
167400 1789 4348 56 2500 16 6 5640
167600 1868 4744 52 2227 13 4 5163
167800 1542 3957 40 2567 11 4 4875
168000 1296 3833 40 2655 12 4 5040
168200 1747 3951 41 2437 14 6 4826
168400 2310 4691 58 2448 14 5 6799
168600 1807 5115 58 2936 15 5 5731
168800 1328 3799 39 2279 11 4 4997
169000 1582 3988 40 2555 12 4 5058
169200 1726 4004 40 2546 11 4 5267
169400 1270 4244 46 2803 14 6 6207
169600 1625 4464 58 3042 15 6 5527
169800 1860 4721 46 3118 20 8 7364
170000 1314 3918 40 2682 12 4 5046
170200 1645 4061 41 2656 12 6 5265
170400 1525 4054 46 3079 14 6 5607
170600 1562 4200 40 2373 13 4 5607
170800 1682 4167 78 2965 16 5 6868
171000 1435 4395 46 2914 13 5 5533
171200 1793 4373 45 2815 13 5 5903
171400 1387 4225 42 2503 13 5 5549
171600 1281 3947 40 2727 12 4 6094
171800 1402 5593 48 2918 21 5 6626
172000 1684 4197 45 2874 12 4 5552
172200 1760 4822 394 2644 15 6 5596
172400 1435 3948 45 2539 12 4 5152
172600 1283 4026 64 2682 11 5 5649
172800 1669 3897 40 2959 13 5 5182
173000 1721 5273 42 2511 13 4 5884
173200 1600 4170 41 2445 12 5 5661
173400 1636 5580 57 3264 15 6 6082
173600 1261 3962 40 2947 14 6 5836
173800 1245 4304 40 2275 12 4 5137
174000 1338 4074 40 2557 11 4 5282
174200 1601 3929 39 2523 13 4 5288
174400 1571 4493 46 3286 16 7 6308
174600 2089 4604 47 2867 22 6 7055
174800 1367 3991 40 2492 12 4 5313
175000 1481 4257 40 2641 11 4 4977
175200 0 4186 40 2563 12 4 5119
175400 1295 4182 40 2280 356 5 5248
175600 2092 4738 47 2945 14 5 5884
175800 1739 6535 57 3479 17 6 6063
176000 1454 4371 41 2266 11 5 5024
176200 1273 3745 41 2332 176 5 4975
176400 1392 3825 40 2518 12 5 5334
176600 1341 3756 39 2557 11 5 5270
176800 1730 9080 59 3539 15 6 6112
177000 1855 6112 57 2867 15 6 5757
177200 1560 4006 40 2815 14 4 5404
177400 1636 4054 39 2702 14 6 5541
177600 1380 4106 46 2276 12 4 5059
177800 1245 4211 41 2552 13 4 4992
178000 2473 5113 46 3209 19 7 6668
178200 1552 4767 41 3316 17 6 7029
178400 1514 4035 40 2692 12 5 4954
178600 1600 4000 41 2443 11 4 4902
178800 1412 3982 40 2731 14 4 5032
179000 1401 3884 40 2300 306 4 5155
179200 1910 4386 47 2816 14 6 5825
179400 1813 6184 47 2831 16 6 5770
179600 1213 3712 41 2275 13 6 5130
179800 1279 3921 40 2293 12 4 5050
180000 1593 3929 40 2254 11 4 5082
180200 1738 3950 40 2245 11 4 5375
180400 2289 4402 46 3164 15 7 6822
180600 1731 5758 45 3321 19 6 7056
180800 1560 4089 41 2538 12 5 5184
181000 1238 4260 46 2671 12 5 6042
181200 1669 4126 58 2581 12 4 4817
181400 1652 3995 40 2650 12 4 5115
181600 2081 4478 349 2935 19 5 6070
181800 1395 4422 46 2895 14 5 6041
182000 1590 3983 41 2726 12 6 5201
182200 1227 4060 40 2434 12 4 5023
182400 1608 4062 40 2673 11 5 5161
182600 1314 4121 40 2265 11 5 5427
182800 1986 4954 46 2873 18 7 5791
183000 1732 4293 47 3095 15 6 7196
183200 1586 4225 45 2926 15 5 6796
183400 1967 4070 42 2405 12 5 5204
183600 1328 4017 40 2388 12 4 5313
183800 1629 4762 59 2823 14 6 5855
184000 1656 4393 47 3300 17 6 6499
184200 1795 4042 40 2749 12 5 5279
184400 1357 3771 40 2358 11 4 5129
184600 1815 4287 41 2464 12 5 5037
184800 1285 4036 39 2409 12 4 5246
185000 1740 4531 47 3115 16 7 6651
185200 1425 4307 45 2863 14 6 5522
185400 1390 3915 40 2215 12 5 4810
185600 1295 4066 40 2187 11 4 4982
185800 1206 3931 40 2377 15 5 4914
186000 1580 4034 63 2484 13 5 5142
186200 1377 4594 47 3130 16 6 5549
186400 1362 4337 47 2674 15 5 5390
186600 1859 4370 42 2543 14 6 5218
186800 1362 4090 41 2301 12 4 4893
187000 0 4215 51 2454 11 4 4827
187200 0 4009 40 2502 11 4 5508
187400 1405 4538 51 3117 16 6 6680
187600 1886 4576 47 2871 21 8 5948
187800 1477 4379 81 2251 12 4 5034
188000 1385 3537 40 2303 13 4 5169
188200 1267 4484 50 2369 12 5 5085
188400 1442 3937 40 2396 12 4 4782
188600 1643 5033 62 3117 15 6 6733
188800 1469 4329 51 2553 15 6 6018
189000 1819 3967 48 2694 12 5 4959
189200 0 3893 41 2389 13 5 5060
189400 1637 4267 57 2677 13 5 5118
189600 1270 3884 39 2573 11 4 5415
189800 1537 4451 46 2659 14 5 5819
190000 1869 4703 46 2820 15 8 6647
190200 1342 4764 42 2605 14 6 5882
190400 1335 3953 41 2313 12 5 4925
190600 1438 4258 41 2361 12 5 5051
190800 1220 3920 41 2722 11 4 5500
191000 1615 4482 46 3145 19 6 6099
191200 1909 4220 46 3566 18 7 6559
191400 1356 3966 40 2337 11 5 5065
191600 1248 3676 40 2236 11 4 5130
191800 1693 4077 57 2649 14 6 5466
192000 1355 4237 41 2266 11 4 5269
192200 1680 4377 46 2692 14 5 6158
192400 1575 9506 58 3441 16 6 6306
192600 1543 5799 52 3228 15 6 6739
192800 1630 3893 40 2485 21 4 5056
193000 1665 4079 41 2641 12 5 5401
193200 364 4524 41 2669 14 4 5024
193400 1642 4538 47 2911 15 6 6044
193600 2384 5803 48 2951 15 6 7281
193800 1700 5098 48 3295 20 7 7677
194000 1675 4260 44 2443 11 4 5054
194200 1384 3976 39 2616 12 4 5256
194400 1257 3782 52 2477 12 4 4920
194600 2074 4506 59 2939 21 7 6267
194800 1400 4409 46 2502 13 5 5426
195000 1783 5200 52 3230 57 6 6451
195200 1517 3921 45 2495 11 4 4874
195400 1309 4015 40 2430 13 4 5061
195600 1272 3839 40 2575 11 5 4750
195800 1702 3826 41 2600 14 6 5243
196000 1783 4473 47 2853 13 5 6307
196200 2152 4802 47 2582 16 5 5673
196400 1364 4038 39 2472 11 4 5239
196600 1409 3753 40 2232 12 4 5244
196800 1344 3945 40 2364 18 5 4902
197000 2175 5702 46 2651 18 7 7345
197200 2013 4516 52 3235 17 6 6777
197400 1488 5281 107 2991 17 7 6465
197600 1488 3964 40 2647 12 4 5079
197800 1676 3946 45 2552 16 4 5059
198000 1259 4189 40 2204 11 4 5126
198200 1275 3873 40 2598 13 4 5505
198400 1788 6304 771 3147 16 6 6117
198600 3236 4917 49 2926 16 7 6278
198800 1354 3937 40 3060 12 5 6099
199000 5955 4501 80 2886 15 4 5324
199200 1237 4048 40 2765 12 4 5338
199400 1330 3938 40 2942 12 4 5247
199600 1521 4737 52 3110 43 5 6378
199800 2042 4780 55 2936 17 6 7241
200000 1920 4579 59 2676 18 6 5553
