Iteration / Electron np / Ion np
4 999455 999998
9 998844 999997
14 998173 999997
19 995974 999996
24 990979 999995
29 986010 999993
34 978852 999991
39 968810 999990
44 958532 999984
49 948508 999981
54 939278 999975
59 933002 999969
64 930335 999964
69 930297 999956
74 930300 999947
79 930301 999941
84 930302 999931
89 930306 999914
94 930311 999890
99 930314 999873
104 930317 999848
109 930321 999835
114 930325 999810
119 930327 999785
124 930333 999762
129 930333 999734
134 930335 999713
139 930341 999677
144 930348 999629
149 930346 999590
154 930342 999559
159 930332 999525
164 930336 999481
169 930340 999446
174 930347 999409
179 930349 999358
184 930348 999315
189 930352 999270
194 930368 999209
199 930371 999159
