Iteration / Time / Cell x / Charge Density / Electric Potential / Neutral Density / Excited Density / Ion Density / Electron Density
0 0 0.00025 0 0 0 0 0 0 -5.67722e-40 -5.6779e-40 0 -5.67781e-40
0 0 0.00075 0 0 0 0 0 0 5.62707e-301 5.61055e-301 0 5.61602e-301
0 0 0.00125 0 0 0 0 0 0 1.02964e-71 1.48542e-76 0 1.30019e-90
0 0 0.00175 0 0 0 0 0 0 2.15465e-48 4.43682e-38 0 4.85709e-33
0 0 0.00225 0 0 0 0 0 0 1.95751e+25 8.28319e-72 0 2.25628e-264
0 0 0.00275 0 0 0 0 0 0 5.87794e-62 3.89039e-33 0 1.83155e-76
0 0 0.00325 0 0 0 0 0 0 6.74216e-67 1.78256e-72 0 6.77005e-43
0 0 0.00375 0 0 0 0 0 0 6.81671e-38 1.95893e+25 0 5.42847e-67
0 0 0.00425 0 0 0 0 0 0 3.6266e-86 6.81212e-38 0 3.9399e-62
0 0 0.00475 0 0 0 0 0 0 1.30019e-90 6.74216e-67 0 6.06574e-34
0 0 0.00525 0 0 0 0 0 0 3.85714e-57 9.96538e-43 0 1.95751e+25
0 0 0.00575 0 0 0 0 0 0 2.25628e-264 5.03413e-86 0 1.74282e-76
0 0 0.00625 0 0 0 0 0 0 1.48677e-76 1.30019e-90 0 1.02877e-71
0 0 0.00675 0 0 0 0 0 0 4.43682e-38 1.3824e-47 0 4.66077e-33
0 0 0.00725 0 0 0 0 0 0 5.42847e-67 2.1332e-264 0 4.02875e-86
0 0 0.00775 0 0 0 0 0 0 4.66537e-62 1.83155e-76 0 1.3002e-90
0 0 0.00825 0 0 0 0 0 0 6.06574e-34 2.90847e-33 0 5.88742e-62
0 0 0.00875 0 0 0 0 0 0 1.96082e+25 5.42847e-67 0 2.04809e-259
0 0 0.00925 0 0 0 0 0 0 3.37425e-57 7.87079e-67 0 1.83289e-76
0 0 0.00975 0 0 0 0 0 0 1.02877e-71 6.31306e-34 0 6.76918e-43
0 0 0.01025 -1.76425e-07 0.468195 7.24071e+19 3.62036e+15 5.49765e+14 5.50867e+14 1.94364e-05 3.55354e+10 -0.0125059 0.738663
0 0 0.01075 4.99936e-06 1.40957 7.24071e+19 3.62036e+15 5.41135e+14 5.09928e+14 1.87996e-05 1.89859e-05 -0.00648023 1.18464
0 0 0.01125 6.38501e-07 2.20978 7.24071e+19 3.62036e+15 5.36644e+14 5.32658e+14 1.96962e-05 1.91572e-05 -0.00531821 0.561855
0 0 0.01175 -2.41678e-06 2.99196 7.24071e+19 3.62036e+15 5.05492e+14 5.20578e+14 1.91654e-05 2.02949e-05 -9.28146e-05 3.76754e+10
0 0 0.01225 6.34041e-06 3.84238 7.24071e+19 3.62036e+15 5.37175e+14 4.97597e+14 1.87003e-05 1.96885e-05 0.00130749 0.302103
0 0 0.01275 1.24874e-06 4.51377 7.24071e+19 3.62036e+15 5.48585e+14 5.4079e+14 1.93629e-05 1.91369e-05 0.000510199 1.13444
0 0 0.01325 5.23656e-07 5.14991 7.24071e+19 3.62036e+15 5.56957e+14 5.53689e+14 1.9577e-05 1.9095e-05 0.00251984 -1.14936
0 0 0.01375 1.14414e-06 5.77126 7.24071e+19 3.62036e+15 5.60312e+14 5.5317e+14 1.88227e-05 1.92875e-05 0.00127985 -1.95684
0 0 0.01425 6.36726e-07 6.3603 7.24071e+19 3.62036e+15 5.48615e+14 5.44641e+14 1.83978e-05 1.88228e-05 0.00105694 1.16648
0 0 0.01475 4.92649e-06 6.93136 7.24071e+19 3.62036e+15 5.6607e+14 5.35318e+14 1.94999e-05 1.91037e-05 -0.00670002 2.30707
0 0 0.01525 2.92932e-06 7.36333 7.24071e+19 3.62036e+15 5.54995e+14 5.3671e+14 3.52625e+10 1.90783e-05 -0.000568172 -0.294422
0 0 0.01575 3.49807e-06 7.71257 7.24071e+19 3.62036e+15 5.70244e+14 5.48408e+14 1.90151e-05 1.93483e-05 -0.010064 -0.789994
0 0 0.01625 -2.46656e-06 7.96305 7.24071e+19 3.62036e+15 5.30948e+14 5.46345e+14 1.90258e-05 2.06317e-05 -0.00609287 0.403642
0 0 0.01675 2.49686e-06 8.28318 7.24071e+19 3.62036e+15 5.58151e+14 5.42565e+14 1.90299e-05 3.61136e+10 -0.00223212 0.432397
0 0 0.01725 4.39205e-06 8.5328 7.24071e+19 3.62036e+15 5.6528e+14 5.37864e+14 1.89501e-05 2.0498e-05 0.00281544 2.24159
0 0 0.01775 6.68121e-06 8.65841 7.24071e+19 3.62036e+15 5.84433e+14 5.42728e+14 1.94334e-05 1.95508e-05 0.00453269 -0.486458
0 0 0.01825 -1.39815e-06 8.59537 7.24071e+19 3.62036e+15 5.42828e+14 5.51555e+14 1.95189e-05 1.97157e-05 0.00598728 3.54823e+10
0 0 0.01875 5.21987e-06 8.57181 7.24071e+19 3.62036e+15 5.86589e+14 5.54005e+14 1.90286e-05 2.02408e-05 -0.00177354 -0.414961
0 0 0.01925 8.94338e-08 8.40086 7.24071e+19 3.62036e+15 5.47171e+14 5.46612e+14 1.87326e-05 1.93005e-05 -0.00121409 0.308356
0 0 0.01975 -3.39326e-06 8.22739 7.24071e+19 3.62036e+15 5.14894e+14 5.36076e+14 1.80159e-05 1.81408e-05 -0.00248953 0.468386
0 0 0.02025 8.67967e-07 8.14973 7.24071e+19 3.62036e+15 5.52129e+14 5.46711e+14 1.88089e-05 1.98152e-05 0.00035294 -0.248834
0 0 0.02075 2.02064e-06 8.04756 7.24071e+19 3.62036e+15 5.49438e+14 5.36825e+14 1.86257e-05 1.89041e-05 0.00341517 -2.17863
0 0 0.02125 -5.69122e-06 7.88833 7.24071e+19 3.62036e+15 5.22175e+14 5.57701e+14 1.86462e-05 1.82769e-05 0.00809937 -0.363296
0 0 0.02175 -4.42134e-06 7.8898 7.24071e+19 3.62036e+15 5.24497e+14 5.52096e+14 3.73757e+10 1.86841e-05 0.00190157 0.64872
0 0 0.02225 -4.00214e-07 8.01611 7.24071e+19 3.62036e+15 5.30451e+14 5.32949e+14 2.01351e-05 1.9739e-05 -0.000426818 -0.307591
0 0 0.02275 3.33721e-07 8.15373 7.24071e+19 3.62036e+15 5.52611e+14 5.50528e+14 1.97832e-05 1.94374e-05 0.00496163 -0.620971
0 0 0.02325 3.13471e-06 8.28191 7.24071e+19 3.62036e+15 5.55234e+14 5.35667e+14 1.93893e-05 3.65875e+10 -0.00374111 0.592507
0 0 0.02375 9.3442e-06 8.32159 7.24071e+19 3.62036e+15 5.85207e+14 5.26879e+14 1.93239e-05 1.96008e-05 -0.00192154 -0.381533
0 0 0.02425 -4.6619e-06 8.09743 7.24071e+19 3.62036e+15 5.3453e+14 5.6363e+14 1.92361e-05 2.00719e-05 0.000957437 -0.977023
0 0 0.02475 -6.50192e-07 8.0049 7.24071e+19 3.62036e+15 5.46271e+14 5.5033e+14 1.85831e-05 1.99751e-05 0.0044186 3.55871e+10
0 0 0.02525 -3.45956e-06 7.93073 7.24071e+19 3.62036e+15 5.23072e+14 5.44667e+14 1.88826e-05 1.97185e-05 0.00467058 1.60082
0 0 0.02575 4.21175e-06 7.95424 7.24071e+19 3.62036e+15 5.46365e+14 5.20074e+14 1.86709e-05 1.91873e-05 0.00181434 -0.572241
0 0 0.02625 -2.61363e-06 7.85883 7.24071e+19 3.62036e+15 5.3358e+14 5.49895e+14 1.89819e-05 1.88786e-05 4.38165e-05 0.637647
0 0 0.02675 5.87038e-06 7.83721 7.24071e+19 3.62036e+15 5.71119e+14 5.34475e+14 1.86432e-05 1.92348e-05 -0.00190735 -1.53412
0 0 0.02725 6.16321e-06 7.64985 7.24071e+19 3.62036e+15 5.51757e+14 5.13285e+14 1.97339e-05 1.96617e-05 0.00069632 -0.207763
0 0 0.02775 7.6667e-06 7.28846 7.24071e+19 3.62036e+15 5.44126e+14 4.96269e+14 1.91225e-05 1.84702e-05 0.00138644 0.462945
0 0 0.02825 -2.20327e-07 6.71059 7.24071e+19 3.62036e+15 5.56676e+14 5.58051e+14 3.52238e+10 1.86665e-05 0.00339903 0.383708
0 0 0.02875 -3.4518e-06 6.13894 7.24071e+19 3.62036e+15 5.62499e+14 5.84046e+14 1.9075e-05 1.99792e-05 0.00357237 0.450773
0 0 0.02925 8.14304e-06 5.66476 7.24071e+19 3.62036e+15 5.80936e+14 5.30105e+14 1.9389e-05 1.97168e-05 0.000990902 0.441179
0 0 0.02975 -6.96597e-06 4.96066 7.24071e+19 3.62036e+15 5.23876e+14 5.67359e+14 1.90478e-05 3.44939e+10 0.00466873 0.984331
0 0 0.03025 -3.98112e-06 4.45324 7.24071e+19 3.62036e+15 5.33434e+14 5.58285e+14 1.86834e-05 1.99391e-05 0.00266034 -2.38032
0 0 0.03075 -8.29702e-06 4.05823 7.24071e+19 3.62036e+15 5.40493e+14 5.92285e+14 1.88912e-05 1.929e-05 -0.000353509 -2.61027
0 0 0.03125 -1.17171e-05 3.8975 7.24071e+19 3.62036e+15 5.04177e+14 5.77317e+14 1.9667e-05 1.9893e-05 -0.00288062 3.39482e+10
0 0 0.03175 2.06706e-06 4.06761 7.24071e+19 3.62036e+15 5.30025e+14 5.17122e+14 1.89315e-05 2.01437e-05 -0.00274407 -1.20534
0 0 0.03225 5.40656e-06 4.17936 7.24071e+19 3.62036e+15 5.38407e+14 5.04658e+14 2.03816e-05 1.87418e-05 -0.00241863 -1.60409
0 0 0.03275 4.48099e-06 4.13844 7.24071e+19 3.62036e+15 5.58007e+14 5.30036e+14 2.01192e-05 1.92857e-05 -0.00438373 -0.150193
0 0 0.03325 -2.26516e-06 3.971 7.24071e+19 3.62036e+15 5.46989e+14 5.61129e+14 1.93333e-05 1.89455e-05 -0.00369748 1.74406
0 0 0.03375 2.7302e-06 3.86752 7.24071e+19 3.62036e+15 5.55363e+14 5.3832e+14 1.92249e-05 1.93528e-05 -0.00113711 1.52505
0 0 0.03425 -3.54996e-06 3.68695 7.24071e+19 3.62036e+15 5.2879e+14 5.50949e+14 1.87482e-05 1.90078e-05 0.000753834 0.750069
0 0 0.03475 -5.49638e-06 3.60662 7.24071e+19 3.62036e+15 5.3388e+14 5.68189e+14 3.66925e+10 1.91636e-05 -0.00387395 -0.0205483
0 0 0.03525 -3.05113e-06 3.68148 7.24071e+19 3.62036e+15 5.33263e+14 5.52309e+14 1.91359e-05 1.90759e-05 -0.000668027 0.446947
0 0 0.03575 3.61092e-07 3.8425 7.24071e+19 3.62036e+15 5.30875e+14 5.28621e+14 1.83672e-05 1.89605e-05 -0.00480175 1.34897
0 0 0.03625 -6.45223e-07 3.99331 7.24071e+19 3.62036e+15 5.50921e+14 5.54949e+14 1.86011e-05 3.52909e+10 0.00118755 1.49752
0 0 0.03675 4.99972e-06 4.16235 7.24071e+19 3.62036e+15 5.61944e+14 5.30735e+14 2.0011e-05 1.99298e-05 0.00334362 0.216588
0 0 0.03725 1.63944e-06 4.19021 7.24071e+19 3.62036e+15 5.3652e+14 5.26286e+14 1.9355e-05 1.91485e-05 0.00642709 -0.0206996
0 0 0.03775 5.56384e-06 4.17179 7.24071e+19 3.62036e+15 5.55213e+14 5.20482e+14 1.95218e-05 1.92096e-05 0.00468398 3.76551e+10
0 0 0.03825 5.92927e-06 3.99626 7.24071e+19 3.62036e+15 5.66716e+14 5.29704e+14 1.99017e-05 1.965e-05 0.00492829 -0.691928
0 0 0.03875 2.76785e-06 3.65331 7.24071e+19 3.62036e+15 5.64955e+14 5.47678e+14 1.8903e-05 1.95774e-05 0.00306745 -0.475423
0 0 0.03925 -6.37461e-07 3.23222 7.24071e+19 3.62036e+15 5.54744e+14 5.58723e+14 1.86765e-05 1.93351e-05 0.00120712 -1.53121
0 0 0.03975 -5.62201e-06 2.82912 7.24071e+19 3.62036e+15 5.02076e+14 5.3717e+14 1.93323e-05 1.93337e-05 0.0018405 -0.32061
0 0 0.04025 2.02268e-06 2.58476 7.24071e+19 3.62036e+15 5.40638e+14 5.28012e+14 1.96337e-05 1.95121e-05 0.00396096 1.41165
0 0 0.04075 -6.43451e-07 2.2833 7.24071e+19 3.62036e+15 5.45621e+14 5.49638e+14 2.01399e-05 1.96294e-05 -0.00087573 -0.557431
0 0 0.04125 -2.87429e-06 2 7.24071e+19 3.62036e+15 5.19234e+14 5.37176e+14 3.77727e+10 1.92527e-05 0.0040905 -0.684989
0 0 0.04175 -5.33118e-06 1.79786 7.24071e+19 3.62036e+15 5.30096e+14 5.63374e+14 1.92173e-05 1.8226e-05 0.00168419 -0.658731
0 0 0.04225 -4.88381e-06 1.74625 7.24071e+19 3.62036e+15 5.34922e+14 5.65408e+14 1.8317e-05 1.83082e-05 0.000664298 0.515251
0 0 0.04275 -1.04929e-06 1.83253 7.24071e+19 3.62036e+15 5.393e+14 5.4585e+14 1.86806e-05 3.58704e+10 0.004368 -0.775997
0 0 0.04325 2.93478e-06 1.94845 7.24071e+19 3.62036e+15 5.49885e+14 5.31565e+14 1.96203e-05 1.97807e-05 0.000384479 0.126913
0 0 0.04375 2.52089e-06 1.9815 7.24071e+19 3.62036e+15 5.43093e+14 5.27357e+14 1.86546e-05 1.99719e-05 0.000772089 1.357
0 0 0.04425 -8.88759e-07 1.94337 7.24071e+19 3.62036e+15 5.57406e+14 5.62954e+14 1.85748e-05 1.8939e-05 0.00377602 3.47722e+10
0 0 0.04475 -4.66589e-07 1.93033 7.24071e+19 3.62036e+15 5.47484e+14 5.50396e+14 1.9748e-05 1.90422e-05 -0.00273387 -1.93624
0 0 0.04525 -2.68708e-06 1.93047 7.24071e+19 3.62036e+15 5.32748e+14 5.49521e+14 1.99155e-05 1.93782e-05 0.000147207 -0.0420195
0 0 0.04575 1.06555e-06 2.00649 7.24071e+19 3.62036e+15 5.45183e+14 5.38531e+14 1.93125e-05 1.97753e-05 0.00291859 -0.355078
0 0 0.04625 3.57542e-06 2.05241 7.24071e+19 3.62036e+15 5.52474e+14 5.30156e+14 1.90995e-05 1.9461e-05 0.00122285 1.61972
0 0 0.04675 -2.32185e-06 1.99738 7.24071e+19 3.62036e+15 5.39771e+14 5.54265e+14 1.90936e-05 1.87094e-05 -0.000453493 -0.636166
0 0 0.04725 3.56282e-07 2.00791 7.24071e+19 3.62036e+15 5.30071e+14 5.27847e+14 2.06504e-05 1.93117e-05 0.000188202 -0.348258
0 0 0.04775 -5.18214e-07 2.00838 7.24071e+19 3.62036e+15 5.33443e+14 5.36678e+14 3.67667e+10 1.90751e-05 0.00527613 -0.0133815
0 0 0.04825 -4.30095e-08 2.02348 7.24071e+19 3.62036e+15 5.35811e+14 5.36079e+14 1.9599e-05 1.94252e-05 0.000886014 1.0516
0 0 0.04875 -2.14935e-06 2.0398 7.24071e+19 3.62036e+15 5.48285e+14 5.61701e+14 1.92082e-05 1.89588e-05 -0.00631883 -0.910637
0 0 0.04925 6.60274e-08 2.1168 7.24071e+19 3.62036e+15 5.42481e+14 5.42069e+14 1.89203e-05 3.61208e+10 -0.000639073 -1.79584
0 0 0.04975 -1.49343e-06 2.19194 7.24071e+19 3.62036e+15 5.50204e+14 5.59526e+14 1.91221e-05 1.98343e-05 -0.000101063 -2.02843
0 0 0.05025 2.24529e-06 2.30925 7.24071e+19 3.62036e+15 5.60278e+14 5.46262e+14 1.92218e-05 1.86041e-05 0.0054017 -1.17661
0 0 0.05075 -1.65437e-06 2.36316 7.24071e+19 3.62036e+15 5.2427e+14 5.34597e+14 1.92163e-05 1.97126e-05 -0.00275317 3.66874e+10
0 0 0.05125 1.46639e-06 2.46379 7.24071e+19 3.62036e+15 5.33711e+14 5.24557e+14 1.96575e-05 1.99543e-05 -0.00221747 -0.291772
0 0 0.05175 1.45736e-06 2.52301 7.24071e+19 3.62036e+15 5.2243e+14 5.13333e+14 2.0566e-05 1.96296e-05 -0.00451773 2.3352
0 0 0.05225 1.55133e-06 2.54108 7.24071e+19 3.62036e+15 5.21695e+14 5.12011e+14 2.07837e-05 1.94428e-05 -0.00692318 1.74556
0 0 0.05275 6.054e-06 2.51534 7.24071e+19 3.62036e+15 5.41692e+14 5.03902e+14 1.88956e-05 2.00481e-05 0.00374952 0.599266
0 0 0.05325 -2.98178e-06 2.31867 7.24071e+19 3.62036e+15 5.23401e+14 5.42014e+14 1.94263e-05 1.94262e-05 -0.00538145 1.7707
0 0 0.05375 -2.40319e-06 2.20619 7.24071e+19 3.62036e+15 5.33889e+14 5.48891e+14 1.94037e-05 1.94865e-05 -0.00955429 0.774111
0 0 0.05425 2.51447e-06 2.16156 7.24071e+19 3.62036e+15 5.49344e+14 5.33648e+14 3.5694e+10 1.8981e-05 -0.00324545 -0.00800867
0 0 0.05475 4.73789e-06 2.04594 7.24071e+19 3.62036e+15 5.50878e+14 5.21303e+14 1.95597e-05 1.98401e-05 0.000229308 0.19248
0 0 0.05525 4.03655e-07 1.79654 7.24071e+19 3.62036e+15 5.37601e+14 5.35081e+14 1.96175e-05 1.94709e-05 -0.00498143 0.365397
0 0 0.05575 5.11844e-06 1.53574 7.24071e+19 3.62036e+15 5.65195e+14 5.33244e+14 2.00099e-05 3.67716e+10 -0.00369922 -0.515091
0 0 0.05625 2.78694e-06 1.13042 7.24071e+19 3.62036e+15 5.59716e+14 5.4232e+14 1.88538e-05 1.9008e-05 -0.0055965 -1.29915
0 0 0.05675 2.64438e-06 0.646407 7.24071e+19 3.62036e+15 5.56961e+14 5.40455e+14 1.9678e-05 1.92365e-05 0.00553142 -1.737
0 0 0.05725 4.74695e-07 0.087727 7.24071e+19 3.62036e+15 5.47564e+14 5.44601e+14 1.95975e-05 1.93313e-05 0.00816792 3.60135e+10
0 0 0.05775 -3.04621e-08 -0.484356 7.24071e+19 3.62036e+15 5.45029e+14 5.4522e+14 1.91342e-05 1.95349e-05 0.000652981 0.564758
0 0 0.05825 3.10837e-06 -1.05558 7.24071e+19 3.62036e+15 5.70479e+14 5.51076e+14 1.96441e-05 1.90653e-05 -0.000267111 0.641317
0 0 0.05875 -8.2635e-06 -1.71457 7.24071e+19 3.62036e+15 5.31078e+14 5.8266e+14 1.93912e-05 1.83226e-05 -0.0077233 0.0776242
0 0 0.05925 -3.8901e-06 -2.14023 7.24071e+19 3.62036e+15 5.32801e+14 5.57083e+14 1.9136e-05 1.85698e-05 -0.000399064 0.213431
0 0 0.05975 7.21364e-07 -2.45606 7.24071e+19 3.62036e+15 5.27702e+14 5.23199e+14 1.87109e-05 1.96667e-05 -0.0031622 -1.68317
0 0 0.06025 3.31013e-06 -2.79225 7.24071e+19 3.62036e+15 5.40548e+14 5.19885e+14 1.89632e-05 2.04451e-05 -0.00409463 -0.294487
0 0 0.06075 -5.07918e-06 -3.2219 7.24071e+19 3.62036e+15 5.10887e+14 5.42593e+14 3.83436e+10 1.95705e-05 -0.000544178 -0.260371
0 0 0.06125 -4.50478e-07 -3.50814 7.24071e+19 3.62036e+15 5.37374e+14 5.40186e+14 1.93501e-05 1.99541e-05 0.000152985 -0.0541954
0 0 0.06175 -6.97298e-07 -3.78167 7.24071e+19 3.62036e+15 5.41873e+14 5.46226e+14 1.90662e-05 1.95678e-05 -0.000274607 -0.711706
0 0 0.06225 3.56541e-06 -4.0355 7.24071e+19 3.62036e+15 5.41656e+14 5.194e+14 2.04855e-05 3.77063e+10 0.000351948 -1.01757
0 0 0.06275 7.72119e-08 -4.39 7.24071e+19 3.62036e+15 5.40254e+14 5.39772e+14 1.94714e-05 1.8525e-05 0.00588265 0.639629
0 0 0.06325 2.1894e-07 -4.74669 7.24071e+19 3.62036e+15 5.52102e+14 5.50736e+14 1.8707e-05 1.93633e-05 0.00487883 0.686417
0 0 0.06375 -6.60327e-07 -5.10956 7.24071e+19 3.62036e+15 5.52318e+14 5.5644e+14 1.95317e-05 1.96276e-05 0.00296737 3.5171e+10
0 0 0.06425 -3.70818e-06 -5.45378 7.24071e+19 3.62036e+15 5.4628e+14 5.69427e+14 1.99177e-05 2.04605e-05 -0.000524714 -2.59
0 0 0.06475 1.25775e-06 -5.6933 7.24071e+19 3.62036e+15 5.5382e+14 5.45969e+14 1.95481e-05 1.9109e-05 0.00339048 1.02346
0 0 0.06525 -3.15858e-06 -5.96833 7.24071e+19 3.62036e+15 5.14557e+14 5.34273e+14 1.96006e-05 1.91441e-05 -0.00193157 0.682943
0 0 0.06575 2.69465e-06 -6.15417 7.24071e+19 3.62036e+15 5.54977e+14 5.38156e+14 1.94782e-05 1.93357e-05 -0.00662532 0.338115
0 0 0.06625 -1.73074e-06 -6.41611 7.24071e+19 3.62036e+15 5.61243e+14 5.72047e+14 1.96537e-05 1.9966e-05 0.00115794 0.382011
0 0 0.06675 4.52142e-07 -6.62917 7.24071e+19 3.62036e+15 5.36728e+14 5.33906e+14 1.86802e-05 2.01603e-05 0.00229738 -1.59382
0 0 0.06725 2.31926e-06 -6.855 7.24071e+19 3.62036e+15 5.40933e+14 5.26455e+14 3.62402e+10 2.01015e-05 -0.000674231 -0.202606
0 0 0.06775 -6.08623e-06 -7.14632 7.24071e+19 3.62036e+15 5.3235e+14 5.70341e+14 2.0003e-05 2.01222e-05 -0.00319358 -0.672914
0 0 0.06825 -3.90305e-07 -7.26578 7.24071e+19 3.62036e+15 5.28833e+14 5.31269e+14 1.93858e-05 1.94843e-05 -0.00628715 -1.31311
0 0 0.06875 2.85552e-06 -7.37423 7.24071e+19 3.62036e+15 5.57942e+14 5.40117e+14 1.94525e-05 3.62601e+10 0.00313047 -0.643232
0 0 0.06925 5.26088e-06 -7.5633 7.24071e+19 3.62036e+15 5.64684e+14 5.31844e+14 1.89477e-05 1.97548e-05 -0.00275817 -0.00796812
0 0 0.06975 -1.58855e-06 -7.90092 7.24071e+19 3.62036e+15 5.41233e+14 5.51149e+14 2.0407e-05 1.88731e-05 -0.00661205 0.519707
0 0 0.07025 7.18602e-07 -8.19369 7.24071e+19 3.62036e+15 5.55397e+14 5.50912e+14 1.95666e-05 1.88634e-05 -0.00824321 3.55837e+10
0 0 0.07075 3.08817e-06 -8.50674 7.24071e+19 3.62036e+15 5.57395e+14 5.38118e+14 1.83323e-05 1.95679e-05 -0.00402251 -2.37092
0 0 0.07125 -6.81295e-07 -8.90699 7.24071e+19 3.62036e+15 5.40678e+14 5.44931e+14 1.94643e-05 1.83343e-05 -0.000255652 -0.839489
0 0 0.07175 2.68407e-06 -9.28801 7.24071e+19 3.62036e+15 5.65948e+14 5.49193e+14 1.98453e-05 1.93059e-05 0.00576023 1.35323
0 0 0.07225 -4.27711e-06 -9.74481 7.24071e+19 3.62036e+15 5.23214e+14 5.49913e+14 1.98122e-05 1.97832e-05 -0.00281702 1.16823
0 0 0.07275 -2.35e-06 -10.0808 7.24071e+19 3.62036e+15 5.2523e+14 5.39899e+14 1.89748e-05 1.98205e-05 0.00131632 1.05279
0 0 0.07325 -4.19438e-06 -10.3505 7.24071e+19 3.62036e+15 5.23908e+14 5.5009e+14 1.88018e-05 1.9418e-05 0.00430907 -0.143307
0 0 0.07375 -4.11302e-06 -10.5018 7.24071e+19 3.62036e+15 5.40802e+14 5.66477e+14 3.62489e+10 1.9059e-05 -0.000438837 0.289189
0 0 0.07425 -6.47263e-07 -10.5369 7.24071e+19 3.62036e+15 5.4844e+14 5.52481e+14 1.86179e-05 1.88853e-05 -0.00117104 -0.0452075
0 0 0.07475 -1.07748e-06 -10.5537 7.24071e+19 3.62036e+15 5.32945e+14 5.39671e+14 2.05238e-05 1.88593e-05 -0.00436825 -0.0445237
0 0 0.07525 -4.56522e-06 -10.5401 7.24071e+19 3.62036e+15 5.2459e+14 5.53087e+14 2.01276e-05 3.54269e+10 -0.00823061 -2.53403
0 0 0.07575 -6.59457e-07 -10.3977 7.24071e+19 3.62036e+15 5.32943e+14 5.3706e+14 1.94213e-05 1.94428e-05 -0.0059409 -0.0230623
0 0 0.07625 -3.43046e-06 -10.2365 7.24071e+19 3.62036e+15 5.26374e+14 5.47787e+14 1.9884e-05 1.8934e-05 -0.0042567 0.584673
0 0 0.07675 1.29135e-06 -9.97858 7.24071e+19 3.62036e+15 5.39268e+14 5.31207e+14 1.8943e-05 1.8361e-05 -0.00637275 3.68591e+10
0 0 0.07725 -3.6528e-06 -9.75707 7.24071e+19 3.62036e+15 5.2048e+14 5.43281e+14 1.95627e-05 1.88849e-05 -0.00253228 0.678285
0 0 0.07775 -2.73701e-06 -9.43242 7.24071e+19 3.62036e+15 5.45503e+14 5.62588e+14 1.95685e-05 2.00632e-05 -0.00414198 1.94051
0 0 0.07825 2.06685e-06 -9.03049 7.24071e+19 3.62036e+15 5.45024e+14 5.32123e+14 1.94513e-05 1.91675e-05 0.00219932 2.47979
0 0 0.07875 -3.47694e-06 -8.68692 7.24071e+19 3.62036e+15 5.47185e+14 5.68889e+14 1.9284e-05 1.88646e-05 -0.00694256 0.138497
0 0 0.07925 -7.83321e-06 -8.24518 7.24071e+19 3.62036e+15 5.25074e+14 5.7397e+14 1.89089e-05 1.94682e-05 0.00365254 -0.0761874
0 0 0.07975 4.48975e-07 -7.58225 7.24071e+19 3.62036e+15 5.453e+14 5.42497e+14 2.02734e-05 1.97764e-05 0.000101374 -0.0539788
0 0 0.08025 -9.72801e-07 -6.93201 7.24071e+19 3.62036e+15 5.37353e+14 5.43425e+14 3.64991e+10 1.87908e-05 -0.00270996 -0.502599
0 0 0.08075 -1.96489e-06 -6.2543 7.24071e+19 3.62036e+15 5.3443e+14 5.46696e+14 1.97808e-05 1.84441e-05 -0.00316211 -1.07493
0 0 0.08125 1.21826e-06 -5.5211 7.24071e+19 3.62036e+15 5.49701e+14 5.42096e+14 2.00756e-05 1.86725e-05 0.000848568 0.39553
0 0 0.08175 -3.22499e-06 -4.82231 7.24071e+19 3.62036e+15 5.3824e+14 5.58371e+14 1.95239e-05 3.50831e+10 0.00470375 -0.473449
0 0 0.08225 2.06726e-06 -4.03246 7.24071e+19 3.62036e+15 5.48018e+14 5.35114e+14 1.86984e-05 2.00687e-05 0.00281711 0.533252
0 0 0.08275 4.41803e-06 -3.30097 7.24071e+19 3.62036e+15 5.73476e+14 5.45898e+14 1.9367e-05 1.93163e-05 -0.00606493 1.66325
0 0 0.08325 2.82522e-07 -2.69424 7.24071e+19 3.62036e+15 5.57008e+14 5.55245e+14 1.9596e-05 1.87595e-05 0.00567957 3.52635e+10
0 0 0.08375 -3.66224e-06 -2.09548 7.24071e+19 3.62036e+15 5.33388e+14 5.56248e+14 1.91832e-05 1.97844e-05 0.000224808 0.900555
0 0 0.08425 -7.89608e-06 -1.39331 7.24071e+19 3.62036e+15 5.29469e+14 5.78758e+14 1.8881e-05 1.97829e-05 -0.00214415 0.171294
0 0 0.08475 -3.99194e-07 -0.468195 7.24071e+19 3.62036e+15 5.07164e+14 5.09656e+14 1.87238e-05 1.96903e-05 -0.000186005 1.07488
0 0 0.08525 0 0 0 0 0 0 8.28319e-72 2.25725e-264 0 5.03413e-86
0 0 0.08575 0 0 0 0 0 0 7.40563e-38 2.00562e-76 0 1.3002e-90
0 0 0.08625 0 0 0 0 0 0 1.78256e-72 5.60513e-67 0 4.27555e-33
0 0 0.08675 0 0 0 0 0 0 1.96082e+25 5.42847e-67 0 2.1332e-264
0 0 0.08725 0 0 0 0 0 0 2.08826e-76 3.1185e-33 0 1.65814e-76
0 0 0.08775 0 0 0 0 0 0 6.74216e-67 1.16804e-67 0 4.43797e-38
0 0 0.08825 0 0 0 0 0 0 4.27407e-33 1.9613e+25 0 5.42847e-67
0 0 0.08875 0 0 0 0 0 0 5.03413e-86 1.6545e-47 0 1.17821e-47
0 0 0.08925 0 0 0 0 0 0 1.30019e-90 6.74216e-67 0 6.31306e-34
0 0 0.08975 0 0 0 0 0 0 3.1215e-33 2.21339e-52 0 1.96083e+25
0 0 0.09025 0 0 0 0 0 0 2.1332e-264 5.03494e-86 0 1.31197e-71
0 0 0.09075 0 0 0 0 0 0 1.65882e-76 3.02724e-100 0 1.02877e-71
0 0 0.09125 0 0 0 0 0 0 2.90847e-33 5.35307e-38 0 4.76077e-38
0 0 0.09175 0 0 0 0 0 0 5.42847e-67 2.1332e-264 0 5.03413e-86
0 0 0.09225 0 0 0 0 0 0 2.09165e-76 2.0036e-76 0 1.30019e-90
0 0 0.09275 0 0 0 0 0 0 6.31306e-34 2.40738e-57 0 3.53541e-57
0 0 0.09325 0 0 0 0 0 0 1.95989e+25 5.42847e-67 0 2.1332e-264
0 0 0.09375 0 0 0 0 0 0 1.03945e-42 1.65743e-47 0 1.91892e-76
0 0 0.09425 0 0 0 0 0 0 1.02877e-71 2.15465e-48 0 6.77005e-43
0 0 0.09475 0 0 0 0 0 0 2.58329e-57 1.95752e+25 0 5.42847e-67
