Iteration / Neutral Density / Excited Density / Ion Density / Electron Density
0 7.24071e+19 3.62036e+15 5.43053e+14 5.43053e+14
200 7.24071e+19 3.60316e+15 5.43108e+14 4.88314e+14 
400 7.24071e+19 3.58992e+15 5.41587e+14 4.87228e+14 
600 7.24071e+19 3.57865e+15 5.39795e+14 4.86033e+14 
800 7.24071e+19 3.5689e+15 5.35994e+14 4.85924e+14 
1000 7.24071e+19 3.55958e+15 5.31704e+14 4.83643e+14 
1200 7.24071e+19 3.55134e+15 5.27576e+14 4.83155e+14 
1400 7.24071e+19 3.54334e+15 5.22743e+14 4.7805e+14 
1600 7.24072e+19 3.53582e+15 5.18996e+14 4.76041e+14 
1800 7.24072e+19 3.52874e+15 5.15141e+14 4.73814e+14 
2000 7.24072e+19 3.52153e+15 5.11502e+14 4.69198e+14 
2200 7.24072e+19 3.5151e+15 5.07429e+14 4.65234e+14 
2400 7.24072e+19 3.50873e+15 5.04279e+14 4.62247e+14 
2600 7.24072e+19 3.5027e+15 5.00804e+14 4.59695e+14 
2800 7.24072e+19 3.49672e+15 4.98143e+14 4.56654e+14 
3000 7.24072e+19 3.49099e+15 4.94885e+14 4.53884e+14 
3200 7.24072e+19 3.48538e+15 4.92169e+14 4.51332e+14 
3400 7.24072e+19 3.47971e+15 4.89454e+14 4.48888e+14 
3600 7.24072e+19 3.47436e+15 4.86847e+14 4.46824e+14 
3800 7.24072e+19 3.4692e+15 4.84241e+14 4.44815e+14 
4000 7.24072e+19 3.46412e+15 4.81851e+14 4.4286e+14 
4200 7.24072e+19 3.45899e+15 4.79625e+14 4.40634e+14 
4400 7.24072e+19 3.45398e+15 4.77398e+14 4.38896e+14 
4600 7.24072e+19 3.44901e+15 4.75063e+14 4.37267e+14 
4800 7.24072e+19 3.44431e+15 4.72891e+14 4.35638e+14 
5000 7.24072e+19 3.43954e+15 4.70447e+14 4.3352e+14 
5200 7.24072e+19 3.43481e+15 4.68764e+14 4.31619e+14 
5400 7.24072e+19 3.43027e+15 4.66646e+14 4.30261e+14 
5600 7.24072e+19 3.42581e+15 4.64365e+14 4.29175e+14 
5800 7.24072e+19 3.42131e+15 4.62301e+14 4.276e+14 
6000 7.24072e+19 3.41689e+15 4.60455e+14 4.26297e+14 
6200 7.24072e+19 3.41269e+15 4.58609e+14 4.25428e+14 
6400 7.24072e+19 3.40851e+15 4.56925e+14 4.24233e+14 
6600 7.24072e+19 3.4044e+15 4.55025e+14 4.2331e+14 
6800 7.24072e+19 3.40039e+15 4.5345e+14 4.22333e+14 
7000 7.24072e+19 3.39639e+15 4.51821e+14 4.21247e+14 
7200 7.24072e+19 3.3925e+15 4.50246e+14 4.20704e+14 
7400 7.24072e+19 3.38861e+15 4.48399e+14 4.19835e+14 
7600 7.24072e+19 3.38483e+15 4.46879e+14 4.19346e+14 
7800 7.24072e+19 3.38104e+15 4.45467e+14 4.18911e+14 
8000 7.24072e+19 3.3774e+15 4.44272e+14 4.1864e+14 
8200 7.24072e+19 3.37354e+15 4.42589e+14 4.1826e+14 
8400 7.24072e+19 3.36989e+15 4.41122e+14 4.17445e+14 
8600 7.24072e+19 3.36623e+15 4.39982e+14 4.17282e+14 
8800 7.24072e+19 3.36271e+15 4.38733e+14 4.17282e+14 
9000 7.24072e+19 3.35913e+15 4.37484e+14 4.17174e+14 
9200 7.24072e+19 3.3558e+15 4.36398e+14 4.16956e+14 
9400 7.24072e+19 3.35251e+15 4.35257e+14 4.16631e+14 
9600 7.24072e+19 3.3492e+15 4.34606e+14 4.16088e+14 
9800 7.24072e+19 3.34609e+15 4.34769e+14 4.15816e+14 
10000 7.24072e+19 3.34356e+15 4.34334e+14 4.1473e+14 
10200 7.24072e+19 3.34085e+15 4.34388e+14 4.13264e+14 
10400 7.24072e+19 3.33805e+15 4.34497e+14 4.11417e+14 
10600 7.24072e+19 3.33616e+15 4.34932e+14 4.10603e+14 
10800 7.24072e+19 3.33403e+15 4.35583e+14 4.09191e+14 
11000 7.24072e+19 3.33182e+15 4.36126e+14 4.07996e+14 
11200 7.24072e+19 3.32974e+15 4.37158e+14 4.0767e+14 
11400 7.24072e+19 3.32759e+15 4.37267e+14 4.07616e+14 
11600 7.24072e+19 3.32551e+15 4.38136e+14 4.07019e+14 
11800 7.24072e+19 3.3232e+15 4.38733e+14 4.0691e+14 
12000 7.24072e+19 3.3209e+15 4.39167e+14 4.05932e+14 
12200 7.24072e+19 3.31896e+15 4.39493e+14 4.05824e+14 
12400 7.24072e+19 3.31715e+15 4.39439e+14 4.05172e+14 
12600 7.24072e+19 3.31482e+15 4.3895e+14 4.04086e+14 
12800 7.24072e+19 3.31263e+15 4.39167e+14 4.03923e+14 
13000 7.24072e+19 3.31089e+15 4.38298e+14 4.0262e+14 
13200 7.24072e+19 3.30885e+15 4.38733e+14 4.02348e+14 
13400 7.24072e+19 3.30732e+15 4.38516e+14 4.02511e+14 
13600 7.24072e+19 3.3051e+15 4.37755e+14 4.01642e+14 
13800 7.24072e+19 3.3034e+15 4.37212e+14 4.01208e+14 
14000 7.24072e+19 3.3016e+15 4.37158e+14 4.00882e+14 
14200 7.24072e+19 3.29978e+15 4.36941e+14 4.01045e+14 
14400 7.24072e+19 3.29775e+15 4.36669e+14 4.00719e+14 
14600 7.24072e+19 3.29607e+15 4.36181e+14 4.00068e+14 
14800 7.24072e+19 3.29431e+15 4.34932e+14 3.99524e+14 
15000 7.24072e+19 3.2925e+15 4.34443e+14 3.9947e+14 
15200 7.24072e+19 3.29077e+15 4.34008e+14 3.99307e+14 
15400 7.24072e+19 3.28906e+15 4.33411e+14 3.99144e+14 
15600 7.24072e+19 3.2872e+15 4.32814e+14 3.98601e+14 
15800 7.24072e+19 3.28537e+15 4.3189e+14 3.98438e+14 
16000 7.24072e+19 3.28327e+15 4.31076e+14 3.98384e+14 
16200 7.24072e+19 3.2813e+15 4.30479e+14 3.98167e+14 
16400 7.24072e+19 3.27919e+15 4.2961e+14 3.97895e+14 
16600 7.24072e+19 3.27736e+15 4.28849e+14 3.98221e+14 
16800 7.24072e+19 3.27528e+15 4.28198e+14 3.97895e+14 
17000 7.24072e+19 3.27397e+15 4.27274e+14 3.97841e+14 
17200 7.24072e+19 3.27197e+15 4.26623e+14 3.97841e+14 
17400 7.24072e+19 3.27037e+15 4.25645e+14 3.97895e+14 
17600 7.24072e+19 3.26856e+15 4.24994e+14 3.98004e+14 
17800 7.24072e+19 3.26656e+15 4.24179e+14 3.98601e+14 
18000 7.24072e+19 3.26473e+15 4.23962e+14 3.98873e+14 
18200 7.24072e+19 3.26291e+15 4.22876e+14 3.9909e+14 
18400 7.24072e+19 3.26105e+15 4.22441e+14 3.99253e+14 
18600 7.24072e+19 3.25915e+15 4.21844e+14 3.99524e+14 
18800 7.24072e+19 3.2576e+15 4.21572e+14 4.00013e+14 
19000 7.24072e+19 3.25611e+15 4.20921e+14 4.0023e+14 
19200 7.24072e+19 3.25457e+15 4.21084e+14 4.01154e+14 
19400 7.24072e+19 3.25278e+15 4.20378e+14 4.01425e+14 
19600 7.24072e+19 3.25095e+15 4.20378e+14 4.02348e+14 
19800 7.24072e+19 3.24929e+15 4.19998e+14 4.03109e+14 
20000 7.24072e+19 3.24748e+15 4.19835e+14 4.03815e+14 
20200 7.24072e+19 3.24585e+15 4.19509e+14 4.04303e+14 
20400 7.24072e+19 3.24423e+15 4.19563e+14 4.04683e+14 
20600 7.24072e+19 3.24273e+15 4.20269e+14 4.04303e+14 
20800 7.24072e+19 3.24167e+15 4.20704e+14 4.03815e+14 
21000 7.24072e+19 3.24085e+15 4.21518e+14 4.03489e+14 
21200 7.24072e+19 3.24003e+15 4.22441e+14 4.0338e+14 
21400 7.24072e+19 3.23873e+15 4.22876e+14 4.02783e+14 
21600 7.24072e+19 3.23792e+15 4.24776e+14 4.03706e+14 
21800 7.24072e+19 3.23648e+15 4.25537e+14 4.02946e+14 
22000 7.24072e+19 3.23554e+15 4.26786e+14 4.03489e+14 
22200 7.24072e+19 3.23439e+15 4.27166e+14 4.02946e+14 
22400 7.24072e+19 3.23363e+15 4.27709e+14 4.02946e+14 
22600 7.24072e+19 3.23267e+15 4.27926e+14 4.0262e+14 
22800 7.24072e+19 3.23118e+15 4.28035e+14 4.02728e+14 
23000 7.24072e+19 3.23029e+15 4.28632e+14 4.02511e+14 
23200 7.24072e+19 3.22914e+15 4.28904e+14 4.01914e+14 
23400 7.24072e+19 3.22779e+15 4.29175e+14 4.01968e+14 
23600 7.24072e+19 3.22671e+15 4.29229e+14 4.01697e+14 
23800 7.24072e+19 3.22521e+15 4.28958e+14 4.01045e+14 
24000 7.24072e+19 3.22394e+15 4.28469e+14 4.00502e+14 
24200 7.24072e+19 3.22257e+15 4.28469e+14 4.00068e+14 
24400 7.24072e+19 3.22088e+15 4.28198e+14 3.99579e+14 
24600 7.24072e+19 3.21947e+15 4.28035e+14 3.9947e+14 
24800 7.24072e+19 3.21824e+15 4.27274e+14 3.98927e+14 
25000 7.24072e+19 3.2169e+15 4.2684e+14 3.98656e+14 
25200 7.24072e+19 3.21573e+15 4.26351e+14 3.98384e+14 
25400 7.24072e+19 3.21414e+15 4.25808e+14 3.98113e+14 
25600 7.24072e+19 3.21251e+15 4.25537e+14 3.98004e+14 
25800 7.24072e+19 3.2111e+15 4.25157e+14 3.97895e+14 
26000 7.24072e+19 3.20948e+15 4.24451e+14 3.97787e+14 
26200 7.24072e+19 3.20835e+15 4.24342e+14 3.97081e+14 
26400 7.24072e+19 3.20724e+15 4.23256e+14 3.96972e+14 
26600 7.24072e+19 3.20602e+15 4.22659e+14 3.96809e+14 
26800 7.24072e+19 3.20443e+15 4.21898e+14 3.96701e+14 
27000 7.24072e+19 3.20307e+15 4.21844e+14 3.96972e+14 
27200 7.24072e+19 3.20133e+15 4.21247e+14 3.97407e+14 
27400 7.24072e+19 3.19988e+15 4.20812e+14 3.97515e+14 
27600 7.24071e+19 3.19853e+15 4.20758e+14 3.97787e+14 
27800 7.24071e+19 3.19704e+15 4.20432e+14 3.98113e+14 
28000 7.24071e+19 3.19566e+15 4.19889e+14 3.97841e+14 
28200 7.24071e+19 3.19412e+15 4.19509e+14 3.98275e+14 
28400 7.24071e+19 3.19292e+15 4.19563e+14 3.98981e+14 
28600 7.24071e+19 3.1914e+15 4.18803e+14 3.9909e+14 
28800 7.24071e+19 3.19026e+15 4.18694e+14 3.99687e+14 
29000 7.24071e+19 3.18881e+15 4.18368e+14 4.00285e+14 
29200 7.24071e+19 3.18714e+15 4.17934e+14 4.00502e+14 
29400 7.24071e+19 3.18592e+15 4.17662e+14 4.01045e+14 
29600 7.24071e+19 3.18449e+15 4.17771e+14 4.01914e+14 
29800 7.24071e+19 3.18301e+15 4.17988e+14 4.02728e+14 
30000 7.24071e+19 3.18218e+15 4.17988e+14 4.03163e+14 
30200 7.24071e+19 3.18131e+15 4.18368e+14 4.03434e+14 
30400 7.24071e+19 3.18018e+15 4.19672e+14 4.03977e+14 
30600 7.24071e+19 3.1797e+15 4.20432e+14 4.03109e+14 
30800 7.24071e+19 3.17912e+15 4.22007e+14 4.0338e+14 
31000 7.24071e+19 3.17855e+15 4.23365e+14 4.02946e+14 
31200 7.24071e+19 3.17787e+15 4.257e+14 4.03977e+14 
31400 7.24071e+19 3.17824e+15 4.27492e+14 4.04738e+14 
31600 7.24071e+19 3.17806e+15 4.29501e+14 4.05552e+14 
31800 7.24071e+19 3.17757e+15 4.30641e+14 4.06258e+14 
32000 7.24071e+19 3.17773e+15 4.31184e+14 4.05932e+14 
32200 7.24071e+19 3.17708e+15 4.32488e+14 4.06258e+14 
32400 7.24071e+19 3.17606e+15 4.34226e+14 4.07453e+14 
32600 7.24071e+19 3.17526e+15 4.35475e+14 4.08105e+14 
32800 7.24071e+19 3.17441e+15 4.36289e+14 4.08648e+14 
33000 7.24071e+19 3.17405e+15 4.37484e+14 4.09082e+14 
33200 7.24071e+19 3.1736e+15 4.38679e+14 4.09571e+14 
33400 7.24071e+19 3.17249e+15 4.38842e+14 4.09734e+14 
33600 7.24071e+19 3.17177e+15 4.39439e+14 4.09625e+14 
33800 7.24071e+19 3.171e+15 4.40091e+14 4.10331e+14 
34000 7.24071e+19 3.17003e+15 4.40253e+14 4.1044e+14 
34200 7.24071e+19 3.16916e+15 4.40091e+14 4.10331e+14 
34400 7.24071e+19 3.16896e+15 4.39765e+14 4.09571e+14 
34600 7.24071e+19 3.16799e+15 4.39602e+14 4.09462e+14 
34800 7.24071e+19 3.16698e+15 4.39656e+14 4.09842e+14 
35000 7.24071e+19 3.16641e+15 4.40253e+14 4.1006e+14 
35200 7.24071e+19 3.16519e+15 4.39765e+14 4.10277e+14 
35400 7.24071e+19 3.16425e+15 4.39765e+14 4.09897e+14 
35600 7.24071e+19 3.16337e+15 4.39113e+14 4.09734e+14 
35800 7.24071e+19 3.16217e+15 4.38461e+14 4.09734e+14 
36000 7.24071e+19 3.16125e+15 4.38461e+14 4.1006e+14 
36200 7.24071e+19 3.16027e+15 4.38298e+14 4.10277e+14 
36400 7.24071e+19 3.1593e+15 4.38027e+14 4.10494e+14 
36600 7.24071e+19 3.15801e+15 4.37484e+14 4.10386e+14 
36800 7.24071e+19 3.15651e+15 4.36995e+14 4.1044e+14 
37000 7.24071e+19 3.1548e+15 4.36561e+14 4.10603e+14 
37200 7.24071e+19 3.1539e+15 4.35638e+14 4.10766e+14 
37400 7.24071e+19 3.1529e+15 4.35366e+14 4.1082e+14 
37600 7.24071e+19 3.15229e+15 4.3542e+14 4.10929e+14 
37800 7.24071e+19 3.15141e+15 4.34769e+14 4.11146e+14 
38000 7.24071e+19 3.15026e+15 4.3428e+14 4.11526e+14 
38200 7.24071e+19 3.14906e+15 4.33628e+14 4.11852e+14 
38400 7.24071e+19 3.14808e+15 4.33085e+14 4.12123e+14 
38600 7.24071e+19 3.147e+15 4.33683e+14 4.13209e+14 
38800 7.24071e+19 3.14609e+15 4.33411e+14 4.14078e+14 
39000 7.24071e+19 3.14535e+15 4.33628e+14 4.14947e+14 
39200 7.24071e+19 3.1439e+15 4.33194e+14 4.15164e+14 
39400 7.24071e+19 3.14273e+15 4.339e+14 4.16413e+14 
39600 7.24071e+19 3.1421e+15 4.3428e+14 4.17391e+14 
39800 7.24071e+19 3.14138e+15 4.3428e+14 4.1826e+14 
40000 7.24071e+19 3.14065e+15 4.34443e+14 4.1864e+14 
40200 7.24071e+19 3.14058e+15 4.34986e+14 4.19455e+14 
40400 7.24071e+19 3.13981e+15 4.36072e+14 4.20758e+14 
40600 7.24071e+19 3.13855e+15 4.37212e+14 4.21464e+14 
40800 7.24071e+19 3.13817e+15 4.38679e+14 4.21953e+14 
41000 7.24071e+19 3.13812e+15 4.39928e+14 4.22224e+14 
41200 7.24071e+19 3.13807e+15 4.40905e+14 4.21681e+14 
41400 7.24071e+19 3.13792e+15 4.42643e+14 4.2217e+14 
41600 7.24071e+19 3.13798e+15 4.44001e+14 4.22496e+14 
41800 7.2407e+19 3.13768e+15 4.45032e+14 4.22604e+14 
42000 7.2407e+19 3.13759e+15 4.46824e+14 4.23419e+14 
42200 7.2407e+19 3.13685e+15 4.47802e+14 4.2331e+14 
42400 7.2407e+19 3.1365e+15 4.48725e+14 4.22984e+14 
42600 7.2407e+19 3.13583e+15 4.4954e+14 4.2331e+14 
42800 7.2407e+19 3.13533e+15 4.50191e+14 4.23853e+14 
43000 7.2407e+19 3.13472e+15 4.5068e+14 4.2369e+14 
43200 7.2407e+19 3.13395e+15 4.5106e+14 4.2407e+14 
43400 7.2407e+19 3.13307e+15 4.50952e+14 4.22387e+14 
43600 7.2407e+19 3.13247e+15 4.50463e+14 4.22224e+14 
43800 7.2407e+19 3.13199e+15 4.50571e+14 4.22441e+14 
44000 7.2407e+19 3.13134e+15 4.50734e+14 4.22821e+14 
44200 7.2407e+19 3.13015e+15 4.50354e+14 4.22115e+14 
44400 7.2407e+19 3.12968e+15 4.50191e+14 4.21627e+14 
44600 7.2407e+19 3.12926e+15 4.50517e+14 4.21844e+14 
44800 7.2407e+19 3.12841e+15 4.50246e+14 4.21464e+14 
45000 7.2407e+19 3.12767e+15 4.50083e+14 4.21735e+14 
45200 7.2407e+19 3.12705e+15 4.4954e+14 4.20921e+14 
45400 7.2407e+19 3.1261e+15 4.48997e+14 4.21084e+14 
45600 7.2407e+19 3.12526e+15 4.48562e+14 4.20432e+14 
45800 7.2407e+19 3.1247e+15 4.48073e+14 4.20704e+14 
46000 7.2407e+19 3.12393e+15 4.47205e+14 4.20215e+14 
46200 7.2407e+19 3.12299e+15 4.47422e+14 4.20649e+14 
46400 7.2407e+19 3.12184e+15 4.4715e+14 4.20649e+14 
46600 7.2407e+19 3.12113e+15 4.46607e+14 4.20486e+14 
46800 7.2407e+19 3.11971e+15 4.4639e+14 4.20106e+14 
47000 7.2407e+19 3.11868e+15 4.45684e+14 4.20595e+14 
47200 7.2407e+19 3.11776e+15 4.45032e+14 4.20595e+14 
47400 7.2407e+19 3.11685e+15 4.44326e+14 4.20595e+14 
47600 7.2407e+19 3.11604e+15 4.44055e+14 4.20541e+14 
47800 7.2407e+19 3.11508e+15 4.43783e+14 4.20812e+14 
48000 7.2407e+19 3.11471e+15 4.4362e+14 4.21572e+14 
48200 7.2407e+19 3.11365e+15 4.4324e+14 4.2179e+14 
48400 7.2407e+19 3.11242e+15 4.42914e+14 4.22061e+14 
48600 7.2407e+19 3.11147e+15 4.42752e+14 4.22713e+14 
48800 7.2407e+19 3.11047e+15 4.42371e+14 4.22984e+14 
49000 7.2407e+19 3.10996e+15 4.41883e+14 4.23527e+14 
49200 7.2407e+19 3.10934e+15 4.41557e+14 4.23799e+14 
49400 7.2407e+19 3.10846e+15 4.41448e+14 4.24505e+14 
49600 7.2407e+19 3.10757e+15 4.4172e+14 4.25265e+14 
49800 7.2407e+19 3.10691e+15 4.41774e+14 4.26188e+14 
50000 7.2407e+19 3.10626e+15 4.42263e+14 4.2722e+14 
50200 7.2407e+19 3.10555e+15 4.42046e+14 4.27383e+14 
50400 7.2407e+19 3.10473e+15 4.42643e+14 4.26406e+14 
50600 7.2407e+19 3.10446e+15 4.43512e+14 4.26351e+14 
50800 7.2407e+19 3.10398e+15 4.45358e+14 4.26351e+14 
51000 7.2407e+19 3.10393e+15 4.46064e+14 4.25917e+14 
51200 7.2407e+19 3.10334e+15 4.47367e+14 4.26134e+14 
51400 7.2407e+19 3.10378e+15 4.48888e+14 4.26351e+14 
51600 7.2407e+19 3.10347e+15 4.50354e+14 4.27003e+14 
51800 7.2407e+19 3.10332e+15 4.5144e+14 4.27437e+14 
52000 7.2407e+19 3.1028e+15 4.53015e+14 4.27709e+14 
52200 7.2407e+19 3.10266e+15 4.5421e+14 4.28143e+14 
52400 7.2407e+19 3.10284e+15 4.55133e+14 4.28741e+14 
52600 7.2407e+19 3.10271e+15 4.56165e+14 4.28958e+14 
52800 7.2407e+19 3.10263e+15 4.56654e+14 4.28904e+14 
53000 7.2407e+19 3.10234e+15 4.57468e+14 4.29121e+14 
53200 7.2407e+19 3.10178e+15 4.58283e+14 4.29229e+14 
53400 7.2407e+19 3.10154e+15 4.58609e+14 4.29555e+14 
53600 7.2407e+19 3.10125e+15 4.58826e+14 4.29555e+14 
53800 7.2407e+19 3.10129e+15 4.5888e+14 4.29664e+14 
54000 7.2407e+19 3.10095e+15 4.59043e+14 4.29664e+14 
54200 7.2407e+19 3.10008e+15 4.59423e+14 4.29229e+14 
54400 7.2407e+19 3.09953e+15 4.59423e+14 4.29501e+14 
54600 7.2407e+19 3.0986e+15 4.58772e+14 4.29012e+14 
54800 7.2407e+19 3.09839e+15 4.58446e+14 4.29175e+14 
55000 7.2407e+19 3.0979e+15 4.5812e+14 4.28632e+14 
55200 7.2407e+19 3.09731e+15 4.58066e+14 4.29067e+14 
55400 7.2407e+19 3.09699e+15 4.57794e+14 4.28849e+14 
55600 7.2407e+19 3.09689e+15 4.57957e+14 4.28904e+14 
55800 7.2407e+19 3.09647e+15 4.57414e+14 4.29229e+14 
56000 7.2407e+19 3.09594e+15 4.57088e+14 4.28632e+14 
56200 7.2407e+19 3.09509e+15 4.56436e+14 4.28252e+14 
56400 7.2407e+19 3.09452e+15 4.55948e+14 4.28252e+14 
56600 7.2407e+19 3.094e+15 4.55676e+14 4.28904e+14 
56800 7.2407e+19 3.09326e+15 4.54862e+14 4.28306e+14 
57000 7.2407e+19 3.09259e+15 4.54319e+14 4.28035e+14 
57200 7.2407e+19 3.09224e+15 4.53776e+14 4.28306e+14 
57400 7.2407e+19 3.09124e+15 4.5307e+14 4.28415e+14 
57600 7.2407e+19 3.09041e+15 4.52689e+14 4.28306e+14 
57800 7.2407e+19 3.08963e+15 4.51603e+14 4.28252e+14 
58000 7.2407e+19 3.08907e+15 4.51169e+14 4.28415e+14 
58200 7.2407e+19 3.08808e+15 4.50517e+14 4.28686e+14 
58400 7.2407e+19 3.08742e+15 4.49974e+14 4.29012e+14 
58600 7.2407e+19 3.08627e+15 4.49377e+14 4.29067e+14 
58800 7.2407e+19 3.08567e+15 4.48834e+14 4.29447e+14 
59000 7.2407e+19 3.08502e+15 4.48399e+14 4.29501e+14 
59200 7.2407e+19 3.08415e+15 4.47965e+14 4.30098e+14 
59400 7.2407e+19 3.08361e+15 4.48236e+14 4.3075e+14 
59600 7.2407e+19 3.08323e+15 4.47911e+14 4.31239e+14 
59800 7.2407e+19 3.08242e+15 4.47639e+14 4.3189e+14 
60000 7.2407e+19 3.08177e+15 4.48073e+14 4.32814e+14 
60200 7.2407e+19 3.08074e+15 4.48182e+14 4.33411e+14 
60400 7.2407e+19 3.07989e+15 4.48399e+14 4.33248e+14 
60600 7.2407e+19 3.07925e+15 4.48616e+14 4.33139e+14 
60800 7.24069e+19 3.07845e+15 4.48725e+14 4.31945e+14 
61000 7.24069e+19 3.07814e+15 4.49485e+14 4.3151e+14 
61200 7.24069e+19 3.07821e+15 4.50517e+14 4.30967e+14 
61400 7.24069e+19 3.07775e+15 4.51277e+14 4.30424e+14 
61600 7.24069e+19 3.07766e+15 4.52418e+14 4.30261e+14 
61800 7.24069e+19 3.0779e+15 4.53341e+14 4.2999e+14 
62000 7.24069e+19 3.07771e+15 4.5421e+14 4.30587e+14 
62200 7.24069e+19 3.0779e+15 4.55839e+14 4.30641e+14 
62400 7.24069e+19 3.07745e+15 4.56491e+14 4.30424e+14 
62600 7.24069e+19 3.07732e+15 4.57088e+14 4.30696e+14 
62800 7.24069e+19 3.07703e+15 4.57848e+14 4.30913e+14 
63000 7.24069e+19 3.07663e+15 4.58391e+14 4.30859e+14 
63200 7.24069e+19 3.07623e+15 4.58717e+14 4.30479e+14 
63400 7.24069e+19 3.07594e+15 4.58609e+14 4.3037e+14 
63600 7.24069e+19 3.07582e+15 4.58989e+14 4.30316e+14 
63800 7.24069e+19 3.0757e+15 4.59097e+14 4.29881e+14 
64000 7.24069e+19 3.07493e+15 4.58717e+14 4.29284e+14 
64200 7.24069e+19 3.07454e+15 4.58717e+14 4.28686e+14 
64400 7.24069e+19 3.07415e+15 4.58989e+14 4.29284e+14 
64600 7.24069e+19 3.07415e+15 4.58446e+14 4.28632e+14 
64800 7.24069e+19 3.07323e+15 4.57631e+14 4.28252e+14 
65000 7.24069e+19 3.07258e+15 4.57414e+14 4.27709e+14 
65200 7.24069e+19 3.07155e+15 4.57088e+14 4.276e+14 
65400 7.24069e+19 3.07134e+15 4.56436e+14 4.26949e+14 
65600 7.24069e+19 3.07102e+15 4.56056e+14 4.26786e+14 
65800 7.24069e+19 3.07037e+15 4.55079e+14 4.26351e+14 
66000 7.24069e+19 3.07001e+15 4.54481e+14 4.25645e+14 
66200 7.24069e+19 3.06975e+15 4.53721e+14 4.25482e+14 
66400 7.24069e+19 3.06927e+15 4.53124e+14 4.25537e+14 
66600 7.24069e+19 3.06874e+15 4.52526e+14 4.25537e+14 
66800 7.24069e+19 3.06832e+15 4.52146e+14 4.25319e+14 
67000 7.24069e+19 3.06731e+15 4.5106e+14 4.25211e+14 
67200 7.24069e+19 3.06679e+15 4.50463e+14 4.25645e+14 
67400 7.24069e+19 3.06562e+15 4.49594e+14 4.24939e+14 
67600 7.24069e+19 3.06542e+15 4.48888e+14 4.24776e+14 
67800 7.24069e+19 3.06447e+15 4.48236e+14 4.25048e+14 
68000 7.24069e+19 3.06358e+15 4.47802e+14 4.25537e+14 
68200 7.24069e+19 3.06257e+15 4.47585e+14 4.2608e+14 
68400 7.24069e+19 3.06179e+15 4.4715e+14 4.2608e+14 
68600 7.24069e+19 3.06122e+15 4.4639e+14 4.26406e+14 
68800 7.24069e+19 3.0605e+15 4.45738e+14 4.26786e+14 
69000 7.24069e+19 3.05983e+15 4.4601e+14 4.27329e+14 
69200 7.24069e+19 3.05905e+15 4.45738e+14 4.28035e+14 
69400 7.24069e+19 3.05855e+15 4.45467e+14 4.28306e+14 
69600 7.24069e+19 3.05794e+15 4.45412e+14 4.28904e+14 
69800 7.24069e+19 3.0569e+15 4.45141e+14 4.29773e+14 
70000 7.24069e+19 3.05646e+15 4.45575e+14 4.30641e+14 
70200 7.24069e+19 3.0558e+15 4.46227e+14 4.31076e+14 
70400 7.24069e+19 3.05563e+15 4.4639e+14 4.30098e+14 
70600 7.24069e+19 3.05508e+15 4.47422e+14 4.29501e+14 
70800 7.24069e+19 3.0547e+15 4.48128e+14 4.29121e+14 
71000 7.24069e+19 3.05492e+15 4.49974e+14 4.29392e+14 
71200 7.24069e+19 3.05503e+15 4.51115e+14 4.29338e+14 
71400 7.24069e+19 3.05542e+15 4.52472e+14 4.29501e+14 
71600 7.24069e+19 3.0552e+15 4.53667e+14 4.29827e+14 
71800 7.24069e+19 3.05521e+15 4.54481e+14 4.2961e+14 
72000 7.24069e+19 3.05565e+15 4.55785e+14 4.29447e+14 
72200 7.24069e+19 3.05512e+15 4.56436e+14 4.29773e+14 
72400 7.24069e+19 3.05524e+15 4.57034e+14 4.3037e+14 
72600 7.24069e+19 3.05547e+15 4.58066e+14 4.29881e+14 
72800 7.24069e+19 3.05527e+15 4.58066e+14 4.29773e+14 
73000 7.24069e+19 3.05517e+15 4.58337e+14 4.29664e+14 
73200 7.24069e+19 3.05437e+15 4.58229e+14 4.28958e+14 
73400 7.24069e+19 3.05411e+15 4.59369e+14 4.29175e+14 
73600 7.24069e+19 3.0538e+15 4.59315e+14 4.29229e+14 
73800 7.24069e+19 3.0529e+15 4.59369e+14 4.28524e+14 
74000 7.24069e+19 3.05292e+15 4.59315e+14 4.28252e+14 
74200 7.24069e+19 3.05289e+15 4.585e+14 4.27546e+14 
74400 7.24069e+19 3.05205e+15 4.57577e+14 4.27057e+14 
74600 7.24069e+19 3.05197e+15 4.57305e+14 4.26731e+14 
74800 7.24069e+19 3.05145e+15 4.5698e+14 4.26351e+14 
75000 7.24069e+19 3.05116e+15 4.56274e+14 4.25754e+14 
75200 7.24069e+19 3.05075e+15 4.5573e+14 4.24994e+14 
75400 7.24069e+19 3.05019e+15 4.5497e+14 4.24831e+14 
75600 7.24069e+19 3.04946e+15 4.5459e+14 4.24396e+14 
75800 7.24069e+19 3.04858e+15 4.53721e+14 4.23745e+14 
76000 7.24069e+19 3.04769e+15 4.52689e+14 4.23202e+14 
76200 7.24069e+19 3.04708e+15 4.51983e+14 4.2293e+14 
76400 7.24069e+19 3.04603e+15 4.51386e+14 4.22876e+14 
76600 7.24069e+19 3.04526e+15 4.51115e+14 4.23419e+14 
76800 7.24069e+19 3.04476e+15 4.50626e+14 4.2369e+14 
77000 7.24069e+19 3.04421e+15 4.50246e+14 4.23636e+14 
77200 7.24069e+19 3.04349e+15 4.49594e+14 4.2369e+14 
77400 7.24069e+19 3.04267e+15 4.48616e+14 4.23582e+14 
77600 7.24069e+19 3.04201e+15 4.4753e+14 4.2331e+14 
77800 7.24069e+19 3.04108e+15 4.46933e+14 4.23202e+14 
78000 7.24069e+19 3.04021e+15 4.46607e+14 4.23419e+14 
78200 7.24069e+19 3.03929e+15 4.45847e+14 4.23527e+14 
78400 7.24069e+19 3.03852e+15 4.45412e+14 4.23853e+14 
78600 7.24069e+19 3.03803e+15 4.44815e+14 4.23908e+14 
78800 7.24069e+19 3.03721e+15 4.44326e+14 4.24016e+14 
79000 7.24069e+19 3.03661e+15 4.43892e+14 4.24559e+14 
79200 7.24069e+19 3.03569e+15 4.4362e+14 4.25211e+14 
79400 7.24069e+19 3.03504e+15 4.43457e+14 4.26025e+14 
79600 7.24069e+19 3.03444e+15 4.43186e+14 4.2646e+14 
79800 7.24069e+19 3.03407e+15 4.42806e+14 4.2684e+14 
80000 7.24069e+19 3.03353e+15 4.42752e+14 4.27437e+14 
80200 7.24069e+19 3.03294e+15 4.42806e+14 4.28143e+14 
80400 7.24069e+19 3.03279e+15 4.43457e+14 4.27709e+14 
80600 7.24069e+19 3.03269e+15 4.44055e+14 4.27057e+14 
80800 7.24069e+19 3.03265e+15 4.44761e+14 4.26406e+14 
81000 7.24069e+19 3.03229e+15 4.45956e+14 4.25971e+14 
81200 7.24069e+19 3.03208e+15 4.47367e+14 4.26623e+14 
81400 7.24068e+19 3.03265e+15 4.48399e+14 4.257e+14 
81600 7.24068e+19 3.03261e+15 4.49485e+14 4.25428e+14 
81800 7.24068e+19 3.03274e+15 4.5068e+14 4.25971e+14 
82000 7.24068e+19 3.03298e+15 4.51277e+14 4.25537e+14 
82200 7.24068e+19 3.03278e+15 4.52418e+14 4.26297e+14 
82400 7.24068e+19 3.03248e+15 4.53124e+14 4.26134e+14 
82600 7.24068e+19 3.03289e+15 4.53721e+14 4.25808e+14 
82800 7.24068e+19 3.0328e+15 4.5421e+14 4.26025e+14 
83000 7.24068e+19 3.03299e+15 4.54427e+14 4.25482e+14 
83200 7.24068e+19 3.03291e+15 4.54264e+14 4.25102e+14 
83400 7.24068e+19 3.03278e+15 4.55025e+14 4.25319e+14 
83600 7.24068e+19 3.03211e+15 4.54807e+14 4.24451e+14 
83800 7.24068e+19 3.03154e+15 4.54862e+14 4.24233e+14 
84000 7.24068e+19 3.03136e+15 4.53993e+14 4.23256e+14 
84200 7.24068e+19 3.0309e+15 4.53504e+14 4.23202e+14 
84400 7.24068e+19 3.03061e+15 4.53015e+14 4.2217e+14 
84600 7.24068e+19 3.03e+15 4.52201e+14 4.21844e+14 
84800 7.24068e+19 3.02993e+15 4.51821e+14 4.21572e+14 
85000 7.24068e+19 3.02959e+15 4.51766e+14 4.21247e+14 
85200 7.24068e+19 3.02925e+15 4.51006e+14 4.20975e+14 
85400 7.24068e+19 3.02859e+15 4.50571e+14 4.20106e+14 
85600 7.24068e+19 3.02841e+15 4.49703e+14 4.19563e+14 
85800 7.24068e+19 3.02802e+15 4.48725e+14 4.194e+14 
86000 7.24068e+19 3.02752e+15 4.48345e+14 4.19129e+14 
86200 7.24068e+19 3.02691e+15 4.47856e+14 4.18531e+14 
86400 7.24068e+19 3.02674e+15 4.46987e+14 4.18477e+14 
86600 7.24068e+19 3.02598e+15 4.46064e+14 4.18043e+14 
86800 7.24068e+19 3.02548e+15 4.45141e+14 4.18368e+14 
87000 7.24068e+19 3.02531e+15 4.44707e+14 4.18043e+14 
87200 7.24068e+19 3.02482e+15 4.43729e+14 4.17608e+14 
87400 7.24068e+19 3.02433e+15 4.42969e+14 4.17554e+14 
87600 7.24068e+19 3.02411e+15 4.4172e+14 4.17119e+14 
87800 7.24068e+19 3.02389e+15 4.41068e+14 4.17445e+14 
88000 7.24068e+19 3.0234e+15 4.40362e+14 4.17282e+14 
88200 7.24068e+19 3.02253e+15 4.39982e+14 4.17228e+14 
88400 7.24068e+19 3.0222e+15 4.39385e+14 4.17554e+14 
88600 7.24068e+19 3.02155e+15 4.38353e+14 4.17771e+14 
88800 7.24068e+19 3.02085e+15 4.37864e+14 4.18097e+14 
89000 7.24068e+19 3.02031e+15 4.36941e+14 4.18043e+14 
89200 7.24068e+19 3.01989e+15 4.36398e+14 4.17771e+14 
89400 7.24068e+19 3.0193e+15 4.35909e+14 4.18314e+14 
89600 7.24068e+19 3.01914e+15 4.35638e+14 4.18966e+14 
89800 7.24068e+19 3.01855e+15 4.35257e+14 4.19509e+14 
90000 7.24068e+19 3.01797e+15 4.35203e+14 4.19998e+14 
90200 7.24068e+19 3.01749e+15 4.35203e+14 4.194e+14 
90400 7.24068e+19 3.01745e+15 4.35746e+14 4.18423e+14 
90600 7.24068e+19 3.01709e+15 4.36398e+14 4.17282e+14 
90800 7.24068e+19 3.01721e+15 4.36724e+14 4.16522e+14 
91000 7.24068e+19 3.01701e+15 4.37484e+14 4.15979e+14 
91200 7.24068e+19 3.01725e+15 4.3895e+14 4.15925e+14 
91400 7.24068e+19 3.01705e+15 4.40036e+14 4.15816e+14 
91600 7.24068e+19 3.0168e+15 4.41231e+14 4.15925e+14 
91800 7.24068e+19 3.0172e+15 4.41828e+14 4.15545e+14 
92000 7.24068e+19 3.01668e+15 4.42752e+14 4.15545e+14 
92200 7.24068e+19 3.01665e+15 4.43566e+14 4.1549e+14 
92400 7.24068e+19 3.01635e+15 4.43892e+14 4.15219e+14 
92600 7.24068e+19 3.01621e+15 4.44163e+14 4.15164e+14 
92800 7.24068e+19 3.01613e+15 4.44109e+14 4.14513e+14 
93000 7.24068e+19 3.01621e+15 4.44435e+14 4.14241e+14 
93200 7.24068e+19 3.01662e+15 4.44489e+14 4.13535e+14 
93400 7.24068e+19 3.01626e+15 4.43838e+14 4.13318e+14 
93600 7.24068e+19 3.01591e+15 4.43838e+14 4.12612e+14 
93800 7.24068e+19 3.01562e+15 4.43566e+14 4.12558e+14 
94000 7.24068e+19 3.01527e+15 4.4286e+14 4.11743e+14 
94200 7.24068e+19 3.01487e+15 4.42154e+14 4.10983e+14 
94400 7.24068e+19 3.01452e+15 4.41557e+14 4.10386e+14 
94600 7.24068e+19 3.01434e+15 4.41502e+14 4.10223e+14 
94800 7.24068e+19 3.01388e+15 4.40905e+14 4.0968e+14 
95000 7.24068e+19 3.01343e+15 4.40036e+14 4.08974e+14 
95200 7.24068e+19 3.01292e+15 4.38896e+14 4.08159e+14 
95400 7.24068e+19 3.01236e+15 4.38461e+14 4.07725e+14 
95600 7.24068e+19 3.01213e+15 4.37375e+14 4.07507e+14 
95800 7.24068e+19 3.01135e+15 4.36724e+14 4.06638e+14 
96000 7.24068e+19 3.0109e+15 4.35638e+14 4.06313e+14 
96200 7.24068e+19 3.01046e+15 4.34497e+14 4.05607e+14 
96400 7.24068e+19 3.00958e+15 4.33628e+14 4.05281e+14 
96600 7.24068e+19 3.00891e+15 4.33302e+14 4.04901e+14 
96800 7.24068e+19 3.00819e+15 4.32216e+14 4.04249e+14 
97000 7.24068e+19 3.00753e+15 4.31076e+14 4.04303e+14 
97200 7.24068e+19 3.00666e+15 4.30424e+14 4.04249e+14 
97400 7.24068e+19 3.00632e+15 4.29447e+14 4.04195e+14 
97600 7.24068e+19 3.00593e+15 4.28415e+14 4.03597e+14 
97800 7.24068e+19 3.00549e+15 4.27709e+14 4.03869e+14 
98000 7.24068e+19 3.00516e+15 4.26406e+14 4.03489e+14 
98200 7.24068e+19 3.00472e+15 4.25645e+14 4.03217e+14 
98400 7.24068e+19 3.00401e+15 4.24668e+14 4.03272e+14 
98600 7.24068e+19 3.00325e+15 4.24396e+14 4.0376e+14 
98800 7.24068e+19 3.0032e+15 4.23745e+14 4.03543e+14 
99000 7.24068e+19 3.00254e+15 4.23365e+14 4.03815e+14 
99200 7.24068e+19 3.00167e+15 4.22767e+14 4.04086e+14 
99400 7.24068e+19 3.00124e+15 4.22061e+14 4.04521e+14 
99600 7.24068e+19 3.00037e+15 4.21735e+14 4.05009e+14 
99800 7.24068e+19 2.99994e+15 4.2141e+14 4.05335e+14 
100000 7.24068e+19 2.99951e+15 4.21138e+14 4.05878e+14 
100200 7.24068e+19 2.99914e+15 4.21247e+14 4.05335e+14 
100400 7.24068e+19 2.99871e+15 4.21572e+14 4.04683e+14 
100600 7.24068e+19 2.99877e+15 4.21953e+14 4.04358e+14 
100800 7.24068e+19 2.99856e+15 4.22115e+14 4.03109e+14 
101000 7.24068e+19 2.99862e+15 4.22767e+14 4.02511e+14 
101200 7.24068e+19 2.99907e+15 4.23799e+14 4.0262e+14 
101400 7.24068e+19 2.99935e+15 4.24776e+14 4.01805e+14 
101600 7.24068e+19 2.99903e+15 4.25157e+14 4.00773e+14 
101800 7.24068e+19 2.99877e+15 4.26025e+14 4.00502e+14 
102000 7.24068e+19 2.99862e+15 4.26569e+14 4.00285e+14 
102200 7.24068e+19 2.99874e+15 4.27166e+14 3.99579e+14 
102400 7.24068e+19 2.99886e+15 4.27546e+14 3.99579e+14 
102600 7.24068e+19 2.99871e+15 4.28035e+14 3.99362e+14 
102800 7.24068e+19 2.999e+15 4.28524e+14 3.9909e+14 
103000 7.24068e+19 2.99863e+15 4.28578e+14 3.99199e+14 
103200 7.24068e+19 2.99859e+15 4.28361e+14 3.98167e+14 
103400 7.24068e+19 2.9985e+15 4.29067e+14 3.9871e+14 
103600 7.24068e+19 2.9982e+15 4.29121e+14 3.98167e+14 
103800 7.24068e+19 2.9987e+15 4.28361e+14 3.97407e+14 
104000 7.24068e+19 2.99834e+15 4.27655e+14 3.96701e+14 
104200 7.24068e+19 2.99809e+15 4.276e+14 3.96972e+14 
104400 7.24068e+19 2.99822e+15 4.2722e+14 3.96592e+14 
104600 7.24068e+19 2.99786e+15 4.26731e+14 3.95669e+14 
104800 7.24068e+19 2.99767e+15 4.26025e+14 3.94746e+14 
105000 7.24068e+19 2.99742e+15 4.24939e+14 3.94257e+14 
105200 7.24068e+19 2.99696e+15 4.23908e+14 3.93334e+14 
105400 7.24068e+19 2.99644e+15 4.2331e+14 3.93388e+14 
105600 7.24068e+19 2.99554e+15 4.22984e+14 3.92791e+14 
105800 7.24068e+19 2.99508e+15 4.22061e+14 3.92519e+14 
106000 7.24068e+19 2.99467e+15 4.20975e+14 3.91976e+14 
106200 7.24068e+19 2.99399e+15 4.20378e+14 3.91813e+14 
106400 7.24068e+19 2.99321e+15 4.1978e+14 3.9127e+14 
106600 7.24068e+19 2.99248e+15 4.19237e+14 3.9127e+14 
106800 7.24068e+19 2.9918e+15 4.18803e+14 3.90944e+14 
107000 7.24068e+19 2.99146e+15 4.18151e+14 3.91107e+14 
107200 7.24068e+19 2.99127e+15 4.17228e+14 3.9127e+14 
107400 7.24068e+19 2.99087e+15 4.16522e+14 3.91107e+14 
107600 7.24068e+19 2.99025e+15 4.15979e+14 3.90727e+14 
107800 7.24068e+19 2.98942e+15 4.15219e+14 3.91216e+14 
108000 7.24068e+19 2.98896e+15 4.1435e+14 3.91433e+14 
108200 7.24068e+19 2.98835e+15 4.13915e+14 3.91379e+14 
108400 7.24068e+19 2.98779e+15 4.12992e+14 3.91379e+14 
108600 7.24068e+19 2.98728e+15 4.12612e+14 3.91596e+14 
108800 7.24068e+19 2.98662e+15 4.11689e+14 3.91813e+14 
109000 7.24068e+19 2.98638e+15 4.10983e+14 3.91487e+14 
109200 7.24068e+19 2.9861e+15 4.1044e+14 3.91596e+14 
109400 7.24068e+19 2.98581e+15 4.09951e+14 3.91922e+14 
109600 7.24068e+19 2.98526e+15 4.09788e+14 3.92682e+14 
109800 7.24068e+19 2.98487e+15 4.09842e+14 3.93334e+14 
110000 7.24068e+19 2.98426e+15 4.09842e+14 3.94257e+14 
110200 7.24068e+19 2.98392e+15 4.1044e+14 3.94365e+14 
110400 7.24068e+19 2.98364e+15 4.10711e+14 3.93877e+14 
110600 7.24068e+19 2.98363e+15 4.11526e+14 3.93497e+14 
110800 7.24067e+19 2.98395e+15 4.12123e+14 3.92573e+14 
111000 7.24067e+19 2.98405e+15 4.12449e+14 3.92139e+14 
111200 7.24067e+19 2.98442e+15 4.13372e+14 3.91161e+14 
111400 7.24067e+19 2.9842e+15 4.14078e+14 3.90673e+14 
111600 7.24067e+19 2.98463e+15 4.14947e+14 3.90781e+14 
111800 7.24067e+19 2.98495e+15 4.15273e+14 3.89967e+14 
112000 7.24067e+19 2.985e+15 4.15436e+14 3.89315e+14 
112200 7.24067e+19 2.98473e+15 4.1549e+14 3.88555e+14 
112400 7.24067e+19 2.98516e+15 4.16196e+14 3.88609e+14 
112600 7.24067e+19 2.98521e+15 4.17391e+14 3.89152e+14 
112800 7.24067e+19 2.98505e+15 4.17825e+14 3.88338e+14 
113000 7.24067e+19 2.98521e+15 4.18151e+14 3.88175e+14 
113200 7.24067e+19 2.98516e+15 4.1826e+14 3.87957e+14 
113400 7.24067e+19 2.98489e+15 4.1826e+14 3.87469e+14 
113600 7.24067e+19 2.98467e+15 4.17934e+14 3.87251e+14 
113800 7.24067e+19 2.98489e+15 4.17825e+14 3.86926e+14 
114000 7.24067e+19 2.98467e+15 4.17445e+14 3.86437e+14 
114200 7.24067e+19 2.98467e+15 4.16794e+14 3.85242e+14 
114400 7.24067e+19 2.98435e+15 4.16522e+14 3.85025e+14 
114600 7.24067e+19 2.98392e+15 4.1549e+14 3.84536e+14 
114800 7.24067e+19 2.98332e+15 4.14839e+14 3.84047e+14 
115000 7.24067e+19 2.98316e+15 4.1397e+14 3.83233e+14 
115200 7.24067e+19 2.98295e+15 4.13209e+14 3.82527e+14 
115400 7.24067e+19 2.98274e+15 4.12395e+14 3.81332e+14 
115600 7.24067e+19 2.98209e+15 4.11472e+14 3.81224e+14 
115800 7.24067e+19 2.98172e+15 4.1082e+14 3.81604e+14 
116000 7.24067e+19 2.98124e+15 4.10494e+14 3.80681e+14 
116200 7.24067e+19 2.98097e+15 4.09299e+14 3.80518e+14 
116400 7.24067e+19 2.98071e+15 4.08702e+14 3.80355e+14 
116600 7.24067e+19 2.98028e+15 4.08213e+14 3.80192e+14 
116800 7.24067e+19 2.97953e+15 4.07453e+14 3.80083e+14 
117000 7.24067e+19 2.97932e+15 4.06801e+14 3.79975e+14 
117200 7.24067e+19 2.97879e+15 4.06095e+14 3.80083e+14 
117400 7.24067e+19 2.97831e+15 4.04955e+14 3.7992e+14 
117600 7.24067e+19 2.97822e+15 4.04195e+14 3.79431e+14 
117800 7.24067e+19 2.97823e+15 4.03272e+14 3.79649e+14 
118000 7.24067e+19 2.97781e+15 4.03109e+14 3.79703e+14 
118200 7.24067e+19 2.97723e+15 4.0224e+14 3.79594e+14 
118400 7.24067e+19 2.9767e+15 4.0186e+14 3.7992e+14 
118600 7.24067e+19 2.97633e+15 4.01099e+14 3.80192e+14 
118800 7.24067e+19 2.97581e+15 4.00611e+14 3.80355e+14 
119000 7.24067e+19 2.97539e+15 3.99796e+14 3.80789e+14 
119200 7.24067e+19 2.97481e+15 3.99524e+14 3.81441e+14 
119400 7.24067e+19 2.97428e+15 3.99036e+14 3.81767e+14 
119600 7.24067e+19 2.97409e+15 3.99036e+14 3.8231e+14 
119800 7.24067e+19 2.97329e+15 3.98873e+14 3.82907e+14 
120000 7.24067e+19 2.97293e+15 3.98873e+14 3.83722e+14 
120200 7.24067e+19 2.97301e+15 3.99253e+14 3.8421e+14 
120400 7.24067e+19 2.97308e+15 3.99959e+14 3.83939e+14 
120600 7.24067e+19 2.97321e+15 4.00448e+14 3.83396e+14 
120800 7.24067e+19 2.97291e+15 4.01642e+14 3.83341e+14 
121000 7.24067e+19 2.97277e+15 4.02566e+14 3.8269e+14 
121200 7.24067e+19 2.9729e+15 4.04032e+14 3.82744e+14 
121400 7.24067e+19 2.97265e+15 4.04466e+14 3.82201e+14 
121600 7.24067e+19 2.97322e+15 4.05444e+14 3.82255e+14 
121800 7.24067e+19 2.974e+15 4.05878e+14 3.81712e+14 
122000 7.24067e+19 2.97397e+15 4.06367e+14 3.81386e+14 
122200 7.24067e+19 2.97356e+15 4.07182e+14 3.81332e+14 
122400 7.24067e+19 2.97385e+15 4.08485e+14 3.81006e+14 
122600 7.24067e+19 2.97388e+15 4.09028e+14 3.80735e+14 
122800 7.24067e+19 2.974e+15 4.09462e+14 3.80355e+14 
123000 7.24067e+19 2.97397e+15 4.09788e+14 3.79757e+14 
123200 7.24067e+19 2.97432e+15 4.0968e+14 3.79812e+14 
123400 7.24067e+19 2.97472e+15 4.09354e+14 3.79051e+14 
123600 7.24067e+19 2.97491e+15 4.09245e+14 3.78345e+14 
123800 7.24067e+19 2.97499e+15 4.08919e+14 3.77965e+14 
124000 7.24067e+19 2.9748e+15 4.08431e+14 3.77748e+14 
124200 7.24067e+19 2.97451e+15 4.08213e+14 3.77639e+14 
124400 7.24067e+19 2.97416e+15 4.07887e+14 3.76825e+14 
124600 7.24067e+19 2.97375e+15 4.07236e+14 3.76119e+14 
124800 7.24067e+19 2.9733e+15 4.06421e+14 3.75413e+14 
125000 7.24067e+19 2.973e+15 4.06258e+14 3.75413e+14 
125200 7.24067e+19 2.97271e+15 4.05607e+14 3.75087e+14 
125400 7.24067e+19 2.97236e+15 4.04901e+14 3.74761e+14 
125600 7.24067e+19 2.97191e+15 4.04086e+14 3.74435e+14 
125800 7.24067e+19 2.97167e+15 4.0376e+14 3.74218e+14 
126000 7.24067e+19 2.97099e+15 4.02783e+14 3.73512e+14 
126200 7.24067e+19 2.97069e+15 4.02511e+14 3.73621e+14 
126400 7.24067e+19 2.97024e+15 4.0186e+14 3.73566e+14 
126600 7.24067e+19 2.97016e+15 4.01425e+14 3.73784e+14 
126800 7.24067e+19 2.96965e+15 4.01208e+14 3.73784e+14 
127000 7.24067e+19 2.96958e+15 4.00556e+14 3.73729e+14 
127200 7.24067e+19 2.96874e+15 3.9947e+14 3.73675e+14 
127400 7.24067e+19 2.96824e+15 3.98818e+14 3.73023e+14 
127600 7.24067e+19 2.96762e+15 3.98058e+14 3.73349e+14 
127800 7.24067e+19 2.96755e+15 3.97461e+14 3.73132e+14 
128000 7.24067e+19 2.96689e+15 3.96809e+14 3.73132e+14 
128200 7.24067e+19 2.96617e+15 3.96266e+14 3.73186e+14 
128400 7.24067e+19 2.96572e+15 3.95614e+14 3.73349e+14 
128600 7.24067e+19 2.96521e+15 3.9518e+14 3.73675e+14 
128800 7.24067e+19 2.96471e+15 3.94311e+14 3.73729e+14 
129000 7.24067e+19 2.96426e+15 3.93877e+14 3.74055e+14 
129200 7.24067e+19 2.96392e+15 3.93062e+14 3.74816e+14 
129400 7.24067e+19 2.96353e+15 3.93116e+14 3.75521e+14 
129600 7.24067e+19 2.9633e+15 3.93279e+14 3.76227e+14 
129800 7.24067e+19 2.96291e+15 3.92682e+14 3.76553e+14 
130000 7.24067e+19 2.96257e+15 3.92736e+14 3.77205e+14 
130200 7.24067e+19 2.96262e+15 3.92573e+14 3.77585e+14 
130400 7.24067e+19 2.96239e+15 3.93334e+14 3.77205e+14 
130600 7.24067e+19 2.9626e+15 3.93985e+14 3.76608e+14 
130800 7.24067e+19 2.96269e+15 3.94257e+14 3.7563e+14 
131000 7.24067e+19 2.96333e+15 3.948e+14 3.74978e+14 
131200 7.24067e+19 2.96403e+15 3.95777e+14 3.74924e+14 
131400 7.24067e+19 2.9638e+15 3.96266e+14 3.74272e+14 
131600 7.24067e+19 2.96347e+15 3.97352e+14 3.74653e+14 
131800 7.24067e+19 2.9639e+15 3.98113e+14 3.74164e+14 
132000 7.24067e+19 2.96378e+15 3.9871e+14 3.73947e+14 
132200 7.24067e+19 2.96394e+15 3.9947e+14 3.74218e+14 
132400 7.24067e+19 2.96409e+15 3.99959e+14 3.74001e+14 
132600 7.24067e+19 2.96398e+15 3.99905e+14 3.73404e+14 
132800 7.24067e+19 2.96425e+15 4.0023e+14 3.72806e+14 
133000 7.24067e+19 2.96402e+15 4.00611e+14 3.7248e+14 
133200 7.24066e+19 2.96386e+15 4.00611e+14 3.71992e+14 
133400 7.24066e+19 2.96347e+15 4.01099e+14 3.71829e+14 
133600 7.24066e+19 2.96347e+15 4.00991e+14 3.71449e+14 
133800 7.24066e+19 2.96325e+15 4.00448e+14 3.70308e+14 
134000 7.24066e+19 2.96292e+15 4.00013e+14 3.70308e+14 
134200 7.24066e+19 2.96265e+15 3.99416e+14 3.69439e+14 
134400 7.24066e+19 2.96221e+15 3.99199e+14 3.69113e+14 
134600 7.24066e+19 2.96194e+15 3.99144e+14 3.69059e+14 
134800 7.24066e+19 2.96205e+15 3.98547e+14 3.68679e+14 
135000 7.24066e+19 2.96183e+15 3.97787e+14 3.68136e+14 
135200 7.24066e+19 2.96151e+15 3.97352e+14 3.67973e+14 
135400 7.24066e+19 2.96156e+15 3.97352e+14 3.68027e+14 
135600 7.24066e+19 2.96135e+15 3.96375e+14 3.67647e+14 
135800 7.24066e+19 2.96081e+15 3.96103e+14 3.67756e+14 
136000 7.24066e+19 2.96097e+15 3.95126e+14 3.67104e+14 
136200 7.24066e+19 2.96038e+15 3.95017e+14 3.67158e+14 
136400 7.24066e+19 2.96038e+15 3.94257e+14 3.66507e+14 
136600 7.24066e+19 2.96e+15 3.93334e+14 3.66507e+14 
136800 7.24066e+19 2.95968e+15 3.92682e+14 3.6629e+14 
137000 7.24066e+19 2.95893e+15 3.91976e+14 3.66127e+14 
137200 7.24066e+19 2.95823e+15 3.91433e+14 3.66127e+14 
137400 7.24066e+19 2.95736e+15 3.90836e+14 3.65855e+14 
137600 7.24066e+19 2.95715e+15 3.89912e+14 3.66018e+14 
137800 7.24066e+19 2.957e+15 3.89044e+14 3.66018e+14 
138000 7.24066e+19 2.95619e+15 3.88175e+14 3.65747e+14 
138200 7.24066e+19 2.95587e+15 3.87957e+14 3.65801e+14 
138400 7.24066e+19 2.95506e+15 3.87469e+14 3.66344e+14 
138600 7.24066e+19 2.95469e+15 3.87089e+14 3.66724e+14 
138800 7.24066e+19 2.95405e+15 3.86328e+14 3.6705e+14 
139000 7.24066e+19 2.95352e+15 3.86002e+14 3.67213e+14 
139200 7.24066e+19 2.95315e+15 3.85568e+14 3.67919e+14 
139400 7.24066e+19 2.95283e+15 3.85622e+14 3.6857e+14 
139600 7.24066e+19 2.95268e+15 3.85948e+14 3.69602e+14 
139800 7.24066e+19 2.95263e+15 3.86165e+14 3.70308e+14 
140000 7.24066e+19 2.9521e+15 3.86111e+14 3.71123e+14 
140200 7.24066e+19 2.95255e+15 3.866e+14 3.71992e+14 
140400 7.24066e+19 2.95289e+15 3.87306e+14 3.71774e+14 
140600 7.24066e+19 2.95333e+15 3.88609e+14 3.71829e+14 
140800 7.24066e+19 2.95362e+15 3.89858e+14 3.71612e+14 
141000 7.24066e+19 2.9539e+15 3.91379e+14 3.71557e+14 
141200 7.24066e+19 2.95408e+15 3.93116e+14 3.72046e+14 
141400 7.24066e+19 2.95387e+15 3.94474e+14 3.71992e+14 
141600 7.24066e+19 2.95432e+15 3.9556e+14 3.721e+14 
141800 7.24066e+19 2.95434e+15 3.9594e+14 3.71937e+14 
142000 7.24066e+19 2.95408e+15 3.96863e+14 3.71774e+14 
142200 7.24066e+19 2.95388e+15 3.97298e+14 3.7134e+14 
142400 7.24066e+19 2.95377e+15 3.97298e+14 3.70851e+14 
142600 7.24066e+19 2.95351e+15 3.97678e+14 3.69874e+14 
142800 7.24066e+19 2.95347e+15 3.97624e+14 3.69222e+14 
143000 7.24066e+19 2.95343e+15 3.97624e+14 3.68951e+14 
143200 7.24066e+19 2.95328e+15 3.97569e+14 3.68625e+14 
143400 7.24066e+19 2.95318e+15 3.98058e+14 3.68027e+14 
143600 7.24066e+19 2.95266e+15 3.97787e+14 3.67647e+14 
143800 7.24066e+19 2.95246e+15 3.98275e+14 3.67864e+14 
144000 7.24066e+19 2.95231e+15 3.97787e+14 3.67484e+14 
144200 7.24066e+19 2.95206e+15 3.97841e+14 3.66724e+14 
144400 7.24066e+19 2.95208e+15 3.97244e+14 3.6629e+14 
144600 7.24066e+19 2.95216e+15 3.96972e+14 3.65964e+14 
144800 7.24066e+19 2.95191e+15 3.95995e+14 3.65692e+14 
145000 7.24066e+19 2.95193e+15 3.95669e+14 3.65366e+14 
145200 7.24066e+19 2.95179e+15 3.94691e+14 3.64715e+14 
145400 7.24066e+19 2.95154e+15 3.94583e+14 3.64552e+14 
145600 7.24066e+19 2.95102e+15 3.94148e+14 3.64606e+14 
145800 7.24066e+19 2.95066e+15 3.93008e+14 3.64063e+14 
146000 7.24066e+19 2.95063e+15 3.92573e+14 3.63466e+14 
146200 7.24066e+19 2.95027e+15 3.91596e+14 3.63303e+14 
146400 7.24066e+19 2.95025e+15 3.91053e+14 3.63086e+14 
146600 7.24066e+19 2.94984e+15 3.90673e+14 3.62977e+14 
146800 7.24066e+19 2.94954e+15 3.89912e+14 3.62977e+14 
147000 7.24066e+19 2.94929e+15 3.89261e+14 3.63086e+14 
147200 7.24066e+19 2.94888e+15 3.88718e+14 3.62543e+14 
147400 7.24066e+19 2.94821e+15 3.88229e+14 3.62868e+14 
147600 7.24066e+19 2.94774e+15 3.87849e+14 3.62868e+14 
147800 7.24066e+19 2.94739e+15 3.8698e+14 3.63086e+14 
148000 7.24066e+19 2.94704e+15 3.86383e+14 3.62977e+14 
148200 7.24066e+19 2.94674e+15 3.86002e+14 3.62923e+14 
148400 7.24066e+19 2.94634e+15 3.85405e+14 3.6314e+14 
148600 7.24066e+19 2.94593e+15 3.84916e+14 3.63792e+14 
148800 7.24066e+19 2.94558e+15 3.85188e+14 3.64823e+14 
149000 7.24066e+19 2.94502e+15 3.8459e+14 3.65312e+14 
149200 7.24066e+19 2.9445e+15 3.84428e+14 3.65855e+14 
149400 7.24066e+19 2.94443e+15 3.83885e+14 3.6629e+14 
149600 7.24066e+19 2.94391e+15 3.84102e+14 3.67104e+14 
149800 7.24066e+19 2.94367e+15 3.8383e+14 3.6781e+14 
150000 7.24066e+19 2.94333e+15 3.83993e+14 3.68679e+14 
150200 7.24066e+19 2.94314e+15 3.84536e+14 3.68951e+14 
150400 7.24066e+19 2.94317e+15 3.84482e+14 3.68625e+14 
150600 7.24066e+19 2.94299e+15 3.85134e+14 3.67702e+14 
150800 7.24066e+19 2.94286e+15 3.8584e+14 3.67593e+14 
151000 7.24066e+19 2.94289e+15 3.86763e+14 3.6781e+14 
151200 7.24066e+19 2.94266e+15 3.88066e+14 3.6705e+14 
151400 7.24066e+19 2.94291e+15 3.88338e+14 3.6629e+14 
151600 7.24066e+19 2.94299e+15 3.88989e+14 3.66018e+14 
151800 7.24066e+19 2.94292e+15 3.9013e+14 3.66398e+14 
152000 7.24066e+19 2.94257e+15 3.90999e+14 3.66507e+14 
152200 7.24066e+19 2.94239e+15 3.91542e+14 3.65855e+14 
152400 7.24066e+19 2.94226e+15 3.92139e+14 3.65747e+14 
152600 7.24066e+19 2.94229e+15 3.92845e+14 3.65041e+14 
152800 7.24066e+19 2.94249e+15 3.93605e+14 3.65801e+14 
153000 7.24066e+19 2.94209e+15 3.93768e+14 3.65584e+14 
153200 7.24066e+19 2.94147e+15 3.93659e+14 3.65095e+14 
153400 7.24066e+19 2.94156e+15 3.93822e+14 3.6466e+14 
153600 7.24066e+19 2.94122e+15 3.93497e+14 3.64172e+14 
153800 7.24066e+19 2.94093e+15 3.93171e+14 3.639e+14 
154000 7.24066e+19 2.94097e+15 3.93388e+14 3.63629e+14 
154200 7.24066e+19 2.94073e+15 3.93062e+14 3.62868e+14 
154400 7.24066e+19 2.94077e+15 3.92465e+14 3.62434e+14 
154600 7.24066e+19 2.94076e+15 3.9241e+14 3.62705e+14 
154800 7.24066e+19 2.94069e+15 3.92139e+14 3.61891e+14 
155000 7.24066e+19 2.94024e+15 3.91216e+14 3.61293e+14 
155200 7.24066e+19 2.94e+15 3.90401e+14 3.60968e+14 
155400 7.24066e+19 2.93961e+15 3.89804e+14 3.60533e+14 
155600 7.24066e+19 2.93905e+15 3.88935e+14 3.59936e+14 
155800 7.24066e+19 2.9386e+15 3.88338e+14 3.59882e+14 
156000 7.24066e+19 2.93821e+15 3.8812e+14 3.59719e+14 
156200 7.24066e+19 2.93776e+15 3.87414e+14 3.59013e+14 
156400 7.24066e+19 2.93748e+15 3.86871e+14 3.59393e+14 
156600 7.24066e+19 2.93692e+15 3.86654e+14 3.59067e+14 
156800 7.24066e+19 2.93653e+15 3.86274e+14 3.59393e+14 
157000 7.24066e+19 2.93576e+15 3.85622e+14 3.59556e+14 
157200 7.24066e+19 2.93515e+15 3.85025e+14 3.59664e+14 
157400 7.24066e+19 2.93449e+15 3.84808e+14 3.5999e+14 
157600 7.24066e+19 2.93372e+15 3.84047e+14 3.59936e+14 
157800 7.24066e+19 2.93333e+15 3.83341e+14 3.59882e+14 
158000 7.24066e+19 2.93288e+15 3.8307e+14 3.60207e+14 
158200 7.24066e+19 2.93244e+15 3.82961e+14 3.60859e+14 
158400 7.24066e+19 2.93243e+15 3.82147e+14 3.61185e+14 
158600 7.24066e+19 2.93215e+15 3.81658e+14 3.61348e+14 
158800 7.24066e+19 2.93159e+15 3.81332e+14 3.61837e+14 
159000 7.24066e+19 2.93126e+15 3.80952e+14 3.62271e+14 
159200 7.24066e+19 2.93098e+15 3.80789e+14 3.62651e+14 
159400 7.24066e+19 2.93042e+15 3.803e+14 3.63086e+14 
159600 7.24066e+19 2.93014e+15 3.80192e+14 3.63574e+14 
159800 7.24066e+19 2.92981e+15 3.80246e+14 3.64226e+14 
160000 7.24066e+19 2.92926e+15 3.80518e+14 3.65529e+14 
160200 7.24066e+19 2.92925e+15 3.80355e+14 3.65855e+14 
160400 7.24066e+19 2.92984e+15 3.81061e+14 3.65584e+14 
160600 7.24065e+19 2.92978e+15 3.81495e+14 3.65258e+14 
160800 7.24065e+19 2.92972e+15 3.82798e+14 3.65149e+14 
161000 7.24065e+19 2.93042e+15 3.8345e+14 3.64389e+14 
161200 7.24065e+19 2.93068e+15 3.84265e+14 3.63411e+14 
161400 7.24065e+19 2.93117e+15 3.85242e+14 3.62868e+14 
161600 7.24065e+19 2.93116e+15 3.86437e+14 3.63031e+14 
161800 7.24065e+19 2.93127e+15 3.87795e+14 3.6352e+14 
162000 7.24065e+19 2.93153e+15 3.89478e+14 3.64823e+14 
162200 7.24065e+19 2.9318e+15 3.90673e+14 3.64932e+14 
162400 7.24065e+19 2.93202e+15 3.91542e+14 3.65041e+14 
162600 7.24065e+19 2.93212e+15 3.91976e+14 3.6466e+14 
162800 7.24065e+19 2.93212e+15 3.92845e+14 3.64986e+14 
163000 7.24065e+19 2.93206e+15 3.92899e+14 3.64823e+14 
163200 7.24065e+19 2.93211e+15 3.93822e+14 3.65203e+14 
163400 7.24065e+19 2.93217e+15 3.93985e+14 3.64932e+14 
163600 7.24065e+19 2.93222e+15 3.93931e+14 3.64878e+14 
163800 7.24065e+19 2.93232e+15 3.93877e+14 3.64117e+14 
164000 7.24065e+19 2.93232e+15 3.94148e+14 3.63574e+14 
164200 7.24065e+19 2.93248e+15 3.93659e+14 3.63248e+14 
164400 7.24065e+19 2.93221e+15 3.93225e+14 3.6276e+14 
164600 7.24065e+19 2.93199e+15 3.92682e+14 3.62434e+14 
164800 7.24065e+19 2.9321e+15 3.92465e+14 3.62325e+14 
165000 7.24065e+19 2.93193e+15 3.9165e+14 3.61999e+14 
165200 7.24065e+19 2.93183e+15 3.91216e+14 3.61456e+14 
165400 7.24065e+19 2.93155e+15 3.90564e+14 3.61185e+14 
165600 7.24065e+19 2.9315e+15 3.89912e+14 3.60642e+14 
165800 7.24065e+19 2.93144e+15 3.89369e+14 3.60805e+14 
166000 7.24065e+19 2.93096e+15 3.89152e+14 3.60805e+14 
166200 7.24065e+19 2.93063e+15 3.88663e+14 3.6037e+14 
166400 7.24065e+19 2.93014e+15 3.87795e+14 3.59882e+14 
166600 7.24065e+19 2.92987e+15 3.87251e+14 3.59284e+14 
166800 7.24065e+19 2.92971e+15 3.86654e+14 3.5961e+14 
167000 7.24065e+19 2.92928e+15 3.86002e+14 3.59447e+14 
167200 7.24065e+19 2.92901e+15 3.84971e+14 3.59121e+14 
167400 7.24065e+19 2.92831e+15 3.8383e+14 3.5885e+14 
167600 7.24065e+19 2.92782e+15 3.82853e+14 3.58795e+14 
167800 7.24065e+19 2.92788e+15 3.82038e+14 3.58361e+14 
168000 7.24065e+19 2.92756e+15 3.81386e+14 3.58361e+14 
168200 7.24065e+19 2.92729e+15 3.80463e+14 3.58144e+14 
168400 7.24065e+19 2.92724e+15 3.79866e+14 3.58415e+14 
168600 7.24065e+19 2.92692e+15 3.79703e+14 3.59067e+14 
168800 7.24065e+19 2.92682e+15 3.79377e+14 3.59338e+14 
169000 7.24065e+19 2.92666e+15 3.79377e+14 3.6037e+14 
169200 7.24065e+19 2.92623e+15 3.78726e+14 3.60425e+14 
169400 7.24065e+19 2.92613e+15 3.78128e+14 3.61076e+14 
169600 7.24065e+19 2.9263e+15 3.7802e+14 3.61674e+14 
169800 7.24065e+19 2.92609e+15 3.77802e+14 3.62054e+14 
170000 7.24065e+19 2.92588e+15 3.77802e+14 3.6238e+14 
170200 7.24065e+19 2.92589e+15 3.78182e+14 3.63031e+14 
170400 7.24065e+19 2.92579e+15 3.78943e+14 3.63031e+14 
170600 7.24065e+19 2.92591e+15 3.7954e+14 3.62814e+14 
170800 7.24065e+19 2.92651e+15 3.80518e+14 3.61837e+14 
171000 7.24065e+19 2.92652e+15 3.81006e+14 3.60913e+14 
171200 7.24065e+19 2.92668e+15 3.82038e+14 3.61185e+14 
171400 7.24065e+19 2.92815e+15 3.82635e+14 3.6037e+14 
171600 7.24065e+19 2.92849e+15 3.83667e+14 3.60533e+14 
171800 7.24065e+19 2.92882e+15 3.85242e+14 3.60968e+14 
172000 7.24065e+19 2.92926e+15 3.86708e+14 3.61511e+14 
172200 7.24065e+19 2.92938e+15 3.87089e+14 3.61185e+14 
172400 7.24065e+19 2.93015e+15 3.8774e+14 3.60913e+14 
172600 7.24065e+19 2.93026e+15 3.88772e+14 3.60805e+14 
172800 7.24065e+19 2.93033e+15 3.89206e+14 3.60968e+14 
173000 7.24065e+19 2.93012e+15 3.89804e+14 3.61022e+14 
173200 7.24065e+19 2.93002e+15 3.89749e+14 3.60588e+14 
173400 7.24065e+19 2.92949e+15 3.89804e+14 3.60425e+14 
173600 7.24065e+19 2.92939e+15 3.90184e+14 3.60479e+14 
173800 7.24065e+19 2.92881e+15 3.89967e+14 3.59664e+14 
174000 7.24065e+19 2.92865e+15 3.89912e+14 3.59338e+14 
174200 7.24065e+19 2.92888e+15 3.89098e+14 3.5885e+14 
174400 7.24065e+19 2.92878e+15 3.89044e+14 3.58144e+14 
174600 7.24065e+19 2.92896e+15 3.88392e+14 3.57221e+14 
174800 7.24065e+19 2.9287e+15 3.8774e+14 3.5684e+14 
175000 7.24065e+19 2.92811e+15 3.87469e+14 3.57329e+14 
175200 7.24065e+19 2.92785e+15 3.87034e+14 3.57058e+14 
175400 7.24065e+19 2.92754e+15 3.86817e+14 3.56732e+14 
175600 7.24065e+19 2.92723e+15 3.86437e+14 3.56297e+14 
175800 7.24065e+19 2.92692e+15 3.85296e+14 3.55754e+14 
176000 7.24065e+19 2.9265e+15 3.84753e+14 3.55972e+14 
176200 7.24065e+19 2.92651e+15 3.83993e+14 3.557e+14 
176400 7.24065e+19 2.92587e+15 3.83124e+14 3.55374e+14 
176600 7.24065e+19 2.92562e+15 3.82473e+14 3.55211e+14 
176800 7.24065e+19 2.9253e+15 3.81658e+14 3.5494e+14 
177000 7.24065e+19 2.92467e+15 3.81115e+14 3.54288e+14 
177200 7.24065e+19 2.92419e+15 3.80083e+14 3.54451e+14 
177400 7.24065e+19 2.92388e+15 3.79214e+14 3.54179e+14 
177600 7.24065e+19 2.92358e+15 3.79051e+14 3.54723e+14 
177800 7.24065e+19 2.92294e+15 3.784e+14 3.54777e+14 
178000 7.24065e+19 2.92279e+15 3.77965e+14 3.54994e+14 
178200 7.24065e+19 2.92254e+15 3.77096e+14 3.55211e+14 
178400 7.24065e+19 2.92228e+15 3.76662e+14 3.54994e+14 
178600 7.24065e+19 2.92181e+15 3.76173e+14 3.55103e+14 
178800 7.24065e+19 2.92178e+15 3.75902e+14 3.55917e+14 
179000 7.24065e+19 2.92141e+15 3.75467e+14 3.56134e+14 
179200 7.24065e+19 2.92084e+15 3.7487e+14 3.56352e+14 
179400 7.24065e+19 2.92069e+15 3.75141e+14 3.5684e+14 
179600 7.24065e+19 2.92044e+15 3.75033e+14 3.57438e+14 
179800 7.24065e+19 2.91991e+15 3.75304e+14 3.58361e+14 
180000 7.24065e+19 2.91961e+15 3.75196e+14 3.59176e+14 
180200 7.24065e+19 2.91925e+15 3.75684e+14 3.60153e+14 
180400 7.24065e+19 2.91905e+15 3.75739e+14 3.60153e+14 
180600 7.24065e+19 2.91967e+15 3.76445e+14 3.59882e+14 
180800 7.24065e+19 2.91953e+15 3.77151e+14 3.59284e+14 
181000 7.24065e+19 2.9196e+15 3.77694e+14 3.59501e+14 
181200 7.24065e+19 2.92e+15 3.78345e+14 3.57927e+14 
181400 7.24064e+19 2.92019e+15 3.79486e+14 3.57872e+14 
181600 7.24064e+19 2.92037e+15 3.80789e+14 3.58198e+14 
181800 7.24064e+19 2.92083e+15 3.81712e+14 3.58144e+14 
182000 7.24064e+19 2.92123e+15 3.82255e+14 3.57655e+14 
182200 7.24064e+19 2.92163e+15 3.82473e+14 3.57546e+14 
182400 7.24064e+19 2.92149e+15 3.83613e+14 3.5684e+14 
182600 7.24064e+19 2.92135e+15 3.83776e+14 3.56623e+14 
182800 7.24064e+19 2.92197e+15 3.83559e+14 3.56406e+14 
183000 7.24064e+19 2.92194e+15 3.83939e+14 3.56189e+14 
183200 7.24064e+19 2.92212e+15 3.84047e+14 3.55809e+14 
183400 7.24064e+19 2.9222e+15 3.84808e+14 3.56297e+14 
183600 7.24064e+19 2.92217e+15 3.85079e+14 3.55972e+14 
183800 7.24064e+19 2.92219e+15 3.84699e+14 3.55646e+14 
184000 7.24064e+19 2.92156e+15 3.84808e+14 3.55048e+14 
184200 7.24064e+19 2.92164e+15 3.8459e+14 3.54723e+14 
184400 7.24064e+19 2.92156e+15 3.84482e+14 3.5456e+14 
184600 7.24064e+19 2.92185e+15 3.84102e+14 3.53799e+14 
184800 7.24064e+19 2.92144e+15 3.83939e+14 3.53745e+14 
185000 7.24064e+19 2.9213e+15 3.83613e+14 3.53854e+14 
185200 7.24064e+19 2.92072e+15 3.83613e+14 3.53908e+14 
185400 7.24064e+19 2.92063e+15 3.82907e+14 3.53365e+14 
185600 7.24064e+19 2.92022e+15 3.82744e+14 3.53365e+14 
185800 7.24064e+19 2.92024e+15 3.81984e+14 3.52496e+14 
186000 7.24064e+19 2.91989e+15 3.81604e+14 3.52985e+14 
186200 7.24064e+19 2.91975e+15 3.80952e+14 3.52876e+14 
186400 7.24064e+19 2.9195e+15 3.79703e+14 3.52007e+14 
186600 7.24064e+19 2.91941e+15 3.79377e+14 3.52116e+14 
186800 7.24064e+19 2.91938e+15 3.78508e+14 3.51519e+14 
187000 7.24064e+19 2.9193e+15 3.78237e+14 3.51844e+14 
187200 7.24064e+19 2.91905e+15 3.77694e+14 3.52116e+14 
187400 7.24064e+19 2.9194e+15 3.76825e+14 3.51627e+14 
187600 7.24064e+19 2.91905e+15 3.76173e+14 3.51953e+14 
187800 7.24064e+19 2.91842e+15 3.75847e+14 3.52442e+14 
188000 7.24064e+19 2.91818e+15 3.75359e+14 3.52768e+14 
188200 7.24064e+19 2.91815e+15 3.7487e+14 3.5293e+14 
188400 7.24064e+19 2.91769e+15 3.74218e+14 3.53419e+14 
188600 7.24064e+19 2.91723e+15 3.73947e+14 3.53528e+14 
188800 7.24064e+19 2.91682e+15 3.73512e+14 3.54125e+14 
189000 7.24064e+19 2.91663e+15 3.73404e+14 3.54451e+14 
189200 7.24064e+19 2.91617e+15 3.73023e+14 3.54668e+14 
189400 7.24064e+19 2.91587e+15 3.72861e+14 3.55157e+14 
189600 7.24064e+19 2.91519e+15 3.72643e+14 3.56026e+14 
189800 7.24064e+19 2.91495e+15 3.72915e+14 3.56243e+14 
190000 7.24064e+19 2.91471e+15 3.72752e+14 3.56623e+14 
190200 7.24064e+19 2.91452e+15 3.72861e+14 3.57112e+14 
190400 7.24064e+19 2.91427e+15 3.73132e+14 3.57112e+14 
190600 7.24064e+19 2.91447e+15 3.73023e+14 3.56352e+14 
190800 7.24064e+19 2.91482e+15 3.7411e+14 3.55863e+14 
191000 7.24064e+19 2.91495e+15 3.74653e+14 3.54885e+14 
191200 7.24064e+19 2.91508e+15 3.74924e+14 3.53799e+14 
191400 7.24064e+19 2.91554e+15 3.75902e+14 3.53528e+14 
191600 7.24064e+19 2.91584e+15 3.76771e+14 3.53365e+14 
191800 7.24064e+19 2.91624e+15 3.77368e+14 3.53256e+14 
192000 7.24064e+19 2.9166e+15 3.77748e+14 3.52768e+14 
192200 7.24064e+19 2.91711e+15 3.78834e+14 3.52876e+14 
192400 7.24064e+19 2.91725e+15 3.79431e+14 3.53093e+14 
192600 7.24064e+19 2.91771e+15 3.80029e+14 3.52713e+14 
192800 7.24064e+19 2.91844e+15 3.80355e+14 3.5255e+14 
193000 7.24064e+19 2.91928e+15 3.80789e+14 3.5179e+14 
193200 7.24064e+19 2.91986e+15 3.80898e+14 3.51899e+14 
193400 7.24064e+19 2.9195e+15 3.80192e+14 3.5103e+14 
193600 7.24064e+19 2.91953e+15 3.80355e+14 3.5103e+14 
193800 7.24064e+19 2.91924e+15 3.80572e+14 3.50758e+14 
194000 7.24064e+19 2.91922e+15 3.80192e+14 3.5065e+14 
194200 7.24064e+19 2.91908e+15 3.79975e+14 3.49998e+14 
194400 7.24064e+19 2.91922e+15 3.79866e+14 3.49726e+14 
194600 7.24064e+19 2.91909e+15 3.79377e+14 3.49455e+14 
194800 7.24064e+19 2.91863e+15 3.79486e+14 3.49726e+14 
195000 7.24064e+19 2.9184e+15 3.79377e+14 3.49672e+14 
195200 7.24064e+19 2.91843e+15 3.79323e+14 3.49509e+14 
195400 7.24064e+19 2.91824e+15 3.78508e+14 3.49129e+14 
195600 7.24064e+19 2.91817e+15 3.77911e+14 3.49129e+14 
195800 7.24064e+19 2.91809e+15 3.77422e+14 3.48695e+14 
196000 7.24064e+19 2.91764e+15 3.76988e+14 3.48532e+14 
196200 7.24064e+19 2.91756e+15 3.76445e+14 3.48369e+14 
196400 7.24064e+19 2.91754e+15 3.76173e+14 3.48912e+14 
196600 7.24064e+19 2.9173e+15 3.75576e+14 3.4864e+14 
196800 7.24064e+19 2.9169e+15 3.74707e+14 3.48315e+14 
197000 7.24064e+19 2.91661e+15 3.74435e+14 3.47826e+14 
197200 7.24064e+19 2.91653e+15 3.73675e+14 3.47934e+14 
197400 7.24064e+19 2.9163e+15 3.73132e+14 3.48315e+14 
197600 7.24064e+19 2.91579e+15 3.72317e+14 3.48369e+14 
197800 7.24064e+19 2.91566e+15 3.71612e+14 3.48315e+14 
198000 7.24064e+19 2.91504e+15 3.70797e+14 3.48532e+14 
198200 7.24064e+19 2.91453e+15 3.70525e+14 3.48369e+14 
198400 7.24064e+19 2.91435e+15 3.702e+14 3.4902e+14 
198600 7.24064e+19 2.91395e+15 3.69874e+14 3.49781e+14 
198800 7.24064e+19 2.91333e+15 3.69711e+14 3.50215e+14 
199000 7.24064e+19 2.91304e+15 3.69819e+14 3.51301e+14 
199200 7.24064e+19 2.91253e+15 3.69331e+14 3.51464e+14 
199400 7.24064e+19 2.91219e+15 3.68896e+14 3.52062e+14 
199600 7.24064e+19 2.91217e+15 3.68951e+14 3.5255e+14 
199800 7.24064e+19 2.91221e+15 3.68679e+14 3.53148e+14 
200000 7.24064e+19 2.91203e+15 3.68896e+14 3.53799e+14 
