Iteration / Neutral Density / Excited Density / Ion Density / Electron Density
0 7.24071e+19 3.62036e+15 5.43053e+14 5.43053e+14
200 7.24071e+19 3.603e+15 5.45606e+14 4.88911e+14 
400 7.24071e+19 3.58948e+15 5.50113e+14 4.95048e+14 
600 7.24071e+19 3.57767e+15 5.52557e+14 4.99609e+14 
800 7.24071e+19 3.56711e+15 5.53752e+14 5.04279e+14 
1000 7.24071e+19 3.55741e+15 5.52503e+14 5.04931e+14 
1200 7.24071e+19 3.54841e+15 5.51471e+14 5.05854e+14 
1400 7.24071e+19 3.5402e+15 5.48756e+14 5.06397e+14 
1600 7.24071e+19 3.53235e+15 5.46312e+14 5.02487e+14 
1800 7.24071e+19 3.5249e+15 5.43868e+14 5.00587e+14 
2000 7.24071e+19 3.51774e+15 5.40718e+14 4.98577e+14 
2200 7.24071e+19 3.51099e+15 5.38166e+14 4.97383e+14 
2400 7.24071e+19 3.50434e+15 5.35016e+14 4.94885e+14 
2600 7.24071e+19 3.49788e+15 5.32355e+14 4.91789e+14 
2800 7.24071e+19 3.49163e+15 5.29477e+14 4.89508e+14 
3000 7.24071e+19 3.48563e+15 5.26708e+14 4.86847e+14 
3200 7.24071e+19 3.47981e+15 5.2421e+14 4.83535e+14 
3400 7.24072e+19 3.47399e+15 5.21657e+14 4.81254e+14 
3600 7.24072e+19 3.46848e+15 5.20028e+14 4.79462e+14 
3800 7.24072e+19 3.46305e+15 5.17693e+14 4.7881e+14 
4000 7.24072e+19 3.45787e+15 5.16064e+14 4.76258e+14 
4200 7.24072e+19 3.45258e+15 5.13511e+14 4.74194e+14 
4400 7.24072e+19 3.44747e+15 5.11448e+14 4.72619e+14 
4600 7.24072e+19 3.4424e+15 5.09819e+14 4.71425e+14 
4800 7.24072e+19 3.43744e+15 5.07918e+14 4.69415e+14 
5000 7.24072e+19 3.43262e+15 5.06723e+14 4.68981e+14 
5200 7.24072e+19 3.42789e+15 5.04714e+14 4.67569e+14 
5400 7.24072e+19 3.42324e+15 5.0303e+14 4.6632e+14 
5600 7.24072e+19 3.41873e+15 5.01293e+14 4.65886e+14 
5800 7.24072e+19 3.41419e+15 4.99772e+14 4.63931e+14 
6000 7.24072e+19 3.40972e+15 4.97817e+14 4.63496e+14 
6200 7.24072e+19 3.40548e+15 4.96622e+14 4.62356e+14 
6400 7.24072e+19 3.4013e+15 4.95048e+14 4.62084e+14 
6600 7.24072e+19 3.39714e+15 4.93473e+14 4.61595e+14 
6800 7.24072e+19 3.39314e+15 4.92332e+14 4.60781e+14 
7000 7.24072e+19 3.38903e+15 4.90703e+14 4.60075e+14 
7200 7.24072e+19 3.38504e+15 4.89074e+14 4.59749e+14 
7400 7.24072e+19 3.38104e+15 4.88096e+14 4.5964e+14 
7600 7.24072e+19 3.3772e+15 4.8701e+14 4.59532e+14 
7800 7.24072e+19 3.37331e+15 4.85707e+14 4.58989e+14 
8000 7.24072e+19 3.36946e+15 4.84892e+14 4.58935e+14 
8200 7.24072e+19 3.36565e+15 4.83969e+14 4.58772e+14 
8400 7.24072e+19 3.36195e+15 4.82937e+14 4.5888e+14 
8600 7.24072e+19 3.3584e+15 4.81471e+14 4.5888e+14 
8800 7.24072e+19 3.35477e+15 4.80602e+14 4.58989e+14 
9000 7.24072e+19 3.35125e+15 4.79951e+14 4.59423e+14 
9200 7.24072e+19 3.34771e+15 4.79462e+14 4.60021e+14 
9400 7.24072e+19 3.34437e+15 4.79299e+14 4.60346e+14 
9600 7.24072e+19 3.34095e+15 4.79462e+14 4.61107e+14 
9800 7.24072e+19 3.33757e+15 4.812e+14 4.6203e+14 
10000 7.24072e+19 3.33445e+15 4.83481e+14 4.62736e+14 
10200 7.24072e+19 3.33129e+15 4.8663e+14 4.64365e+14 
10400 7.24072e+19 3.32812e+15 4.89671e+14 4.65505e+14 
10600 7.24072e+19 3.32508e+15 4.93255e+14 4.67135e+14 
10800 7.24072e+19 3.32203e+15 4.96351e+14 4.68818e+14 
11000 7.24072e+19 3.31889e+15 4.99664e+14 4.71099e+14 
11200 7.24072e+19 3.31606e+15 5.02868e+14 4.72619e+14 
11400 7.24072e+19 3.31315e+15 5.06234e+14 4.75226e+14 
11600 7.24072e+19 3.31027e+15 5.09004e+14 4.76692e+14 
11800 7.24072e+19 3.3073e+15 5.11176e+14 4.7805e+14 
12000 7.24072e+19 3.30441e+15 5.13837e+14 4.79082e+14 
12200 7.24071e+19 3.30155e+15 5.15412e+14 4.80439e+14 
12400 7.24071e+19 3.29877e+15 5.16715e+14 4.80982e+14 
12600 7.24071e+19 3.29607e+15 5.18182e+14 4.81797e+14 
12800 7.24071e+19 3.29329e+15 5.19051e+14 4.82123e+14 
13000 7.24071e+19 3.29031e+15 5.20028e+14 4.8272e+14 
13200 7.24071e+19 3.28746e+15 5.20843e+14 4.82612e+14 
13400 7.24071e+19 3.28501e+15 5.21331e+14 4.83318e+14 
13600 7.24071e+19 3.28231e+15 5.22309e+14 4.84024e+14 
13800 7.24071e+19 3.27969e+15 5.22635e+14 4.84404e+14 
14000 7.24071e+19 3.27704e+15 5.22798e+14 4.84458e+14 
14200 7.24071e+19 3.27435e+15 5.23775e+14 4.85218e+14 
14400 7.24071e+19 3.27168e+15 5.23341e+14 4.84892e+14 
14600 7.24071e+19 3.26914e+15 5.23829e+14 4.85924e+14 
14800 7.24071e+19 3.26635e+15 5.24155e+14 4.8625e+14 
15000 7.24071e+19 3.26396e+15 5.24372e+14 4.86902e+14 
15200 7.24071e+19 3.26115e+15 5.2459e+14 4.87608e+14 
15400 7.24071e+19 3.25847e+15 5.24753e+14 4.88205e+14 
15600 7.24071e+19 3.25586e+15 5.24264e+14 4.8864e+14 
15800 7.24071e+19 3.25311e+15 5.2497e+14 4.89834e+14 
16000 7.24071e+19 3.25053e+15 5.24698e+14 4.90377e+14 
16200 7.24071e+19 3.24797e+15 5.24155e+14 4.90866e+14 
16400 7.24071e+19 3.24532e+15 5.2459e+14 4.91844e+14 
16600 7.24071e+19 3.2428e+15 5.24644e+14 4.92495e+14 
16800 7.24071e+19 3.24029e+15 5.24698e+14 4.9369e+14 
17000 7.24071e+19 3.23763e+15 5.24427e+14 4.94396e+14 
17200 7.24071e+19 3.23498e+15 5.24155e+14 4.95265e+14 
17400 7.24071e+19 3.23257e+15 5.2421e+14 4.96025e+14 
17600 7.24071e+19 3.23007e+15 5.24264e+14 4.96568e+14 
17800 7.24071e+19 3.22758e+15 5.24264e+14 4.9798e+14 
18000 7.24071e+19 3.22505e+15 5.2459e+14 4.98795e+14 
18200 7.24071e+19 3.2227e+15 5.24427e+14 4.99989e+14 
18400 7.24071e+19 3.22025e+15 5.24155e+14 5.00695e+14 
18600 7.24071e+19 3.21793e+15 5.23992e+14 5.01673e+14 
18800 7.24071e+19 3.21545e+15 5.24155e+14 5.02759e+14 
19000 7.24071e+19 3.21299e+15 5.23938e+14 5.03628e+14 
19200 7.24071e+19 3.2106e+15 5.24155e+14 5.0466e+14 
19400 7.24071e+19 3.20822e+15 5.24372e+14 5.05854e+14 
19600 7.24071e+19 3.20607e+15 5.24481e+14 5.07049e+14 
19800 7.24071e+19 3.20377e+15 5.25024e+14 5.08244e+14 
20000 7.24071e+19 3.20137e+15 5.26165e+14 5.10796e+14 
20200 7.24071e+19 3.19915e+15 5.28065e+14 5.13023e+14 
20400 7.24071e+19 3.19683e+15 5.30618e+14 5.15032e+14 
20600 7.24071e+19 3.19474e+15 5.33279e+14 5.16281e+14 
20800 7.24071e+19 3.19272e+15 5.36102e+14 5.17747e+14 
21000 7.24071e+19 3.19071e+15 5.39361e+14 5.19919e+14 
21200 7.24071e+19 3.18876e+15 5.41587e+14 5.20625e+14 
21400 7.24071e+19 3.18661e+15 5.43651e+14 5.22146e+14 
21600 7.24071e+19 3.18442e+15 5.46475e+14 5.23721e+14 
21800 7.24071e+19 3.18261e+15 5.47615e+14 5.24698e+14 
22000 7.24071e+19 3.18049e+15 5.49733e+14 5.25024e+14 
22200 7.24071e+19 3.17844e+15 5.50819e+14 5.2535e+14 
22400 7.24071e+19 3.1764e+15 5.52122e+14 5.2611e+14 
22600 7.24071e+19 3.1742e+15 5.53209e+14 5.26382e+14 
22800 7.24071e+19 3.17207e+15 5.54458e+14 5.27088e+14 
23000 7.24071e+19 3.16978e+15 5.55327e+14 5.27522e+14 
23200 7.24071e+19 3.16762e+15 5.56738e+14 5.28228e+14 
23400 7.24071e+19 3.16557e+15 5.57662e+14 5.285e+14 
23600 7.24071e+19 3.16353e+15 5.58205e+14 5.28554e+14 
23800 7.24071e+19 3.1615e+15 5.59128e+14 5.29314e+14 
24000 7.24071e+19 3.15932e+15 5.59345e+14 5.2926e+14 
24200 7.24071e+19 3.15715e+15 5.5978e+14 5.29531e+14 
24400 7.24071e+19 3.15515e+15 5.59671e+14 5.29151e+14 
24600 7.24071e+19 3.15294e+15 5.59725e+14 5.29477e+14 
24800 7.24071e+19 3.1509e+15 5.59617e+14 5.29749e+14 
25000 7.24071e+19 3.14876e+15 5.59834e+14 5.29966e+14 
25200 7.24071e+19 3.14669e+15 5.60377e+14 5.31106e+14 
25400 7.24071e+19 3.14451e+15 5.61083e+14 5.31161e+14 
25600 7.24071e+19 3.1424e+15 5.61354e+14 5.32138e+14 
25800 7.24071e+19 3.14035e+15 5.61409e+14 5.32518e+14 
26000 7.24071e+19 3.13864e+15 5.61409e+14 5.33007e+14 
26200 7.24071e+19 3.13666e+15 5.61517e+14 5.33604e+14 
26400 7.24071e+19 3.13453e+15 5.6168e+14 5.3431e+14 
26600 7.24071e+19 3.13251e+15 5.61843e+14 5.35016e+14 
26800 7.24071e+19 3.13056e+15 5.6206e+14 5.35614e+14 
27000 7.24071e+19 3.12867e+15 5.6168e+14 5.35777e+14 
27200 7.24071e+19 3.12667e+15 5.6168e+14 5.36537e+14 
27400 7.24071e+19 3.12452e+15 5.6168e+14 5.36917e+14 
27600 7.24071e+19 3.1226e+15 5.61572e+14 5.37514e+14 
27800 7.24071e+19 3.12063e+15 5.61517e+14 5.38112e+14 
28000 7.24071e+19 3.11867e+15 5.6168e+14 5.39089e+14 
28200 7.24071e+19 3.11671e+15 5.61246e+14 5.39415e+14 
28400 7.24071e+19 3.11493e+15 5.60974e+14 5.40121e+14 
28600 7.24071e+19 3.11315e+15 5.60648e+14 5.40827e+14 
28800 7.24071e+19 3.11105e+15 5.60648e+14 5.41533e+14 
29000 7.24071e+19 3.10907e+15 5.60648e+14 5.42022e+14 
29200 7.24071e+19 3.1071e+15 5.60594e+14 5.43053e+14 
29400 7.24071e+19 3.10519e+15 5.61463e+14 5.44303e+14 
29600 7.24071e+19 3.10339e+15 5.62332e+14 5.4642e+14 
29800 7.24071e+19 3.10149e+15 5.63852e+14 5.48701e+14 
30000 7.24071e+19 3.09976e+15 5.65645e+14 5.51036e+14 
30200 7.24071e+19 3.09788e+15 5.68903e+14 5.53372e+14 
30400 7.24071e+19 3.09622e+15 5.73193e+14 5.56141e+14 
30600 7.24071e+19 3.09478e+15 5.7808e+14 5.59834e+14 
30800 7.24071e+19 3.09324e+15 5.83239e+14 5.63798e+14 
31000 7.24071e+19 3.09154e+15 5.87855e+14 5.66568e+14 
31200 7.24071e+19 3.08995e+15 5.92308e+14 5.69935e+14 
31400 7.2407e+19 3.08848e+15 5.95947e+14 5.72704e+14 
31600 7.2407e+19 3.08653e+15 5.98988e+14 5.75202e+14 
31800 7.2407e+19 3.08513e+15 6.02681e+14 5.77592e+14 
32000 7.2407e+19 3.08357e+15 6.05613e+14 5.7971e+14 
32200 7.2407e+19 3.08186e+15 6.07623e+14 5.80796e+14 
32400 7.2407e+19 3.08004e+15 6.09197e+14 5.81502e+14 
32600 7.2407e+19 3.07834e+15 6.10664e+14 5.82588e+14 
32800 7.2407e+19 3.07675e+15 6.12184e+14 5.83077e+14 
33000 7.2407e+19 3.07495e+15 6.13705e+14 5.84326e+14 
33200 7.2407e+19 3.07321e+15 6.14085e+14 5.84326e+14 
33400 7.2407e+19 3.07175e+15 6.1528e+14 5.84923e+14 
33600 7.2407e+19 3.07013e+15 6.1566e+14 5.85466e+14 
33800 7.2407e+19 3.06862e+15 6.16257e+14 5.859e+14 
34000 7.2407e+19 3.06711e+15 6.16963e+14 5.85846e+14 
34200 7.2407e+19 3.06534e+15 6.17669e+14 5.85955e+14 
34400 7.2407e+19 3.06358e+15 6.18158e+14 5.86878e+14 
34600 7.2407e+19 3.06183e+15 6.18809e+14 5.8753e+14 
34800 7.2407e+19 3.06013e+15 6.19244e+14 5.87692e+14 
35000 7.2407e+19 3.05839e+15 6.20004e+14 5.8905e+14 
35200 7.2407e+19 3.05675e+15 6.20221e+14 5.89159e+14 
35400 7.2407e+19 3.05513e+15 6.20058e+14 5.89485e+14 
35600 7.2407e+19 3.0534e+15 6.20547e+14 5.90136e+14 
35800 7.2407e+19 3.05162e+15 6.20764e+14 5.90625e+14 
36000 7.2407e+19 3.05007e+15 6.20493e+14 5.90897e+14 
36200 7.2407e+19 3.04846e+15 6.20927e+14 5.91874e+14 
36400 7.2407e+19 3.04676e+15 6.20384e+14 5.92037e+14 
36600 7.2407e+19 3.04494e+15 6.20004e+14 5.92146e+14 
36800 7.2407e+19 3.0433e+15 6.19461e+14 5.92363e+14 
37000 7.2407e+19 3.0415e+15 6.19407e+14 5.9296e+14 
37200 7.2407e+19 3.0397e+15 6.19081e+14 5.93286e+14 
37400 7.2407e+19 3.03818e+15 6.19027e+14 5.93938e+14 
37600 7.2407e+19 3.03645e+15 6.18755e+14 5.94535e+14 
37800 7.2407e+19 3.03478e+15 6.18375e+14 5.95078e+14 
38000 7.2407e+19 3.033e+15 6.18212e+14 5.95675e+14 
38200 7.2407e+19 3.03128e+15 6.17886e+14 5.9611e+14 
38400 7.2407e+19 3.02962e+15 6.17941e+14 5.97087e+14 
38600 7.2407e+19 3.02786e+15 6.17832e+14 5.98011e+14 
38800 7.2407e+19 3.0261e+15 6.18049e+14 5.98771e+14 
39000 7.2407e+19 3.02435e+15 6.18266e+14 5.99585e+14 
39200 7.2407e+19 3.02265e+15 6.19027e+14 6.01486e+14 
39400 7.2407e+19 3.02107e+15 6.19461e+14 6.02844e+14 
39600 7.2407e+19 3.01944e+15 6.20221e+14 6.04093e+14 
39800 7.2407e+19 3.01775e+15 6.21416e+14 6.06374e+14 
40000 7.2407e+19 3.01624e+15 6.23425e+14 6.08926e+14 
40200 7.2407e+19 3.01478e+15 6.26249e+14 6.11858e+14 
40400 7.2407e+19 3.01371e+15 6.29725e+14 6.14031e+14 
40600 7.2407e+19 3.01226e+15 6.34069e+14 6.168e+14 
40800 7.2407e+19 3.01093e+15 6.3912e+14 6.19787e+14 
41000 7.2407e+19 3.00949e+15 6.43953e+14 6.24131e+14 
41200 7.2407e+19 3.00806e+15 6.49166e+14 6.27661e+14 
41400 7.2407e+19 3.00641e+15 6.54271e+14 6.31354e+14 
41600 7.2407e+19 3.0052e+15 6.58778e+14 6.35698e+14 
41800 7.2407e+19 3.00372e+15 6.62634e+14 6.38305e+14 
42000 7.2407e+19 3.00214e+15 6.65512e+14 6.40749e+14 
42200 7.2407e+19 3.00089e+15 6.68227e+14 6.42215e+14 
42400 7.2407e+19 2.99959e+15 6.70508e+14 6.43518e+14 
42600 7.2407e+19 2.99829e+15 6.71866e+14 6.44767e+14 
42800 7.2407e+19 2.99689e+15 6.74255e+14 6.45962e+14 
43000 7.2407e+19 2.99544e+15 6.75559e+14 6.46668e+14 
43200 7.2407e+19 2.99377e+15 6.77025e+14 6.47374e+14 
43400 7.24069e+19 2.99238e+15 6.77296e+14 6.47537e+14 
43600 7.24069e+19 2.99088e+15 6.78437e+14 6.48189e+14 
43800 7.24069e+19 2.9895e+15 6.79794e+14 6.49112e+14 
44000 7.24069e+19 2.98807e+15 6.80392e+14 6.49275e+14 
44200 7.24069e+19 2.98653e+15 6.80772e+14 6.50089e+14 
44400 7.24069e+19 2.985e+15 6.81261e+14 6.50144e+14 
44600 7.24069e+19 2.98357e+15 6.81478e+14 6.50632e+14 
44800 7.24069e+19 2.98216e+15 6.81804e+14 6.51121e+14 
45000 7.24069e+19 2.98079e+15 6.8251e+14 6.51121e+14 
45200 7.24069e+19 2.97917e+15 6.82564e+14 6.51827e+14 
45400 7.24069e+19 2.9776e+15 6.82727e+14 6.52316e+14 
45600 7.24069e+19 2.97608e+15 6.83216e+14 6.53022e+14 
45800 7.24069e+19 2.97468e+15 6.83541e+14 6.53728e+14 
46000 7.24069e+19 2.9734e+15 6.84139e+14 6.54434e+14 
46200 7.24069e+19 2.97189e+15 6.83596e+14 6.55085e+14 
46400 7.24069e+19 2.97045e+15 6.83976e+14 6.55846e+14 
46600 7.24069e+19 2.96912e+15 6.84084e+14 6.56389e+14 
46800 7.24069e+19 2.96768e+15 6.84519e+14 6.57258e+14 
47000 7.24069e+19 2.96614e+15 6.84465e+14 6.58072e+14 
47200 7.24069e+19 2.96454e+15 6.84899e+14 6.58561e+14 
47400 7.24069e+19 2.96301e+15 6.84519e+14 6.58941e+14 
47600 7.24069e+19 2.96153e+15 6.84084e+14 6.59376e+14 
47800 7.24069e+19 2.95995e+15 6.83704e+14 6.59756e+14 
48000 7.24069e+19 2.95837e+15 6.83759e+14 6.60787e+14 
48200 7.24069e+19 2.95695e+15 6.83867e+14 6.61439e+14 
48400 7.24069e+19 2.95565e+15 6.83759e+14 6.61982e+14 
48600 7.24069e+19 2.95408e+15 6.83922e+14 6.63177e+14 
48800 7.24069e+19 2.95268e+15 6.84356e+14 6.64643e+14 
49000 7.24069e+19 2.95111e+15 6.84465e+14 6.65892e+14 
49200 7.24069e+19 2.94977e+15 6.8479e+14 6.66707e+14 
49400 7.24069e+19 2.94821e+15 6.85388e+14 6.6801e+14 
49600 7.24069e+19 2.94676e+15 6.85985e+14 6.69476e+14 
49800 7.24069e+19 2.94548e+15 6.87289e+14 6.7192e+14 
50000 7.24069e+19 2.9441e+15 6.89026e+14 6.74038e+14 
50200 7.24069e+19 2.94261e+15 6.92067e+14 6.76699e+14 
50400 7.24069e+19 2.94128e+15 6.9576e+14 6.78871e+14 
50600 7.24069e+19 2.94001e+15 6.99942e+14 6.81967e+14 
50800 7.24069e+19 2.9388e+15 7.04286e+14 6.84845e+14 
51000 7.24069e+19 2.93754e+15 7.08631e+14 6.87832e+14 
51200 7.24069e+19 2.93639e+15 7.12758e+14 6.90818e+14 
51400 7.24069e+19 2.93518e+15 7.17048e+14 6.93371e+14 
51600 7.24069e+19 2.93393e+15 7.20469e+14 6.9576e+14 
51800 7.24069e+19 2.93273e+15 7.2351e+14 6.98204e+14 
52000 7.24069e+19 2.93137e+15 7.26008e+14 6.99779e+14 
52200 7.24069e+19 2.93007e+15 7.27637e+14 7.00485e+14 
52400 7.24069e+19 2.92861e+15 7.28941e+14 7.00973e+14 
52600 7.24069e+19 2.92748e+15 7.29647e+14 7.01299e+14 
52800 7.24069e+19 2.92614e+15 7.30407e+14 7.01354e+14 
53000 7.24069e+19 2.9249e+15 7.3171e+14 7.01951e+14 
53200 7.24069e+19 2.92346e+15 7.32796e+14 7.02114e+14 
53400 7.24069e+19 2.92201e+15 7.33828e+14 7.03091e+14 
53600 7.24069e+19 2.92068e+15 7.34371e+14 7.03417e+14 
53800 7.24069e+19 2.91929e+15 7.34697e+14 7.032e+14 
54000 7.24069e+19 2.91791e+15 7.34969e+14 7.02983e+14 
54200 7.24069e+19 2.91659e+15 7.34426e+14 7.02657e+14 
54400 7.24069e+19 2.91521e+15 7.33937e+14 7.02005e+14 
54600 7.24069e+19 2.91378e+15 7.33665e+14 7.01679e+14 
54800 7.24069e+19 2.91241e+15 7.33665e+14 7.02331e+14 
55000 7.24069e+19 2.91093e+15 7.33882e+14 7.01842e+14 
55200 7.24069e+19 2.90946e+15 7.33339e+14 7.01408e+14 
55400 7.24069e+19 2.90804e+15 7.32959e+14 7.01571e+14 
55600 7.24069e+19 2.90663e+15 7.33014e+14 7.01842e+14 
55800 7.24069e+19 2.90511e+15 7.32688e+14 7.01517e+14 
56000 7.24069e+19 2.90386e+15 7.32145e+14 7.01897e+14 
56200 7.24069e+19 2.90256e+15 7.31982e+14 7.02222e+14 
56400 7.24069e+19 2.90116e+15 7.32362e+14 7.02766e+14 
56600 7.24069e+19 2.89971e+15 7.31547e+14 7.03309e+14 
56800 7.24069e+19 2.89831e+15 7.31384e+14 7.03634e+14 
57000 7.24069e+19 2.89697e+15 7.3095e+14 7.04177e+14 
57200 7.24069e+19 2.89568e+15 7.30896e+14 7.0434e+14 
57400 7.24069e+19 2.89429e+15 7.30678e+14 7.04938e+14 
57600 7.24069e+19 2.89306e+15 7.3019e+14 7.05101e+14 
57800 7.24069e+19 2.89168e+15 7.29701e+14 7.05481e+14 
58000 7.24069e+19 2.89029e+15 7.29484e+14 7.0597e+14 
58200 7.24069e+19 2.88886e+15 7.28832e+14 7.06295e+14 
58400 7.24069e+19 2.88753e+15 7.28832e+14 7.0673e+14 
58600 7.24069e+19 2.88621e+15 7.28886e+14 7.0749e+14 
58800 7.24069e+19 2.88478e+15 7.28561e+14 7.08359e+14 
59000 7.24069e+19 2.88341e+15 7.28669e+14 7.09282e+14 
59200 7.24069e+19 2.88204e+15 7.28995e+14 7.10585e+14 
59400 7.24069e+19 2.88068e+15 7.29321e+14 7.11672e+14 
59600 7.24069e+19 2.87926e+15 7.29973e+14 7.13355e+14 
59800 7.24069e+19 2.8779e+15 7.30678e+14 7.1493e+14 
60000 7.24069e+19 2.8767e+15 7.31873e+14 7.16722e+14 
60200 7.24069e+19 2.87534e+15 7.34154e+14 7.19111e+14 
60400 7.24069e+19 2.87437e+15 7.38118e+14 7.22153e+14 
60600 7.24069e+19 2.87318e+15 7.4268e+14 7.25085e+14 
60800 7.24069e+19 2.87232e+15 7.47079e+14 7.278e+14 
61000 7.24069e+19 2.87113e+15 7.51152e+14 7.30787e+14 
61200 7.24069e+19 2.87017e+15 7.55224e+14 7.34045e+14 
61400 7.24069e+19 2.86931e+15 7.58483e+14 7.36381e+14 
61600 7.24068e+19 2.86824e+15 7.61795e+14 7.38498e+14 
61800 7.24068e+19 2.86723e+15 7.65162e+14 7.40562e+14 
62000 7.24068e+19 2.86616e+15 7.66954e+14 7.41377e+14 
62200 7.24068e+19 2.86515e+15 7.69018e+14 7.43114e+14 
62400 7.24068e+19 2.86404e+15 7.7043e+14 7.4306e+14 
62600 7.24068e+19 2.86293e+15 7.71625e+14 7.43549e+14 
62800 7.24068e+19 2.86171e+15 7.73254e+14 7.45178e+14 
63000 7.24068e+19 2.86033e+15 7.74503e+14 7.44744e+14 
63200 7.24068e+19 2.85906e+15 7.75643e+14 7.45612e+14 
63400 7.24068e+19 2.85785e+15 7.76621e+14 7.45938e+14 
63600 7.24068e+19 2.85642e+15 7.77598e+14 7.46753e+14 
63800 7.24068e+19 2.85532e+15 7.78196e+14 7.47024e+14 
64000 7.24068e+19 2.85416e+15 7.78413e+14 7.47187e+14 
64200 7.24068e+19 2.85274e+15 7.78304e+14 7.46373e+14 
64400 7.24068e+19 2.85149e+15 7.78359e+14 7.47133e+14 
64600 7.24068e+19 2.85034e+15 7.78902e+14 7.47296e+14 
64800 7.24068e+19 2.84903e+15 7.79282e+14 7.47785e+14 
65000 7.24068e+19 2.84778e+15 7.79445e+14 7.48273e+14 
65200 7.24068e+19 2.84642e+15 7.79608e+14 7.48382e+14 
65400 7.24068e+19 2.84512e+15 7.79662e+14 7.48382e+14 
65600 7.24068e+19 2.84377e+15 7.79608e+14 7.48762e+14 
65800 7.24068e+19 2.84253e+15 7.79445e+14 7.4936e+14 
66000 7.24068e+19 2.84118e+15 7.79227e+14 7.48979e+14 
66200 7.24068e+19 2.83978e+15 7.79119e+14 7.4974e+14 
66400 7.24068e+19 2.83849e+15 7.79608e+14 7.50663e+14 
66600 7.24068e+19 2.8372e+15 7.79988e+14 7.51423e+14 
66800 7.24068e+19 2.83591e+15 7.79771e+14 7.51586e+14 
67000 7.24068e+19 2.83473e+15 7.79499e+14 7.52075e+14 
67200 7.24068e+19 2.83345e+15 7.79065e+14 7.53052e+14 
67400 7.24068e+19 2.83222e+15 7.78902e+14 7.53052e+14 
67600 7.24068e+19 2.83111e+15 7.78902e+14 7.53541e+14 
67800 7.24068e+19 2.82983e+15 7.79282e+14 7.55116e+14 
68000 7.24068e+19 2.82855e+15 7.79608e+14 7.56256e+14 
68200 7.24068e+19 2.82734e+15 7.80096e+14 7.57397e+14 
68400 7.24068e+19 2.82601e+15 7.80422e+14 7.58266e+14 
68600 7.24068e+19 2.82479e+15 7.80476e+14 7.5908e+14 
68800 7.24068e+19 2.82353e+15 7.80585e+14 7.60329e+14 
69000 7.24068e+19 2.82242e+15 7.80585e+14 7.61524e+14 
69200 7.24068e+19 2.82127e+15 7.8102e+14 7.62827e+14 
69400 7.24068e+19 2.82012e+15 7.814e+14 7.63968e+14 
69600 7.24068e+19 2.81891e+15 7.82269e+14 7.65651e+14 
69800 7.24068e+19 2.81765e+15 7.82757e+14 7.66846e+14 
70000 7.24068e+19 2.81656e+15 7.83952e+14 7.68041e+14 
70200 7.24068e+19 2.81574e+15 7.86233e+14 7.7005e+14 
70400 7.24068e+19 2.81454e+15 7.89437e+14 7.71407e+14 
70600 7.24068e+19 2.81367e+15 7.93455e+14 7.7396e+14 
70800 7.24068e+19 2.81274e+15 7.98343e+14 7.77761e+14 
71000 7.24068e+19 2.81215e+15 8.01981e+14 7.79879e+14 
71200 7.24068e+19 2.81112e+15 8.04968e+14 7.81345e+14 
71400 7.24068e+19 2.81009e+15 8.07955e+14 7.83463e+14 
71600 7.24068e+19 2.80912e+15 8.10019e+14 7.84332e+14 
71800 7.24068e+19 2.80782e+15 8.11593e+14 7.84767e+14 
72000 7.24068e+19 2.80664e+15 8.13114e+14 7.85581e+14 
72200 7.24068e+19 2.80556e+15 8.14743e+14 7.86559e+14 
72400 7.24068e+19 2.8046e+15 8.16101e+14 7.86287e+14 
72600 7.24068e+19 2.80342e+15 8.16698e+14 7.86559e+14 
72800 7.24068e+19 2.80251e+15 8.17784e+14 7.86776e+14 
73000 7.24068e+19 2.80156e+15 8.1887e+14 7.86287e+14 
73200 7.24068e+19 2.80044e+15 8.19033e+14 7.86341e+14 
73400 7.24068e+19 2.79943e+15 8.18762e+14 7.85635e+14 
73600 7.24068e+19 2.79815e+15 8.19088e+14 7.85798e+14 
73800 7.24068e+19 2.79698e+15 8.18599e+14 7.84875e+14 
74000 7.24068e+19 2.79586e+15 8.18382e+14 7.84984e+14 
74200 7.24068e+19 2.79464e+15 8.1811e+14 7.84604e+14 
74400 7.24068e+19 2.79347e+15 8.18164e+14 7.84061e+14 
74600 7.24068e+19 2.79236e+15 8.18219e+14 7.84006e+14 
74800 7.24068e+19 2.79137e+15 8.1773e+14 7.83898e+14 
75000 7.24068e+19 2.79021e+15 8.17133e+14 7.83409e+14 
75200 7.24068e+19 2.7891e+15 8.1659e+14 7.833e+14 
75400 7.24068e+19 2.788e+15 8.16752e+14 7.82975e+14 
75600 7.24068e+19 2.78695e+15 8.16101e+14 7.83083e+14 
75800 7.24068e+19 2.78596e+15 8.15938e+14 7.83518e+14 
76000 7.24068e+19 2.78486e+15 8.15341e+14 7.82812e+14 
76200 7.24068e+19 2.78361e+15 8.14417e+14 7.8254e+14 
76400 7.24068e+19 2.78246e+15 8.13494e+14 7.82486e+14 
76600 7.24068e+19 2.78115e+15 8.13005e+14 7.82377e+14 
76800 7.24068e+19 2.7799e+15 8.12788e+14 7.82812e+14 
77000 7.24068e+19 2.7787e+15 8.12625e+14 7.83789e+14 
77200 7.24068e+19 2.77761e+15 8.12299e+14 7.84006e+14 
77400 7.24068e+19 2.77652e+15 8.12137e+14 7.8493e+14 
77600 7.24068e+19 2.77555e+15 8.11756e+14 7.84767e+14 
77800 7.24068e+19 2.77452e+15 8.11431e+14 7.86124e+14 
78000 7.24068e+19 2.77344e+15 8.11213e+14 7.86233e+14 
78200 7.24068e+19 2.77231e+15 8.11376e+14 7.87319e+14 
78400 7.24068e+19 2.77101e+15 8.11648e+14 7.88568e+14 
78600 7.24068e+19 2.76977e+15 8.11322e+14 7.89057e+14 
78800 7.24068e+19 2.76881e+15 8.11376e+14 7.90089e+14 
79000 7.24068e+19 2.76779e+15 8.11811e+14 7.91772e+14 
79200 7.24068e+19 2.76656e+15 8.11919e+14 7.92804e+14 
79400 7.24068e+19 2.76543e+15 8.12191e+14 7.93836e+14 
79600 7.24068e+19 2.76436e+15 8.12408e+14 7.95139e+14 
79800 7.24068e+19 2.76324e+15 8.12245e+14 7.96171e+14 
80000 7.24068e+19 2.76229e+15 8.13766e+14 7.978e+14 
80200 7.24068e+19 2.7616e+15 8.15666e+14 7.99809e+14 
80400 7.24068e+19 2.76065e+15 8.17784e+14 8.00624e+14 
80600 7.24068e+19 2.7597e+15 8.19576e+14 8.01384e+14 
80800 7.24068e+19 2.7588e+15 8.22835e+14 8.02524e+14 
81000 7.24068e+19 2.75774e+15 8.25007e+14 8.03936e+14 
81200 7.24068e+19 2.75669e+15 8.27831e+14 8.0524e+14 
81400 7.24068e+19 2.75579e+15 8.30709e+14 8.06815e+14 
81600 7.24068e+19 2.75507e+15 8.32935e+14 8.08444e+14 
81800 7.24068e+19 2.75412e+15 8.35433e+14 8.09584e+14 
82000 7.24067e+19 2.75324e+15 8.37986e+14 8.1029e+14 
82200 7.24067e+19 2.75246e+15 8.39778e+14 8.11756e+14 
82400 7.24067e+19 2.75141e+15 8.41407e+14 8.12571e+14 
82600 7.24067e+19 2.75064e+15 8.42928e+14 8.12897e+14 
82800 7.24067e+19 2.74959e+15 8.43905e+14 8.13168e+14 
83000 7.24067e+19 2.74855e+15 8.44665e+14 8.1344e+14 
83200 7.24067e+19 2.74756e+15 8.45046e+14 8.1344e+14 
83400 7.24067e+19 2.74652e+15 8.45046e+14 8.12734e+14 
83600 7.24067e+19 2.74543e+15 8.44991e+14 8.12191e+14 
83800 7.24067e+19 2.74439e+15 8.44991e+14 8.12408e+14 
84000 7.24067e+19 2.74341e+15 8.45154e+14 8.12299e+14 
84200 7.24067e+19 2.74237e+15 8.46077e+14 8.1306e+14 
84400 7.24067e+19 2.74139e+15 8.46023e+14 8.12842e+14 
84600 7.24067e+19 2.74036e+15 8.44937e+14 8.12028e+14 
84800 7.24067e+19 2.73928e+15 8.45589e+14 8.12299e+14 
85000 7.24067e+19 2.73825e+15 8.4548e+14 8.12354e+14 
85200 7.24067e+19 2.737e+15 8.45154e+14 8.12625e+14 
85400 7.24067e+19 2.73587e+15 8.44991e+14 8.1268e+14 
85600 7.24067e+19 2.73479e+15 8.45154e+14 8.1306e+14 
85800 7.24067e+19 2.73371e+15 8.44611e+14 8.13168e+14 
86000 7.24067e+19 2.7328e+15 8.44937e+14 8.12951e+14 
86200 7.24067e+19 2.73178e+15 8.44502e+14 8.13494e+14 
86400 7.24067e+19 2.73076e+15 8.44394e+14 8.13983e+14 
86600 7.24067e+19 2.72979e+15 8.44448e+14 8.1458e+14 
86800 7.24067e+19 2.72867e+15 8.43797e+14 8.14743e+14 
87000 7.24067e+19 2.72744e+15 8.43471e+14 8.15178e+14 
87200 7.24067e+19 2.72637e+15 8.43742e+14 8.15558e+14 
87400 7.24067e+19 2.72525e+15 8.43416e+14 8.16427e+14 
87600 7.24067e+19 2.72402e+15 8.43634e+14 8.17513e+14 
87800 7.24067e+19 2.72312e+15 8.43905e+14 8.18545e+14 
88000 7.24067e+19 2.72205e+15 8.44394e+14 8.19631e+14 
88200 7.24067e+19 2.7211e+15 8.44557e+14 8.20934e+14 
88400 7.24067e+19 2.72004e+15 8.44394e+14 8.21531e+14 
88600 7.24067e+19 2.71903e+15 8.45263e+14 8.22835e+14 
88800 7.24067e+19 2.71798e+15 8.45317e+14 8.23975e+14 
89000 7.24067e+19 2.71686e+15 8.451e+14 8.24681e+14 
89200 7.24067e+19 2.71592e+15 8.45371e+14 8.25876e+14 
89400 7.24067e+19 2.71497e+15 8.45643e+14 8.27233e+14 
89600 7.24067e+19 2.71387e+15 8.46132e+14 8.287e+14 
89800 7.24067e+19 2.71292e+15 8.46783e+14 8.30057e+14 
90000 7.24067e+19 2.71198e+15 8.47489e+14 8.30655e+14 
90200 7.24067e+19 2.7112e+15 8.49064e+14 8.31415e+14 
90400 7.24067e+19 2.71037e+15 8.51073e+14 8.32392e+14 
90600 7.24067e+19 2.70971e+15 8.53897e+14 8.34022e+14 
90800 7.24067e+19 2.70899e+15 8.57916e+14 8.36683e+14 
91000 7.24067e+19 2.70794e+15 8.60957e+14 8.38475e+14 
91200 7.24067e+19 2.70717e+15 8.63455e+14 8.39506e+14 
91400 7.24067e+19 2.70613e+15 8.65084e+14 8.40538e+14 
91600 7.24067e+19 2.70536e+15 8.67039e+14 8.41461e+14 
91800 7.24067e+19 2.70454e+15 8.68886e+14 8.41624e+14 
92000 7.24067e+19 2.70361e+15 8.70895e+14 8.42873e+14 
92200 7.24067e+19 2.70252e+15 8.7209e+14 8.43145e+14 
92400 7.24067e+19 2.70148e+15 8.73067e+14 8.43091e+14 
92600 7.24067e+19 2.70056e+15 8.7437e+14 8.43579e+14 
92800 7.24067e+19 2.69952e+15 8.74859e+14 8.43416e+14 
93000 7.24067e+19 2.69882e+15 8.75837e+14 8.43579e+14 
93200 7.24067e+19 2.6979e+15 8.77194e+14 8.44231e+14 
93400 7.24067e+19 2.69687e+15 8.7752e+14 8.44014e+14 
93600 7.24067e+19 2.69589e+15 8.77412e+14 8.43688e+14 
93800 7.24067e+19 2.69503e+15 8.7752e+14 8.43471e+14 
94000 7.24067e+19 2.694e+15 8.77357e+14 8.43308e+14 
94200 7.24067e+19 2.69292e+15 8.779e+14 8.43308e+14 
94400 7.24067e+19 2.69184e+15 8.77737e+14 8.43525e+14 
94600 7.24067e+19 2.69087e+15 8.7752e+14 8.42928e+14 
94800 7.24067e+19 2.68996e+15 8.7752e+14 8.43253e+14 
95000 7.24067e+19 2.68877e+15 8.77629e+14 8.43579e+14 
95200 7.24067e+19 2.6877e+15 8.77303e+14 8.43634e+14 
95400 7.24067e+19 2.68652e+15 8.77249e+14 8.43797e+14 
95600 7.24067e+19 2.68544e+15 8.76923e+14 8.44177e+14 
95800 7.24067e+19 2.68437e+15 8.76651e+14 8.43742e+14 
96000 7.24067e+19 2.6833e+15 8.76217e+14 8.43471e+14 
96200 7.24067e+19 2.68223e+15 8.75728e+14 8.43905e+14 
96400 7.24067e+19 2.68122e+15 8.75348e+14 8.44122e+14 
96600 7.24067e+19 2.68015e+15 8.74968e+14 8.43959e+14 
96800 7.24067e+19 2.67903e+15 8.74316e+14 8.44177e+14 
97000 7.24067e+19 2.67791e+15 8.73284e+14 8.44231e+14 
97200 7.24067e+19 2.67685e+15 8.72741e+14 8.4434e+14 
97400 7.24067e+19 2.67584e+15 8.72307e+14 8.4434e+14 
97600 7.24067e+19 2.67489e+15 8.71709e+14 8.44285e+14 
97800 7.24067e+19 2.67394e+15 8.71004e+14 8.44883e+14 
98000 7.24067e+19 2.67304e+15 8.70623e+14 8.45317e+14 
98200 7.24067e+19 2.67209e+15 8.70026e+14 8.45914e+14 
98400 7.24067e+19 2.67093e+15 8.69754e+14 8.45914e+14 
98600 7.24067e+19 2.66998e+15 8.69537e+14 8.46892e+14 
98800 7.24067e+19 2.66898e+15 8.69374e+14 8.47707e+14 
99000 7.24067e+19 2.66803e+15 8.6932e+14 8.48684e+14 
99200 7.24067e+19 2.66714e+15 8.69483e+14 8.50313e+14 
99400 7.24067e+19 2.66604e+15 8.69809e+14 8.51399e+14 
99600 7.24067e+19 2.6651e+15 8.7008e+14 8.52648e+14 
99800 7.24067e+19 2.66399e+15 8.71166e+14 8.54277e+14 
100000 7.24067e+19 2.66305e+15 8.7247e+14 8.5645e+14 
100200 7.24067e+19 2.66217e+15 8.74968e+14 8.58568e+14 
100400 7.24067e+19 2.66145e+15 8.779e+14 8.59491e+14 
100600 7.24067e+19 2.66051e+15 8.81104e+14 8.615e+14 
100800 7.24067e+19 2.65979e+15 8.84471e+14 8.63835e+14 
101000 7.24067e+19 2.65902e+15 8.87458e+14 8.65682e+14 
101200 7.24067e+19 2.65803e+15 8.89793e+14 8.66388e+14 
101400 7.24067e+19 2.65732e+15 8.91802e+14 8.67582e+14 
101600 7.24067e+19 2.65655e+15 8.94246e+14 8.68668e+14 
101800 7.24067e+19 2.65562e+15 8.9555e+14 8.68994e+14 
102000 7.24067e+19 2.65458e+15 8.9707e+14 8.69646e+14 
102200 7.24067e+19 2.65355e+15 8.98265e+14 8.70026e+14 
102400 7.24067e+19 2.65273e+15 8.99785e+14 8.70895e+14 
102600 7.24067e+19 2.6518e+15 9.00437e+14 8.70352e+14 
102800 7.24067e+19 2.65104e+15 9.00709e+14 8.70406e+14 
103000 7.24067e+19 2.65017e+15 9.01089e+14 8.69266e+14 
103200 7.24067e+19 2.6493e+15 9.01252e+14 8.68994e+14 
103400 7.24067e+19 2.64854e+15 9.02066e+14 8.69429e+14 
103600 7.24067e+19 2.64746e+15 9.02229e+14 8.69483e+14 
103800 7.24067e+19 2.64653e+15 9.03044e+14 8.69537e+14 
104000 7.24067e+19 2.64561e+15 9.02718e+14 8.69374e+14 
104200 7.24067e+19 2.64464e+15 9.02881e+14 8.6932e+14 
104400 7.24067e+19 2.64372e+15 9.02664e+14 8.69103e+14 
104600 7.24067e+19 2.64275e+15 9.02935e+14 8.69049e+14 
104800 7.24067e+19 2.642e+15 9.03152e+14 8.69211e+14 
105000 7.24067e+19 2.64119e+15 9.03478e+14 8.69429e+14 
105200 7.24067e+19 2.64033e+15 9.03207e+14 8.68994e+14 
105400 7.24067e+19 2.63942e+15 9.02664e+14 8.69049e+14 
105600 7.24067e+19 2.6384e+15 9.02066e+14 8.68777e+14 
105800 7.24067e+19 2.63738e+15 9.01849e+14 8.68886e+14 
106000 7.24067e+19 2.63636e+15 9.01414e+14 8.69266e+14 
106200 7.24067e+19 2.6354e+15 9.01143e+14 8.6894e+14 
106400 7.24067e+19 2.63438e+15 9.0022e+14 8.68777e+14 
106600 7.24067e+19 2.63342e+15 8.99894e+14 8.6856e+14 
106800 7.24067e+19 2.63273e+15 8.99622e+14 8.6856e+14 
107000 7.24067e+19 2.63177e+15 8.98754e+14 8.68451e+14 
107200 7.24067e+19 2.63092e+15 8.98048e+14 8.69049e+14 
107400 7.24067e+19 2.63002e+15 8.98156e+14 8.69754e+14 
107600 7.24067e+19 2.62906e+15 8.98156e+14 8.70569e+14 
107800 7.24067e+19 2.6281e+15 8.98048e+14 8.70949e+14 
108000 7.24067e+19 2.62709e+15 8.97287e+14 8.71384e+14 
108200 7.24067e+19 2.62609e+15 8.96744e+14 8.71764e+14 
108400 7.24067e+19 2.62497e+15 8.96744e+14 8.72578e+14 
108600 7.24067e+19 2.62402e+15 8.96255e+14 8.73013e+14 
108800 7.24067e+19 2.62317e+15 8.96201e+14 8.73882e+14 
109000 7.24067e+19 2.62217e+15 8.96418e+14 8.75239e+14 
109200 7.24067e+19 2.62116e+15 8.9631e+14 8.76271e+14 
109400 7.24067e+19 2.62011e+15 8.96418e+14 8.77412e+14 
109600 7.24067e+19 2.61916e+15 8.9631e+14 8.78606e+14 
109800 7.24067e+19 2.61821e+15 8.97179e+14 8.80235e+14 
110000 7.24067e+19 2.61743e+15 8.98428e+14 8.8105e+14 
110200 7.24067e+19 2.6167e+15 9.00383e+14 8.81865e+14 
110400 7.24067e+19 2.61603e+15 9.02501e+14 8.82353e+14 
110600 7.24067e+19 2.6153e+15 9.04673e+14 8.82679e+14 
110800 7.24066e+19 2.61463e+15 9.07334e+14 8.842e+14 
111000 7.24066e+19 2.61406e+15 9.09723e+14 8.85394e+14 
111200 7.24066e+19 2.61317e+15 9.12058e+14 8.87241e+14 
111400 7.24066e+19 2.61228e+15 9.14556e+14 8.87838e+14 
111600 7.24066e+19 2.6115e+15 9.15914e+14 8.88707e+14 
111800 7.24066e+19 2.61067e+15 9.17597e+14 8.88653e+14 
112000 7.24066e+19 2.60983e+15 9.18412e+14 8.88381e+14 
112200 7.24066e+19 2.60884e+15 9.19607e+14 8.88979e+14 
112400 7.24066e+19 2.60774e+15 9.19987e+14 8.89033e+14 
112600 7.24066e+19 2.60686e+15 9.2129e+14 8.88653e+14 
112800 7.24066e+19 2.60587e+15 9.22268e+14 8.88924e+14 
113000 7.24066e+19 2.60494e+15 9.22702e+14 8.88761e+14 
113200 7.24066e+19 2.60389e+15 9.23082e+14 8.8849e+14 
113400 7.24066e+19 2.60296e+15 9.23082e+14 8.88327e+14 
113600 7.24066e+19 2.60203e+15 9.22974e+14 8.87567e+14 
113800 7.24066e+19 2.60115e+15 9.23137e+14 8.87621e+14 
114000 7.24066e+19 2.60033e+15 9.2368e+14 8.87947e+14 
114200 7.24066e+19 2.59924e+15 9.23571e+14 8.87512e+14 
114400 7.24066e+19 2.59826e+15 9.24114e+14 8.87892e+14 
114600 7.24066e+19 2.59733e+15 9.23082e+14 8.87186e+14 
114800 7.24066e+19 2.59646e+15 9.23082e+14 8.86861e+14 
115000 7.24066e+19 2.59543e+15 9.22594e+14 8.86481e+14 
115200 7.24066e+19 2.59456e+15 9.21779e+14 8.86535e+14 
115400 7.24066e+19 2.59363e+15 9.2129e+14 8.86372e+14 
115600 7.24066e+19 2.59266e+15 9.20367e+14 8.86155e+14 
115800 7.24066e+19 2.59173e+15 9.19878e+14 8.85612e+14 
116000 7.24066e+19 2.59081e+15 9.19281e+14 8.85666e+14 
116200 7.24066e+19 2.58995e+15 9.19227e+14 8.86372e+14 
116400 7.24066e+19 2.58919e+15 9.19607e+14 8.86481e+14 
116600 7.24066e+19 2.58833e+15 9.18955e+14 8.86372e+14 
116800 7.24066e+19 2.5873e+15 9.18249e+14 8.86481e+14 
117000 7.24066e+19 2.58644e+15 9.17543e+14 8.86698e+14 
117200 7.24066e+19 2.58547e+15 9.16566e+14 8.87241e+14 
117400 7.24066e+19 2.58444e+15 9.15968e+14 8.87024e+14 
117600 7.24066e+19 2.58353e+15 9.15588e+14 8.87078e+14 
117800 7.24066e+19 2.58256e+15 9.15642e+14 8.87458e+14 
118000 7.24066e+19 2.58165e+15 9.15045e+14 8.88001e+14 
118200 7.24066e+19 2.58079e+15 9.14828e+14 8.88761e+14 
118400 7.24066e+19 2.57988e+15 9.14774e+14 8.89522e+14 
118600 7.24066e+19 2.57903e+15 9.14774e+14 8.90228e+14 
118800 7.24066e+19 2.57812e+15 9.15154e+14 8.92128e+14 
119000 7.24066e+19 2.57732e+15 9.14828e+14 8.92997e+14 
119200 7.24066e+19 2.57635e+15 9.14665e+14 8.94246e+14 
119400 7.24066e+19 2.57539e+15 9.14719e+14 8.95169e+14 
119600 7.24066e+19 2.57449e+15 9.14611e+14 8.96581e+14 
119800 7.24066e+19 2.57369e+15 9.15099e+14 8.97885e+14 
120000 7.24066e+19 2.57262e+15 9.15968e+14 8.99188e+14 
120200 7.24066e+19 2.57183e+15 9.16946e+14 8.99731e+14 
120400 7.24066e+19 2.57098e+15 9.19552e+14 9.00926e+14 
120600 7.24066e+19 2.57013e+15 9.22594e+14 9.02229e+14 
120800 7.24066e+19 2.56945e+15 9.26069e+14 9.04456e+14 
121000 7.24066e+19 2.56855e+15 9.29165e+14 9.06465e+14 
121200 7.24066e+19 2.56819e+15 9.32369e+14 9.08257e+14 
121400 7.24066e+19 2.56772e+15 9.34486e+14 9.09397e+14 
121600 7.24066e+19 2.56694e+15 9.36876e+14 9.09832e+14 
121800 7.24066e+19 2.56625e+15 9.38288e+14 9.10538e+14 
122000 7.24066e+19 2.56579e+15 9.39428e+14 9.10701e+14 
122200 7.24066e+19 2.56506e+15 9.40677e+14 9.10483e+14 
122400 7.24066e+19 2.56433e+15 9.41926e+14 9.09886e+14 
122600 7.24066e+19 2.56343e+15 9.43393e+14 9.11081e+14 
122800 7.24066e+19 2.56249e+15 9.44044e+14 9.11027e+14 
123000 7.24066e+19 2.56176e+15 9.45673e+14 9.11298e+14 
123200 7.24066e+19 2.56086e+15 9.45673e+14 9.11081e+14 
123400 7.24066e+19 2.55997e+15 9.45836e+14 9.10972e+14 
123600 7.24066e+19 2.55914e+15 9.45891e+14 9.10809e+14 
123800 7.24066e+19 2.55852e+15 9.45348e+14 9.09886e+14 
124000 7.24066e+19 2.55763e+15 9.44859e+14 9.09126e+14 
124200 7.24066e+19 2.55669e+15 9.44316e+14 9.08746e+14 
124400 7.24066e+19 2.5558e+15 9.43827e+14 9.08257e+14 
124600 7.24066e+19 2.55507e+15 9.43067e+14 9.07334e+14 
124800 7.24066e+19 2.55435e+15 9.42741e+14 9.06954e+14 
125000 7.24066e+19 2.55357e+15 9.42198e+14 9.06574e+14 
125200 7.24066e+19 2.55258e+15 9.41872e+14 9.06574e+14 
125400 7.24066e+19 2.55164e+15 9.40677e+14 9.05868e+14 
125600 7.24066e+19 2.55098e+15 9.41003e+14 9.05976e+14 
125800 7.24066e+19 2.5502e+15 9.40351e+14 9.05433e+14 
126000 7.24066e+19 2.54937e+15 9.39863e+14 9.05487e+14 
126200 7.24066e+19 2.5486e+15 9.39102e+14 9.05107e+14 
126400 7.24066e+19 2.54778e+15 9.38016e+14 9.04944e+14 
126600 7.24066e+19 2.5469e+15 9.36767e+14 9.04999e+14 
126800 7.24066e+19 2.54613e+15 9.3655e+14 9.04619e+14 
127000 7.24066e+19 2.54536e+15 9.35355e+14 9.04944e+14 
127200 7.24066e+19 2.54442e+15 9.35138e+14 9.04727e+14 
127400 7.24066e+19 2.54344e+15 9.34812e+14 9.05216e+14 
127600 7.24066e+19 2.54262e+15 9.34106e+14 9.04944e+14 
127800 7.24066e+19 2.5418e+15 9.3302e+14 9.04781e+14 
128000 7.24066e+19 2.54092e+15 9.32749e+14 9.05487e+14 
128200 7.24066e+19 2.54027e+15 9.32912e+14 9.06574e+14 
128400 7.24066e+19 2.53923e+15 9.32803e+14 9.07334e+14 
128600 7.24066e+19 2.53825e+15 9.32912e+14 9.08257e+14 
128800 7.24066e+19 2.53738e+15 9.33075e+14 9.0918e+14 
129000 7.24066e+19 2.5364e+15 9.32586e+14 9.10266e+14 
129200 7.24066e+19 2.53542e+15 9.32586e+14 9.11352e+14 
129400 7.24066e+19 2.5346e+15 9.3264e+14 9.12764e+14 
129600 7.24066e+19 2.53373e+15 9.32369e+14 9.13742e+14 
129800 7.24066e+19 2.53286e+15 9.32314e+14 9.14828e+14 
130000 7.24066e+19 2.53199e+15 9.32966e+14 9.15317e+14 
130200 7.24066e+19 2.53113e+15 9.34161e+14 9.15099e+14 
130400 7.24066e+19 2.53042e+15 9.35953e+14 9.15588e+14 
130600 7.24066e+19 2.52966e+15 9.37962e+14 9.15642e+14 
130800 7.24066e+19 2.52902e+15 9.39591e+14 9.16566e+14 
131000 7.24066e+19 2.52826e+15 9.42198e+14 9.17597e+14 
131200 7.24066e+19 2.5274e+15 9.44044e+14 9.18249e+14 
131400 7.24066e+19 2.52669e+15 9.45945e+14 9.1939e+14 
131600 7.24066e+19 2.52599e+15 9.48443e+14 9.19933e+14 
131800 7.24066e+19 2.52513e+15 9.50181e+14 9.20693e+14 
132000 7.24066e+19 2.52422e+15 9.51756e+14 9.21345e+14 
132200 7.24066e+19 2.52357e+15 9.53059e+14 9.21507e+14 
132400 7.24066e+19 2.52293e+15 9.54417e+14 9.21616e+14 
132600 7.24066e+19 2.52229e+15 9.55557e+14 9.22485e+14 
132800 7.24066e+19 2.52137e+15 9.56534e+14 9.22376e+14 
133000 7.24066e+19 2.52073e+15 9.5724e+14 9.21942e+14 
133200 7.24066e+19 2.51982e+15 9.57186e+14 9.21725e+14 
133400 7.24066e+19 2.51896e+15 9.58109e+14 9.21942e+14 
133600 7.24066e+19 2.51816e+15 9.57458e+14 9.21725e+14 
133800 7.24066e+19 2.51741e+15 9.57621e+14 9.21453e+14 
134000 7.24066e+19 2.51666e+15 9.57512e+14 9.20964e+14 
134200 7.24066e+19 2.5158e+15 9.57621e+14 9.20639e+14 
134400 7.24066e+19 2.51489e+15 9.57023e+14 9.20041e+14 
134600 7.24066e+19 2.51403e+15 9.56806e+14 9.19715e+14 
134800 7.24066e+19 2.51334e+15 9.56697e+14 9.19444e+14 
135000 7.24066e+19 2.51238e+15 9.56534e+14 9.18955e+14 
135200 7.24066e+19 2.51169e+15 9.561e+14 9.19281e+14 
135400 7.24066e+19 2.51072e+15 9.55937e+14 9.19281e+14 
135600 7.24066e+19 2.50987e+15 9.55503e+14 9.19444e+14 
135800 7.24066e+19 2.50897e+15 9.55014e+14 9.19118e+14 
136000 7.24066e+19 2.50812e+15 9.54471e+14 9.19281e+14 
136200 7.24066e+19 2.50726e+15 9.53928e+14 9.18847e+14 
136400 7.24066e+19 2.50631e+15 9.53385e+14 9.19172e+14 
136600 7.24066e+19 2.5054e+15 9.53222e+14 9.19715e+14 
136800 7.24066e+19 2.50445e+15 9.52516e+14 9.19824e+14 
137000 7.24066e+19 2.5036e+15 9.51918e+14 9.20476e+14 
137200 7.24066e+19 2.50281e+15 9.52299e+14 9.20964e+14 
137400 7.24066e+19 2.50196e+15 9.5143e+14 9.21019e+14 
137600 7.24066e+19 2.50112e+15 9.50669e+14 9.21127e+14 
137800 7.24066e+19 2.50027e+15 9.49638e+14 9.21182e+14 
138000 7.24066e+19 2.49932e+15 9.49312e+14 9.21453e+14 
138200 7.24066e+19 2.49853e+15 9.48552e+14 9.21833e+14 
138400 7.24066e+19 2.49758e+15 9.48389e+14 9.22539e+14 
138600 7.24066e+19 2.49663e+15 9.47465e+14 9.22648e+14 
138800 7.24066e+19 2.49568e+15 9.46759e+14 9.233e+14 
139000 7.24066e+19 2.49474e+15 9.46162e+14 9.24223e+14 
139200 7.24066e+19 2.49395e+15 9.46379e+14 9.25635e+14 
139400 7.24066e+19 2.493e+15 9.46108e+14 9.26666e+14 
139600 7.24066e+19 2.49217e+15 9.45836e+14 9.2797e+14 
139800 7.24066e+19 2.49122e+15 9.46108e+14 9.29056e+14 
140000 7.24066e+19 2.49049e+15 9.47628e+14 9.30414e+14 
140200 7.24066e+19 2.48988e+15 9.50126e+14 9.32043e+14 
140400 7.24066e+19 2.48915e+15 9.52842e+14 9.33455e+14 
140600 7.24066e+19 2.4887e+15 9.55557e+14 9.34812e+14 
140800 7.24066e+19 2.48813e+15 9.57946e+14 9.35573e+14 
141000 7.24066e+19 2.48735e+15 9.59521e+14 9.36604e+14 
141200 7.24066e+19 2.48669e+15 9.61856e+14 9.36985e+14 
141400 7.24066e+19 2.48602e+15 9.6392e+14 9.37962e+14 
141600 7.24066e+19 2.48519e+15 9.65929e+14 9.37908e+14 
141800 7.24066e+19 2.48457e+15 9.67504e+14 9.38777e+14 
142000 7.24066e+19 2.4838e+15 9.69079e+14 9.38939e+14 
142200 7.24066e+19 2.48318e+15 9.69785e+14 9.38885e+14 
142400 7.24066e+19 2.48252e+15 9.70002e+14 9.37962e+14 
142600 7.24066e+19 2.48164e+15 9.70762e+14 9.37799e+14 
142800 7.24065e+19 2.48081e+15 9.71197e+14 9.37365e+14 
143000 7.24065e+19 2.47998e+15 9.71523e+14 9.37039e+14 
143200 7.24065e+19 2.47937e+15 9.7136e+14 9.3655e+14 
143400 7.24065e+19 2.47871e+15 9.72283e+14 9.36767e+14 
143600 7.24065e+19 2.47794e+15 9.72337e+14 9.37093e+14 
143800 7.24065e+19 2.4775e+15 9.72555e+14 9.36279e+14 
144000 7.24065e+19 2.47684e+15 9.72446e+14 9.36007e+14 
144200 7.24065e+19 2.47596e+15 9.72174e+14 9.3541e+14 
144400 7.24065e+19 2.47503e+15 9.71631e+14 9.34975e+14 
144600 7.24065e+19 2.47426e+15 9.71034e+14 9.34215e+14 
144800 7.24065e+19 2.47371e+15 9.70219e+14 9.33563e+14 
145000 7.24065e+19 2.47273e+15 9.69839e+14 9.33618e+14 
145200 7.24065e+19 2.47175e+15 9.68916e+14 9.32749e+14 
145400 7.24065e+19 2.47098e+15 9.6859e+14 9.3226e+14 
145600 7.24065e+19 2.47022e+15 9.68156e+14 9.32369e+14 
145800 7.24065e+19 2.4694e+15 9.6783e+14 9.32151e+14 
146000 7.24066e+19 2.46869e+15 9.67178e+14 9.32206e+14 
146200 7.24066e+19 2.46814e+15 9.67015e+14 9.3226e+14 
146400 7.24066e+19 2.46727e+15 9.6669e+14 9.3264e+14 
146600 7.24066e+19 2.46651e+15 9.65984e+14 9.32477e+14 
146800 7.24066e+19 2.46591e+15 9.65278e+14 9.32694e+14 
147000 7.24066e+19 2.4651e+15 9.64517e+14 9.32477e+14 
147200 7.24066e+19 2.46423e+15 9.63431e+14 9.32369e+14 
147400 7.24066e+19 2.46331e+15 9.6316e+14 9.32423e+14 
147600 7.24066e+19 2.46244e+15 9.62562e+14 9.32749e+14 
147800 7.24066e+19 2.46152e+15 9.61856e+14 9.334e+14 
148000 7.24066e+19 2.4606e+15 9.61422e+14 9.334e+14 
148200 7.24066e+19 2.45974e+15 9.60825e+14 9.34161e+14 
148400 7.24066e+19 2.45887e+15 9.60336e+14 9.34758e+14 
148600 7.24066e+19 2.4579e+15 9.59576e+14 9.35247e+14 
148800 7.24066e+19 2.45703e+15 9.5963e+14 9.35627e+14 
149000 7.24066e+19 2.45622e+15 9.58544e+14 9.36007e+14 
149200 7.24066e+19 2.45531e+15 9.57838e+14 9.36822e+14 
149400 7.24066e+19 2.45466e+15 9.57729e+14 9.37636e+14 
149600 7.24066e+19 2.45386e+15 9.57186e+14 9.38777e+14 
149800 7.24066e+19 2.4531e+15 9.58164e+14 9.4046e+14 
150000 7.24066e+19 2.45262e+15 9.58489e+14 9.4046e+14 
150200 7.24066e+19 2.45198e+15 9.60662e+14 9.41438e+14 
150400 7.24066e+19 2.45123e+15 9.62562e+14 9.41818e+14 
150600 7.24065e+19 2.45053e+15 9.65386e+14 9.42904e+14 
150800 7.24065e+19 2.44995e+15 9.67015e+14 9.4361e+14 
151000 7.24065e+19 2.44931e+15 9.70056e+14 9.45348e+14 
151200 7.24065e+19 2.44872e+15 9.71849e+14 9.45891e+14 
151400 7.24065e+19 2.44786e+15 9.73695e+14 9.46379e+14 
151600 7.24065e+19 2.44723e+15 9.75324e+14 9.46271e+14 
151800 7.24065e+19 2.44648e+15 9.76682e+14 9.46868e+14 
152000 7.24065e+19 2.44562e+15 9.77985e+14 9.46977e+14 
152200 7.24065e+19 2.44477e+15 9.78908e+14 9.46271e+14 
152400 7.24065e+19 2.44413e+15 9.79288e+14 9.46379e+14 
152600 7.24065e+19 2.44355e+15 9.7956e+14 9.46053e+14 
152800 7.24065e+19 2.44313e+15 9.80049e+14 9.45239e+14 
153000 7.24065e+19 2.44244e+15 9.80049e+14 9.44913e+14 
153200 7.24065e+19 2.4417e+15 9.80537e+14 9.44207e+14 
153400 7.24065e+19 2.44106e+15 9.80374e+14 9.44153e+14 
153600 7.24065e+19 2.44048e+15 9.7994e+14 9.43936e+14 
153800 7.24065e+19 2.43958e+15 9.79669e+14 9.42904e+14 
154000 7.24065e+19 2.43878e+15 9.79125e+14 9.42361e+14 
154200 7.24065e+19 2.43804e+15 9.78365e+14 9.416e+14 
154400 7.24065e+19 2.43719e+15 9.78365e+14 9.41438e+14 
154600 7.24065e+19 2.43639e+15 9.77876e+14 9.40732e+14 
154800 7.24065e+19 2.43555e+15 9.76736e+14 9.40243e+14 
155000 7.24065e+19 2.43502e+15 9.75976e+14 9.39645e+14 
155200 7.24065e+19 2.43428e+15 9.75433e+14 9.39265e+14 
155400 7.24065e+19 2.43349e+15 9.74564e+14 9.38559e+14 
155600 7.24065e+19 2.4327e+15 9.73804e+14 9.37853e+14 
155800 7.24065e+19 2.43196e+15 9.73098e+14 9.37365e+14 
156000 7.24065e+19 2.43139e+15 9.72392e+14 9.36713e+14 
156200 7.24065e+19 2.43076e+15 9.71305e+14 9.36876e+14 
156400 7.24065e+19 2.43002e+15 9.70871e+14 9.36659e+14 
156600 7.24065e+19 2.42923e+15 9.70056e+14 9.36496e+14 
156800 7.24065e+19 2.42839e+15 9.69785e+14 9.36333e+14 
157000 7.24065e+19 2.42766e+15 9.69025e+14 9.36822e+14 
157200 7.24065e+19 2.42681e+15 9.6859e+14 9.3731e+14 
157400 7.24065e+19 2.42597e+15 9.67613e+14 9.37582e+14 
157600 7.24065e+19 2.42524e+15 9.67504e+14 9.38125e+14 
157800 7.24065e+19 2.42434e+15 9.66798e+14 9.38505e+14 
158000 7.24065e+19 2.42356e+15 9.66092e+14 9.38614e+14 
158200 7.24065e+19 2.42282e+15 9.65603e+14 9.39211e+14 
158400 7.24065e+19 2.42209e+15 9.64626e+14 9.39374e+14 
158600 7.24065e+19 2.4212e+15 9.64029e+14 9.40026e+14 
158800 7.24065e+19 2.42052e+15 9.63377e+14 9.40569e+14 
159000 7.24065e+19 2.41974e+15 9.63105e+14 9.41275e+14 
159200 7.24065e+19 2.41879e+15 9.62942e+14 9.42089e+14 
159400 7.24065e+19 2.41801e+15 9.62399e+14 9.42904e+14 
159600 7.24065e+19 2.41734e+15 9.61856e+14 9.43501e+14 
159800 7.24065e+19 2.4165e+15 9.61368e+14 9.44044e+14 
160000 7.24065e+19 2.41577e+15 9.62454e+14 9.4513e+14 
160200 7.24065e+19 2.41526e+15 9.64137e+14 9.46542e+14 
160400 7.24065e+19 2.41497e+15 9.66744e+14 9.47303e+14 
160600 7.24065e+19 2.41457e+15 9.68916e+14 9.4828e+14 
160800 7.24065e+19 2.41379e+15 9.71197e+14 9.48986e+14 
161000 7.24065e+19 2.41323e+15 9.73478e+14 9.49638e+14 
161200 7.24065e+19 2.41272e+15 9.75541e+14 9.50072e+14 
161400 7.24065e+19 2.41211e+15 9.77333e+14 9.50941e+14 
161600 7.24065e+19 2.41133e+15 9.79886e+14 9.52624e+14 
161800 7.24065e+19 2.41066e+15 9.81569e+14 9.53276e+14 
162000 7.24065e+19 2.40999e+15 9.83144e+14 9.53548e+14 
162200 7.24065e+19 2.40954e+15 9.84556e+14 9.53439e+14 
162400 7.24065e+19 2.40887e+15 9.85153e+14 9.53439e+14 
162600 7.24065e+19 2.4082e+15 9.86891e+14 9.54471e+14 
162800 7.24065e+19 2.40759e+15 9.88194e+14 9.54471e+14 
163000 7.24065e+19 2.40676e+15 9.89443e+14 9.54634e+14 
163200 7.24065e+19 2.40609e+15 9.89389e+14 9.54688e+14 
163400 7.24065e+19 2.40537e+15 9.90312e+14 9.54797e+14 
163600 7.24065e+19 2.40449e+15 9.9053e+14 9.54634e+14 
163800 7.24065e+19 2.40377e+15 9.90312e+14 9.54199e+14 
164000 7.24065e+19 2.40311e+15 9.90584e+14 9.54036e+14 
164200 7.24065e+19 2.40244e+15 9.90312e+14 9.53493e+14 
164400 7.24065e+19 2.40151e+15 9.89606e+14 9.52896e+14 
164600 7.24065e+19 2.4009e+15 9.89878e+14 9.53113e+14 
164800 7.24065e+19 2.40013e+15 9.89932e+14 9.5295e+14 
165000 7.24065e+19 2.39952e+15 9.89661e+14 9.53222e+14 
165200 7.24065e+19 2.39886e+15 9.90095e+14 9.53656e+14 
165400 7.24065e+19 2.39804e+15 9.90421e+14 9.53656e+14 
165600 7.24065e+19 2.39743e+15 9.90258e+14 9.53928e+14 
165800 7.24065e+19 2.39677e+15 9.89498e+14 9.53439e+14 
166000 7.24065e+19 2.39617e+15 9.89661e+14 9.54036e+14 
166200 7.24065e+19 2.39551e+15 9.89063e+14 9.54199e+14 
166400 7.24065e+19 2.39469e+15 9.88575e+14 9.54145e+14 
166600 7.24065e+19 2.39387e+15 9.88194e+14 9.54471e+14 
166800 7.24065e+19 2.393e+15 9.87488e+14 9.55014e+14 
167000 7.24065e+19 2.39234e+15 9.86945e+14 9.54362e+14 
167200 7.24065e+19 2.39152e+15 9.85479e+14 9.54525e+14 
167400 7.24065e+19 2.39092e+15 9.85045e+14 9.54742e+14 
167600 7.24065e+19 2.39004e+15 9.84284e+14 9.54905e+14 
167800 7.24065e+19 2.38923e+15 9.83524e+14 9.55557e+14 
168000 7.24065e+19 2.38835e+15 9.82981e+14 9.55611e+14 
168200 7.24065e+19 2.38759e+15 9.82601e+14 9.55937e+14 
168400 7.24065e+19 2.38694e+15 9.82167e+14 9.56372e+14 
168600 7.24065e+19 2.38612e+15 9.82167e+14 9.57186e+14 
168800 7.24065e+19 2.38541e+15 9.81569e+14 9.58327e+14 
169000 7.24065e+19 2.3846e+15 9.82004e+14 9.59467e+14 
169200 7.24065e+19 2.38378e+15 9.81786e+14 9.60119e+14 
169400 7.24065e+19 2.38302e+15 9.81515e+14 9.61476e+14 
169600 7.24065e+19 2.38221e+15 9.81298e+14 9.62942e+14 
169800 7.24065e+19 2.38134e+15 9.81243e+14 9.64029e+14 
170000 7.24065e+19 2.38058e+15 9.82547e+14 9.6468e+14 
170200 7.24065e+19 2.37982e+15 9.8499e+14 9.65549e+14 
170400 7.24065e+19 2.37901e+15 9.87163e+14 9.65984e+14 
170600 7.24065e+19 2.37858e+15 9.90367e+14 9.68427e+14 
170800 7.24065e+19 2.37782e+15 9.9243e+14 9.68645e+14 
171000 7.24065e+19 2.37723e+15 9.95146e+14 9.70056e+14 
171200 7.24065e+19 2.37653e+15 9.97644e+14 9.70708e+14 
171400 7.24065e+19 2.37577e+15 9.99381e+14 9.71305e+14 
171600 7.24065e+19 2.37529e+15 1.00068e+15 9.7174e+14 
171800 7.24065e+19 2.37448e+15 1.00242e+15 9.72011e+14 
172000 7.24065e+19 2.37367e+15 1.00438e+15 9.72609e+14 
172200 7.24065e+19 2.37291e+15 1.00622e+15 9.72717e+14 
172400 7.24065e+19 2.37216e+15 1.00715e+15 9.72935e+14 
172600 7.24065e+19 2.37152e+15 1.0078e+15 9.72609e+14 
172800 7.24065e+19 2.37082e+15 1.00856e+15 9.72935e+14 
173000 7.24065e+19 2.37006e+15 1.00878e+15 9.73098e+14 
173200 7.24065e+19 2.36942e+15 1.00921e+15 9.72555e+14 
173400 7.24065e+19 2.36856e+15 1.00926e+15 9.72066e+14 
173600 7.24065e+19 2.36808e+15 1.00959e+15 9.72011e+14 
173800 7.24065e+19 2.36738e+15 1.00948e+15 9.71577e+14 
174000 7.24065e+19 2.36663e+15 1.0091e+15 9.71305e+14 
174200 7.24065e+19 2.36588e+15 1.00872e+15 9.70762e+14 
174400 7.24065e+19 2.36508e+15 1.00867e+15 9.70491e+14 
174600 7.24065e+19 2.36444e+15 1.00878e+15 9.70545e+14 
174800 7.24065e+19 2.36369e+15 1.00856e+15 9.70491e+14 
175000 7.24065e+19 2.36305e+15 1.00791e+15 9.69785e+14 
175200 7.24065e+19 2.36236e+15 1.00693e+15 9.69242e+14 
175400 7.24065e+19 2.36161e+15 1.00601e+15 9.68645e+14 
175600 7.24065e+19 2.36081e+15 1.00601e+15 9.67667e+14 
175800 7.24065e+19 2.36007e+15 1.00449e+15 9.67504e+14 
176000 7.24065e+19 2.35932e+15 1.00329e+15 9.67558e+14 
176200 7.24065e+19 2.35847e+15 1.00215e+15 9.66635e+14 
176400 7.24065e+19 2.35762e+15 1.00128e+15 9.66255e+14 
176600 7.24065e+19 2.35682e+15 1.00068e+15 9.65929e+14 
176800 7.24065e+19 2.35607e+15 9.99761e+14 9.65495e+14 
177000 7.24065e+19 2.35528e+15 9.98784e+14 9.65115e+14 
177200 7.24065e+19 2.35443e+15 9.98078e+14 9.65549e+14 
177400 7.24065e+19 2.35363e+15 9.97426e+14 9.66038e+14 
177600 7.24065e+19 2.35283e+15 9.96992e+14 9.66581e+14 
177800 7.24065e+19 2.35209e+15 9.96069e+14 9.66635e+14 
178000 7.24065e+19 2.3513e+15 9.95689e+14 9.6745e+14 
178200 7.24065e+19 2.3505e+15 9.95689e+14 9.68101e+14 
178400 7.24065e+19 2.34966e+15 9.952e+14 9.68807e+14 
178600 7.24065e+19 2.34892e+15 9.94657e+14 9.69513e+14 
178800 7.24065e+19 2.34807e+15 9.94385e+14 9.70002e+14 
179000 7.24065e+19 2.34733e+15 9.93842e+14 9.70545e+14 
179200 7.24065e+19 2.3467e+15 9.93245e+14 9.71414e+14 
179400 7.24065e+19 2.34585e+15 9.9281e+14 9.72663e+14 
179600 7.24065e+19 2.34511e+15 9.92322e+14 9.73152e+14 
179800 7.24065e+19 2.34432e+15 9.91561e+14 9.73695e+14 
180000 7.24065e+19 2.34369e+15 9.91833e+14 9.74564e+14 
180200 7.24065e+19 2.34306e+15 9.92919e+14 9.74564e+14 
180400 7.24065e+19 2.34244e+15 9.94711e+14 9.75107e+14 
180600 7.24065e+19 2.34181e+15 9.98078e+14 9.76845e+14 
180800 7.24065e+19 2.34129e+15 9.9987e+14 9.77714e+14 
181000 7.24065e+19 2.34056e+15 1.00204e+15 9.77822e+14 
181200 7.24065e+19 2.33988e+15 1.00373e+15 9.78365e+14 
181400 7.24065e+19 2.33942e+15 1.00568e+15 9.78908e+14 
181600 7.24065e+19 2.33901e+15 1.00753e+15 9.80049e+14 
181800 7.24065e+19 2.33833e+15 1.00883e+15 9.79506e+14 
182000 7.24065e+19 2.3376e+15 1.0097e+15 9.79506e+14 
182200 7.24065e+19 2.33708e+15 1.01024e+15 9.788e+14 
182400 7.24065e+19 2.33635e+15 1.01133e+15 9.78528e+14 
182600 7.24065e+19 2.33584e+15 1.01225e+15 9.78691e+14 
182800 7.24065e+19 2.33505e+15 1.0129e+15 9.788e+14 
183000 7.24065e+19 2.33438e+15 1.01399e+15 9.79451e+14 
183200 7.24065e+19 2.33381e+15 1.01442e+15 9.79234e+14 
183400 7.24065e+19 2.33297e+15 1.01486e+15 9.79451e+14 
183600 7.24065e+19 2.3324e+15 1.01502e+15 9.7918e+14 
183800 7.24065e+19 2.33156e+15 1.01535e+15 9.78691e+14 
184000 7.24065e+19 2.33072e+15 1.01584e+15 9.78963e+14 
184200 7.24065e+19 2.33005e+15 1.0154e+15 9.77822e+14 
184400 7.24065e+19 2.32921e+15 1.0148e+15 9.77714e+14 
184600 7.24065e+19 2.32848e+15 1.0148e+15 9.77333e+14 
184800 7.24065e+19 2.32781e+15 1.01383e+15 9.7641e+14 
185000 7.24065e+19 2.32698e+15 1.01339e+15 9.7641e+14 
185200 7.24065e+19 2.3262e+15 1.0122e+15 9.7565e+14 
185400 7.24065e+19 2.32547e+15 1.01149e+15 9.75215e+14 
185600 7.24065e+19 2.32464e+15 1.01079e+15 9.74781e+14 
185800 7.24065e+19 2.3238e+15 1.01079e+15 9.74564e+14 
186000 7.24065e+19 2.32319e+15 1.00965e+15 9.74184e+14 
186200 7.24065e+19 2.32247e+15 1.00899e+15 9.74672e+14 
186400 7.24065e+19 2.32163e+15 1.00823e+15 9.74129e+14 
186600 7.24065e+19 2.32075e+15 1.00731e+15 9.73912e+14 
186800 7.24065e+19 2.31992e+15 1.00617e+15 9.73369e+14 
187000 7.24065e+19 2.31909e+15 1.00503e+15 9.72935e+14 
187200 7.24065e+19 2.31837e+15 1.00443e+15 9.73206e+14 
187400 7.24065e+19 2.31754e+15 1.00318e+15 9.73043e+14 
187600 7.24065e+19 2.31687e+15 1.00215e+15 9.72772e+14 
187800 7.24065e+19 2.31621e+15 1.00101e+15 9.72989e+14 
188000 7.24065e+19 2.31538e+15 1.00041e+15 9.73206e+14 
188200 7.24065e+19 2.3146e+15 9.99761e+14 9.73369e+14 
188400 7.24065e+19 2.31383e+15 9.99381e+14 9.73858e+14 
188600 7.24065e+19 2.31311e+15 9.98621e+14 9.74238e+14 
188800 7.24065e+19 2.31229e+15 9.97861e+14 9.74347e+14 
189000 7.24065e+19 2.31168e+15 9.97535e+14 9.75433e+14 
189200 7.24065e+19 2.31118e+15 9.97806e+14 9.76899e+14 
189400 7.24065e+19 2.31052e+15 9.97372e+14 9.78039e+14 
189600 7.24065e+19 2.3098e+15 9.98241e+14 9.79614e+14 
189800 7.24065e+19 2.30914e+15 9.97915e+14 9.80592e+14 
190000 7.24065e+19 2.30853e+15 9.99056e+14 9.80809e+14 
190200 7.24065e+19 2.30782e+15 1.00068e+15 9.81243e+14 
190400 7.24065e+19 2.30727e+15 1.0021e+15 9.80972e+14 
190600 7.24065e+19 2.30666e+15 1.00405e+15 9.81895e+14 
190800 7.24065e+19 2.30639e+15 1.00747e+15 9.82927e+14 
191000 7.24065e+19 2.30578e+15 1.00975e+15 9.84067e+14 
191200 7.24065e+19 2.30507e+15 1.01182e+15 9.84828e+14 
191400 7.24065e+19 2.30441e+15 1.01421e+15 9.85914e+14 
191600 7.24065e+19 2.30392e+15 1.01681e+15 9.87e+14 
191800 7.24065e+19 2.30321e+15 1.01866e+15 9.8776e+14 
192000 7.24065e+19 2.30249e+15 1.01985e+15 9.88194e+14 
192200 7.24064e+19 2.30184e+15 1.02121e+15 9.88032e+14 
192400 7.24064e+19 2.30118e+15 1.02252e+15 9.88737e+14 
192600 7.24064e+19 2.30064e+15 1.02382e+15 9.89226e+14 
192800 7.24064e+19 2.29993e+15 1.0249e+15 9.89498e+14 
193000 7.24064e+19 2.29938e+15 1.02518e+15 9.89281e+14 
193200 7.24064e+19 2.29883e+15 1.0255e+15 9.88955e+14 
193400 7.24064e+19 2.29807e+15 1.02561e+15 9.88737e+14 
193600 7.24064e+19 2.29769e+15 1.02567e+15 9.87869e+14 
193800 7.24064e+19 2.29704e+15 1.02545e+15 9.87543e+14 
194000 7.24064e+19 2.29644e+15 1.02539e+15 9.86837e+14 
194200 7.24064e+19 2.29573e+15 1.02496e+15 9.86457e+14 
194400 7.24064e+19 2.29486e+15 1.02463e+15 9.85805e+14 
194600 7.24064e+19 2.2941e+15 1.02436e+15 9.85208e+14 
194800 7.24064e+19 2.2934e+15 1.02387e+15 9.84773e+14 
195000 7.24064e+19 2.29269e+15 1.02387e+15 9.8499e+14 
195200 7.24064e+19 2.29209e+15 1.023e+15 9.84013e+14 
195400 7.24064e+19 2.29133e+15 1.02235e+15 9.84393e+14 
195600 7.24064e+19 2.29068e+15 1.02121e+15 9.83796e+14 
195800 7.24064e+19 2.28993e+15 1.02056e+15 9.83633e+14 
196000 7.24064e+19 2.28928e+15 1.02023e+15 9.83361e+14 
196200 7.24064e+19 2.28857e+15 1.0192e+15 9.83198e+14 
196400 7.24064e+19 2.28792e+15 1.01871e+15 9.82927e+14 
196600 7.24064e+19 2.28717e+15 1.01757e+15 9.82927e+14 
196800 7.24064e+19 2.28652e+15 1.01708e+15 9.83361e+14 
197000 7.24064e+19 2.28592e+15 1.01605e+15 9.83253e+14 
197200 7.24065e+19 2.28517e+15 1.01513e+15 9.83307e+14 
197400 7.24065e+19 2.28447e+15 1.01464e+15 9.83687e+14 
197600 7.24065e+19 2.28377e+15 1.01394e+15 9.8385e+14 
197800 7.24065e+19 2.28323e+15 1.01345e+15 9.84339e+14 
198000 7.24065e+19 2.28236e+15 1.01285e+15 9.8499e+14 
198200 7.24065e+19 2.2815e+15 1.01236e+15 9.85045e+14 
198400 7.24065e+19 2.28091e+15 1.01176e+15 9.85425e+14 
198600 7.24065e+19 2.28021e+15 1.01122e+15 9.86022e+14 
198800 7.24065e+19 2.2794e+15 1.01073e+15 9.87108e+14 
199000 7.24065e+19 2.2787e+15 1.01051e+15 9.88194e+14 
199200 7.24065e+19 2.278e+15 1.0103e+15 9.89281e+14 
199400 7.24065e+19 2.27736e+15 1.01024e+15 9.90692e+14 
199600 7.24065e+19 2.27666e+15 1.01035e+15 9.91724e+14 
199800 7.24065e+19 2.27591e+15 1.00992e+15 9.92213e+14 
200000 7.24065e+19 2.27526e+15 1.00997e+15 9.92973e+14 
