Iteration / Neutral Density / Excited Density / Ion Density / Electron Density
0 7.24071e+19 3.62036e+15 5.43053e+14 5.43053e+14 0
200 7.24071e+19 3.60287e+15 5.42413e+14 4.865e+14 2.18855
400 7.24071e+19 3.58914e+15 5.40333e+14 4.86027e+14 0.79381
600 7.24071e+19 3.57732e+15 5.36749e+14 4.86418e+14 2.11538
800 7.24072e+19 3.5668e+15 5.32426e+14 4.84268e+14 1.03971
1000 7.24072e+19 3.55716e+15 5.27424e+14 4.80613e+14 2.31936
1200 7.24072e+19 3.54819e+15 5.2226e+14 4.78153e+14 1.22858
1400 7.24072e+19 3.53988e+15 5.17318e+14 4.71935e+14 2.21108
1600 7.24072e+19 3.53196e+15 5.12621e+14 4.7155e+14 1.37484
1800 7.24072e+19 3.5244e+15 5.08124e+14 4.64761e+14 1.21392
2000 7.24072e+19 3.51718e+15 5.0403e+14 4.60542e+14 1.1818
2200 7.24072e+19 3.5103e+15 4.99881e+14 4.57762e+14 1.37966
2400 7.24072e+19 3.50362e+15 4.96123e+14 4.55345e+14 1.55634
2600 7.24072e+19 3.49719e+15 4.92588e+14 4.52917e+14 1.59959
2800 7.24072e+19 3.49099e+15 4.89193e+14 4.50034e+14 1.48667
3000 7.24072e+19 3.48494e+15 4.86033e+14 4.47123e+14 1.37242
3200 7.24072e+19 3.47907e+15 4.8284e+14 4.44571e+14 1.26619
3400 7.24072e+19 3.4733e+15 4.79869e+14 4.41899e+14 1.18515
3600 7.24072e+19 3.4677e+15 4.77078e+14 4.38689e+14 1.11429
3800 7.24072e+19 3.46222e+15 4.74336e+14 4.35442e+14 1.06387
4000 7.24072e+19 3.45691e+15 4.71691e+14 4.32879e+14 1.07999
4200 7.24072e+19 3.45171e+15 4.69236e+14 4.30804e+14 1.11201
4400 7.24072e+19 3.44661e+15 4.66716e+14 4.29327e+14 1.09762
4600 7.24072e+19 3.44161e+15 4.64284e+14 4.27454e+14 1.08137
4800 7.24072e+19 3.43672e+15 4.62101e+14 4.25298e+14 1.08159
5000 7.24072e+19 3.43189e+15 4.5995e+14 4.23435e+14 1.08586
5200 7.24072e+19 3.42717e+15 4.57539e+14 4.22072e+14 1.1106
5400 7.24072e+19 3.42257e+15 4.55578e+14 4.2034e+14 1.09396
5600 7.24072e+19 3.41798e+15 4.53515e+14 4.18803e+14 1.10263
5800 7.24072e+19 3.41354e+15 4.51522e+14 4.175e+14 1.0885
6000 7.24072e+19 3.40913e+15 4.49513e+14 4.16234e+14 1.11715
6200 7.24072e+19 3.4048e+15 4.47596e+14 4.15056e+14 1.10998
6400 7.24073e+19 3.40054e+15 4.45662e+14 4.13823e+14 1.11871
6600 7.24073e+19 3.39635e+15 4.43838e+14 4.12932e+14 1.13837
6800 7.24073e+19 3.39217e+15 4.42105e+14 4.12064e+14 1.13051
7000 7.24073e+19 3.38808e+15 4.40449e+14 4.11325e+14 1.17161
7200 7.24073e+19 3.38403e+15 4.3888e+14 4.10684e+14 1.18196
7400 7.24073e+19 3.38006e+15 4.37359e+14 4.09989e+14 1.18015
7600 7.24073e+19 3.3761e+15 4.35719e+14 4.09316e+14 1.18552
7800 7.24073e+19 3.37221e+15 4.34361e+14 4.08832e+14 1.20721
