Iteration / Neutral Density / Excited Density / Ion Density / Electron Density
0 6.27528e+20 3.13764e+16 4.70646e+15 4.70646e+15 0
200 6.27528e+20 3.14108e+16 4.69846e+15 4.67164e+15 3.75796
400 6.27527e+20 3.14253e+16 4.67352e+15 4.61798e+15 3.14433
600 6.27527e+20 3.1418e+16 4.64763e+15 4.58174e+15 3.08864
800 6.27527e+20 3.14058e+16 4.62316e+15 4.55492e+15 2.99274
1000 6.27527e+20 3.1396e+16 4.59774e+15 4.53232e+15 2.95966
1200 6.27527e+20 3.13859e+16 4.57327e+15 4.50597e+15 2.92272
1400 6.27527e+20 3.13753e+16 4.55115e+15 4.48102e+15 2.90293
1600 6.27527e+20 3.13637e+16 4.52997e+15 4.46785e+15 2.91142
1800 6.27527e+20 3.13502e+16 4.51538e+15 4.43867e+15 2.87802
2000 6.27527e+20 3.13408e+16 4.49891e+15 4.42313e+15 2.85097
2200 6.27527e+20 3.13294e+16 4.48338e+15 4.41231e+15 2.9023
2400 6.27527e+20 3.13188e+16 4.46738e+15 4.39301e+15 2.8685
2600 6.27527e+20 3.13076e+16 4.45514e+15 4.38689e+15 2.9147
2800 6.27527e+20 3.12985e+16 4.43867e+15 4.37607e+15 2.91097
3000 6.27527e+20 3.12868e+16 4.42972e+15 4.35771e+15 2.89819
3200 6.27527e+20 3.12759e+16 4.41702e+15 4.34407e+15 2.90425
3400 6.27527e+20 3.12652e+16 4.40619e+15 4.32524e+15 2.87956
3600 6.27527e+20 3.12538e+16 4.38972e+15 4.32195e+15 2.92792
