Iteration / Time / Node x / Electric Field
0 0 0 0
0 0 0.0005 0
0 0 0.001 0
0 0 0.0015 0
0 0 0.002 0
0 0 0.0025 0
0 0 0.003 0
0 0 0.0035 0
0 0 0.004 0
0 0 0.0045 0
0 0 0.005 0
0 0 0.0055 0
0 0 0.006 0
0 0 0.0065 0
0 0 0.007 0
0 0 0.0075 0
0 0 0.008 0
0 0 0.0085 0
0 0 0.009 0
0 0 0.0095 0
0 0 0.01 -1872.78
0 0 0.0105 -1882.74
0 0 0.011 -1600.42
0 0 0.0115 -1564.36
0 0 0.012 -1700.84
0 0 0.0125 -1342.79
0 0 0.013 -1272.27
0 0 0.0135 -1242.7
0 0 0.014 -1178.09
0 0 0.0145 -1142.13
0 0 0.015 -863.923
0 0 0.0155 -698.499
0 0 0.016 -500.958
0 0 0.0165 -640.248
0 0 0.017 -499.247
0 0 0.0175 -251.22
0 0 0.018 126.078
0 0 0.0185 47.1227
0 0 0.019 341.897
0 0 0.0195 346.948
0 0 0.02 155.325
0 0 0.0205 204.341
0 0 0.021 318.45
0 0 0.0215 -2.94286
0 0 0.022 -252.623
0 0 0.0225 -275.224
0 0 0.023 -256.378
0 0 0.0235 -79.3559
0 0 0.024 448.326
0 0 0.0245 185.062
0 0 0.025 148.344
0 0 0.0255 -47.0231
0 0 0.026 190.821
0 0 0.0265 43.2254
0 0 0.027 374.735
0 0 0.0275 722.782
0 0 0.028 1155.73
0 0 0.0285 1143.29
0 0 0.029 948.362
0 0 0.0295 1408.21
0 0 0.03 1014.83
0 0 0.0305 790.013
0 0 0.031 321.466
0 0 0.0315 -340.22
0 0 0.032 -223.49
0 0 0.0325 81.8277
0 0 0.033 334.876
0 0 0.0335 206.959
0 0 0.034 361.139
0 0 0.0345 160.666
0 0 0.035 -149.723
0 0 0.0355 -322.025
0 0 0.036 -301.634
0 0 0.0365 -338.071
0 0 0.037 -55.7281
0 0 0.0375 36.8537
0 0 0.038 351.053
0 0 0.0385 685.889
0 0 0.039 842.194
0 0 0.0395 806.195
0 0 0.04 488.711
0 0 0.0405 602.935
0 0 0.041 566.598
0 0 0.0415 404.282
0 0 0.042 103.221
0 0 0.0425 -172.576
0 0 0.043 -231.831
0 0 0.0435 -66.0991
0 0 0.044 76.2595
0 0 0.0445 26.0698
0 0 0.045 -0.279207
0 0 0.0455 -152.023
0 0 0.046 -91.8501
0 0 0.0465 110.06
0 0 0.047 -21.0592
0 0 0.0475 -0.939382
0 0 0.048 -30.2038
0 0 0.0485 -32.6326
0 0 0.049 -154.01
0 0 0.0495 -150.281
0 0 0.05 -234.618
0 0 0.0505 -107.822
0 0 0.051 -201.247
0 0 0.0515 -118.438
0 0 0.052 -36.1389
0 0 0.0525 51.4676
0 0 0.053 393.347
0 0 0.0535 224.961
0 0 0.054 89.2488
0 0 0.0545 231.245
0 0 0.055 498.802
0 0 0.0555 521.597
0 0 0.056 810.644
0 0 0.0565 968.027
0 0 0.057 1117.36
0 0 0.0575 1144.17
0 0 0.058 1142.45
0 0 0.0585 1317.98
0 0 0.059 851.327
0 0 0.0595 631.647
0 0 0.06 672.383
0 0 0.0605 859.312
0 0 0.061 572.482
0 0 0.0615 547.042
0 0 0.062 507.665
0 0 0.0625 709.01
0 0 0.063 713.37
0 0 0.0635 725.734
0 0 0.064 688.444
0 0 0.0645 479.037
0 0 0.065 550.064
0 0 0.0655 371.694
0 0 0.066 523.865
0 0 0.0665 426.127
0 0 0.067 451.66
0 0 0.0675 582.632
0 0 0.068 238.933
0 0 0.0685 216.892
0 0 0.069 378.148
0 0 0.0695 675.238
0 0 0.07 585.53
0 0 0.0705 626.111
0 0 0.071 800.505
0 0 0.0715 762.031
0 0 0.072 913.605
0 0 0.0725 672.069
0 0 0.073 539.361
0 0 0.0735 302.498
0 0 0.074 70.2284
0 0 0.0745 33.6764
0 0 0.075 -27.1706
0 0 0.0755 -284.976
0 0 0.076 -322.217
0 0 0.0765 -515.941
0 0 0.077 -443.016
0 0 0.0775 -649.296
0 0 0.078 -803.859
0 0 0.0785 -687.141
0 0 0.079 -883.489
0 0 0.0795 -1325.84
0 0 0.08 -1300.49
0 0 0.0805 -1355.42
0 0 0.081 -1466.39
0 0 0.0815 -1397.59
0 0 0.082 -1579.71
0 0 0.0825 -1462.97
0 0 0.083 -1213.47
0 0 0.0835 -1197.52
0 0 0.084 -1404.33
0 0 0.0845 -1850.24
0 0 0.085 -1872.78
0 0 0.0855 0
0 0 0.086 0
0 0 0.0865 0
0 0 0.087 0
0 0 0.0875 0
0 0 0.088 0
0 0 0.0885 0
0 0 0.089 0
0 0 0.0895 0
0 0 0.09 0
0 0 0.0905 0
0 0 0.091 0
0 0 0.0915 0
0 0 0.092 0
0 0 0.0925 0
0 0 0.093 0
0 0 0.0935 0
0 0 0.094 0
0 0 0.0945 0
0 0 0.095 0
