Iteration / Neutral Density / Excited Density / Ion Density / Electron Density
0 7.24071e+19 3.62036e+15 5.43053e+14 5.43053e+14
200 7.24071e+19 3.60359e+15 5.43434e+14 4.86087e+14 
400 7.24071e+19 3.59079e+15 5.41967e+14 4.83372e+14 
600 7.24071e+19 3.58022e+15 5.40773e+14 4.83861e+14 
800 7.24071e+19 3.57064e+15 5.38329e+14 4.84186e+14 
1000 7.24071e+19 3.56246e+15 5.34799e+14 4.83752e+14 
1200 7.24071e+19 3.55433e+15 5.30455e+14 4.82666e+14 
1400 7.24071e+19 3.54725e+15 5.26979e+14 4.80168e+14 
1600 7.24071e+19 3.54027e+15 5.23178e+14 4.77453e+14 
1800 7.24071e+19 3.53346e+15 5.19376e+14 4.75552e+14 
2000 7.24071e+19 3.52673e+15 5.15738e+14 4.72076e+14 
2200 7.24072e+19 3.52025e+15 5.12099e+14 4.68384e+14 
2400 7.24072e+19 3.51381e+15 5.08895e+14 4.64311e+14 
2600 7.24072e+19 3.50762e+15 5.04823e+14 4.61541e+14 
2800 7.24072e+19 3.50218e+15 5.01619e+14 4.58446e+14 
3000 7.24072e+19 3.49644e+15 4.98469e+14 4.55676e+14 
3200 7.24072e+19 3.49099e+15 4.96188e+14 4.5307e+14 
3400 7.24072e+19 3.48587e+15 4.93527e+14 4.51115e+14 
3600 7.24072e+19 3.48068e+15 4.91246e+14 4.48725e+14 
3800 7.24072e+19 3.47547e+15 4.88151e+14 4.46607e+14 
4000 7.24072e+19 3.47049e+15 4.85924e+14 4.44272e+14 
4200 7.24072e+19 3.46563e+15 4.83426e+14 4.42317e+14 
4400 7.24072e+19 3.46072e+15 4.80548e+14 4.39602e+14 
4600 7.24072e+19 3.45598e+15 4.78539e+14 4.3819e+14 
4800 7.24072e+19 3.45122e+15 4.76204e+14 4.36235e+14 
5000 7.24072e+19 3.44672e+15 4.74086e+14 4.34226e+14 
5200 7.24072e+19 3.44198e+15 4.71588e+14 4.32542e+14 
5400 7.24072e+19 3.43749e+15 4.69361e+14 4.31456e+14 
5600 7.24072e+19 3.43313e+15 4.67135e+14 4.29718e+14 
5800 7.24072e+19 3.42869e+15 4.65831e+14 4.28252e+14 
6000 7.24072e+19 3.42426e+15 4.63605e+14 4.27057e+14 
6200 7.24072e+19 3.41996e+15 4.61595e+14 4.25537e+14 
6400 7.24072e+19 3.41577e+15 4.59695e+14 4.24288e+14 
6600 7.24072e+19 3.41187e+15 4.57848e+14 4.23256e+14 
6800 7.24072e+19 3.40781e+15 4.56002e+14 4.22604e+14 
7000 7.24072e+19 3.40402e+15 4.53721e+14 4.2179e+14 
7200 7.24072e+19 3.40024e+15 4.51929e+14 4.20812e+14 
7400 7.24072e+19 3.39651e+15 4.503e+14 4.20106e+14 
7600 7.24072e+19 3.39261e+15 4.49051e+14 4.19346e+14 
7800 7.24072e+19 3.38909e+15 4.4753e+14 4.1902e+14 
8000 7.24072e+19 3.38529e+15 4.45901e+14 4.18477e+14 
8200 7.24072e+19 3.38153e+15 4.44381e+14 4.18097e+14 
8400 7.24072e+19 3.37798e+15 4.43132e+14 4.17554e+14 
8600 7.24072e+19 3.37453e+15 4.4172e+14 4.17011e+14 
8800 7.24072e+19 3.37107e+15 4.40308e+14 4.17065e+14 
9000 7.24072e+19 3.36754e+15 4.39167e+14 4.16739e+14 
9200 7.24072e+19 3.36431e+15 4.37918e+14 4.17011e+14 
9400 7.24072e+19 3.36086e+15 4.37158e+14 4.16739e+14 
9600 7.24072e+19 3.35782e+15 4.36343e+14 4.16413e+14 
9800 7.24072e+19 3.3547e+15 4.358e+14 4.15273e+14 
10000 7.24072e+19 3.35173e+15 4.34932e+14 4.1397e+14 
10200 7.24072e+19 3.34923e+15 4.34606e+14 4.12612e+14 
10400 7.24072e+19 3.34627e+15 4.34551e+14 4.10603e+14 
10600 7.24072e+19 3.34345e+15 4.33954e+14 4.08268e+14 
10800 7.24072e+19 3.34126e+15 4.34063e+14 4.06367e+14 
11000 7.24072e+19 3.3385e+15 4.3352e+14 4.04195e+14 
11200 7.24072e+19 3.33653e+15 4.33683e+14 4.03e+14 
11400 7.24072e+19 3.3341e+15 4.33574e+14 4.02403e+14 
11600 7.24072e+19 3.33197e+15 4.33465e+14 4.01045e+14 
11800 7.24072e+19 3.32987e+15 4.33139e+14 3.99687e+14 
12000 7.24072e+19 3.32774e+15 4.32271e+14 3.98275e+14 
12200 7.24072e+19 3.32541e+15 4.31999e+14 3.97189e+14 
12400 7.24072e+19 3.32284e+15 4.31836e+14 3.96538e+14 
12600 7.24072e+19 3.32029e+15 4.31184e+14 3.95669e+14 
12800 7.24072e+19 3.31826e+15 4.30641e+14 3.93985e+14 
13000 7.24072e+19 3.31592e+15 4.29447e+14 3.92573e+14 
13200 7.24072e+19 3.31371e+15 4.28795e+14 3.91922e+14 
13400 7.24072e+19 3.31202e+15 4.276e+14 3.90781e+14 
13600 7.24072e+19 3.30991e+15 4.26731e+14 3.89532e+14 
13800 7.24072e+19 3.30842e+15 4.25645e+14 3.88663e+14 
14000 7.24072e+19 3.30652e+15 4.24776e+14 3.87686e+14 
14200 7.24072e+19 3.30431e+15 4.24179e+14 3.86926e+14 
14400 7.24072e+19 3.30206e+15 4.23582e+14 3.86763e+14 
14600 7.24072e+19 3.2999e+15 4.22278e+14 3.85677e+14 
14800 7.24072e+19 3.2978e+15 4.2141e+14 3.84862e+14 
15000 7.24072e+19 3.29583e+15 4.20323e+14 3.8421e+14 
15200 7.24072e+19 3.29421e+15 4.19237e+14 3.84265e+14 
15400 7.24072e+19 3.29217e+15 4.18911e+14 3.83016e+14 
15600 7.24072e+19 3.29004e+15 4.17825e+14 3.82581e+14 
15800 7.24072e+19 3.28814e+15 4.16685e+14 3.81658e+14 
16000 7.24072e+19 3.28588e+15 4.15545e+14 3.81169e+14 
16200 7.24072e+19 3.28353e+15 4.14024e+14 3.80681e+14 
16400 7.24072e+19 3.28141e+15 4.13101e+14 3.80626e+14 
16600 7.24072e+19 3.2791e+15 4.12558e+14 3.80626e+14 
16800 7.24072e+19 3.27723e+15 4.11417e+14 3.80681e+14 
17000 7.24072e+19 3.27527e+15 4.1082e+14 3.80572e+14 
17200 7.24072e+19 3.27343e+15 4.09842e+14 3.803e+14 
17400 7.24072e+19 3.27188e+15 4.09137e+14 3.80192e+14 
17600 7.24072e+19 3.27029e+15 4.07996e+14 3.80137e+14 
17800 7.24072e+19 3.26845e+15 4.07182e+14 3.80246e+14 
18000 7.24072e+19 3.26694e+15 4.0653e+14 3.80626e+14 
18200 7.24072e+19 3.26523e+15 4.05932e+14 3.81061e+14 
18400 7.24072e+19 3.26343e+15 4.05661e+14 3.81875e+14 
18600 7.24072e+19 3.26191e+15 4.05498e+14 3.82364e+14 
18800 7.24072e+19 3.26041e+15 4.05009e+14 3.82907e+14 
19000 7.24072e+19 3.25837e+15 4.04792e+14 3.83396e+14 
19200 7.24072e+19 3.25608e+15 4.04086e+14 3.83559e+14 
19400 7.24072e+19 3.25445e+15 4.03869e+14 3.84482e+14 
19600 7.24072e+19 3.25251e+15 4.03652e+14 3.84916e+14 
19800 7.24072e+19 3.25091e+15 4.03434e+14 3.85677e+14 
20000 7.24072e+19 3.24915e+15 4.03272e+14 3.86328e+14 
20200 7.24072e+19 3.24746e+15 4.03163e+14 3.86817e+14 
20400 7.24072e+19 3.24557e+15 4.0338e+14 3.87034e+14 
20600 7.24072e+19 3.24385e+15 4.03977e+14 3.87306e+14 
20800 7.24072e+19 3.24291e+15 4.04738e+14 3.87089e+14 
21000 7.24072e+19 3.24208e+15 4.05009e+14 3.86491e+14 
21200 7.24072e+19 3.2405e+15 4.05607e+14 3.85948e+14 
21400 7.24072e+19 3.23937e+15 4.06258e+14 3.85188e+14 
21600 7.24072e+19 3.23814e+15 4.07073e+14 3.83939e+14 
21800 7.24072e+19 3.23692e+15 4.07399e+14 3.8383e+14 
22000 7.24072e+19 3.23527e+15 4.08105e+14 3.83613e+14 
22200 7.24072e+19 3.2344e+15 4.08431e+14 3.83016e+14 
22400 7.24072e+19 3.23289e+15 4.08702e+14 3.82798e+14 
22600 7.24072e+19 3.23204e+15 4.09571e+14 3.82744e+14 
22800 7.24072e+19 3.23109e+15 4.1006e+14 3.82147e+14 
23000 7.24072e+19 3.22956e+15 4.10386e+14 3.8193e+14 
23200 7.24072e+19 3.22863e+15 4.10005e+14 3.81169e+14 
23400 7.24072e+19 3.22722e+15 4.09462e+14 3.80463e+14 
23600 7.24072e+19 3.22598e+15 4.09191e+14 3.803e+14 
23800 7.24072e+19 3.2247e+15 4.09191e+14 3.79866e+14 
24000 7.24072e+19 3.2236e+15 4.09408e+14 3.79812e+14 
24200 7.24072e+19 3.22185e+15 4.08811e+14 3.79106e+14 
24400 7.24072e+19 3.22054e+15 4.08974e+14 3.78617e+14 
24600 7.24072e+19 3.21957e+15 4.08485e+14 3.78454e+14 
24800 7.24072e+19 3.21801e+15 4.08268e+14 3.78128e+14 
25000 7.24072e+19 3.21673e+15 4.07833e+14 3.77694e+14 
25200 7.24072e+19 3.21524e+15 4.06801e+14 3.77096e+14 
25400 7.24072e+19 3.21398e+15 4.06204e+14 3.76825e+14 
25600 7.24072e+19 3.21267e+15 4.05552e+14 3.76445e+14 
25800 7.24072e+19 3.21158e+15 4.05281e+14 3.75902e+14 
26000 7.24072e+19 3.21067e+15 4.04195e+14 3.75793e+14 
26200 7.24072e+19 3.20939e+15 4.03815e+14 3.7525e+14 
26400 7.24072e+19 3.20817e+15 4.03326e+14 3.7563e+14 
26600 7.24072e+19 3.20679e+15 4.03054e+14 3.75793e+14 
26800 7.24072e+19 3.20531e+15 4.02457e+14 3.75521e+14 
27000 7.24072e+19 3.20401e+15 4.01805e+14 3.75413e+14 
27200 7.24072e+19 3.20276e+15 4.00991e+14 3.75359e+14 
27400 7.24072e+19 3.20142e+15 4.00556e+14 3.75793e+14 
27600 7.24072e+19 3.20024e+15 4.00393e+14 3.76065e+14 
27800 7.24072e+19 3.19907e+15 4.00068e+14 3.76336e+14 
28000 7.24072e+19 3.19759e+15 3.99959e+14 3.76879e+14 
28200 7.24072e+19 3.19616e+15 3.9947e+14 3.77205e+14 
28400 7.24072e+19 3.19458e+15 3.99362e+14 3.77802e+14 
28600 7.24072e+19 3.19344e+15 3.99253e+14 3.78345e+14 
28800 7.24072e+19 3.19215e+15 3.99036e+14 3.78617e+14 
29000 7.24072e+19 3.19113e+15 3.98873e+14 3.79106e+14 
29200 7.24072e+19 3.18958e+15 3.98873e+14 3.79703e+14 
29400 7.24072e+19 3.18852e+15 3.98656e+14 3.80192e+14 
29600 7.24072e+19 3.18752e+15 3.98873e+14 3.80789e+14 
29800 7.24072e+19 3.18675e+15 3.98656e+14 3.81441e+14 
30000 7.24072e+19 3.18577e+15 3.98981e+14 3.82581e+14 
30200 7.24072e+19 3.18463e+15 3.99416e+14 3.83667e+14 
30400 7.24072e+19 3.18393e+15 3.99796e+14 3.83776e+14 
30600 7.24072e+19 3.18291e+15 4.00665e+14 3.83776e+14 
30800 7.24072e+19 3.18212e+15 4.00882e+14 3.82798e+14 
31000 7.24072e+19 3.18128e+15 4.01751e+14 3.82473e+14 
31200 7.24071e+19 3.18066e+15 4.03e+14 3.82201e+14 
31400 7.24071e+19 3.18037e+15 4.03815e+14 3.81712e+14 
31600 7.24071e+19 3.17966e+15 4.05227e+14 3.81441e+14 
31800 7.24071e+19 3.17954e+15 4.05932e+14 3.81169e+14 
32000 7.24071e+19 3.179e+15 4.07182e+14 3.81115e+14 
32200 7.24071e+19 3.17825e+15 4.07399e+14 3.80898e+14 
32400 7.24071e+19 3.17772e+15 4.07779e+14 3.81061e+14 
32600 7.24071e+19 3.17753e+15 4.08539e+14 3.80518e+14 
32800 7.24071e+19 3.17717e+15 4.09028e+14 3.80083e+14 
33000 7.24071e+19 3.17606e+15 4.09788e+14 3.80518e+14 
33200 7.24071e+19 3.17551e+15 4.10548e+14 3.80789e+14 
33400 7.24071e+19 3.17446e+15 4.11146e+14 3.81061e+14 
33600 7.24071e+19 3.17359e+15 4.11417e+14 3.81169e+14 
33800 7.24071e+19 3.17283e+15 4.11254e+14 3.80463e+14 
34000 7.24071e+19 3.17185e+15 4.11363e+14 3.80192e+14 
34200 7.24071e+19 3.17105e+15 4.10874e+14 3.79866e+14 
34400 7.24071e+19 3.17025e+15 4.1044e+14 3.79649e+14 
34600 7.24071e+19 3.16978e+15 4.10005e+14 3.79269e+14 
34800 7.24071e+19 3.16872e+15 4.0968e+14 3.7878e+14 
35000 7.24071e+19 3.16772e+15 4.09571e+14 3.78563e+14 
35200 7.24071e+19 3.16678e+15 4.08974e+14 3.78345e+14 
35400 7.24071e+19 3.16536e+15 4.08105e+14 3.78454e+14 
35600 7.24071e+19 3.16421e+15 4.07887e+14 3.77639e+14 
35800 7.24071e+19 3.16301e+15 4.07779e+14 3.77802e+14 
36000 7.24071e+19 3.16193e+15 4.07127e+14 3.7802e+14 
36200 7.24071e+19 3.16101e+15 4.06747e+14 3.77748e+14 
36400 7.24071e+19 3.16015e+15 4.06421e+14 3.78182e+14 
36600 7.24071e+19 3.15898e+15 4.06041e+14 3.78617e+14 
36800 7.24071e+19 3.1578e+15 4.05715e+14 3.79051e+14 
37000 7.24071e+19 3.15674e+15 4.05607e+14 3.78997e+14 
37200 7.24071e+19 3.15569e+15 4.05227e+14 3.7916e+14 
37400 7.24071e+19 3.15453e+15 4.04738e+14 3.79323e+14 
37600 7.24071e+19 3.15299e+15 4.04032e+14 3.79486e+14 
37800 7.24071e+19 3.15168e+15 4.03652e+14 3.79866e+14 
38000 7.24071e+19 3.15059e+15 4.0338e+14 3.80518e+14 
38200 7.24071e+19 3.14933e+15 4.03815e+14 3.81224e+14 
38400 7.24071e+19 3.14841e+15 4.03272e+14 3.81549e+14 
38600 7.24071e+19 3.14755e+15 4.0338e+14 3.82364e+14 
38800 7.24071e+19 3.14653e+15 4.03109e+14 3.8269e+14 
39000 7.24071e+19 3.14546e+15 4.03054e+14 3.83179e+14 
39200 7.24071e+19 3.14407e+15 4.02783e+14 3.83613e+14 
39400 7.24071e+19 3.14296e+15 4.02728e+14 3.84265e+14 
39600 7.24071e+19 3.14222e+15 4.02783e+14 3.84753e+14 
39800 7.24071e+19 3.14095e+15 4.02674e+14 3.85242e+14 
40000 7.24071e+19 3.14034e+15 4.02728e+14 3.86002e+14 
40200 7.24071e+19 3.13929e+15 4.03e+14 3.86763e+14 
40400 7.24071e+19 3.13831e+15 4.03e+14 3.8698e+14 
40600 7.24071e+19 3.13727e+15 4.03652e+14 3.8774e+14 
40800 7.24071e+19 3.13667e+15 4.03977e+14 3.87306e+14 
41000 7.24071e+19 3.13624e+15 4.04629e+14 3.86708e+14 
41200 7.24071e+19 3.13532e+15 4.05335e+14 3.86274e+14 
41400 7.24071e+19 3.13463e+15 4.05281e+14 3.85296e+14 
41600 7.24071e+19 3.13421e+15 4.05987e+14 3.84753e+14 
41800 7.24071e+19 3.13368e+15 4.06258e+14 3.8383e+14 
42000 7.24071e+19 3.13267e+15 4.06964e+14 3.83341e+14 
42200 7.24071e+19 3.13221e+15 4.07399e+14 3.82744e+14 
42400 7.24071e+19 3.13132e+15 4.0805e+14 3.82418e+14 
42600 7.24071e+19 3.13075e+15 4.08268e+14 3.81604e+14 
42800 7.24071e+19 3.12981e+15 4.08702e+14 3.82147e+14 
43000 7.24071e+19 3.12888e+15 4.09245e+14 3.82364e+14 
43200 7.24071e+19 3.12844e+15 4.09245e+14 3.81875e+14 
43400 7.24071e+19 3.12724e+15 4.09191e+14 3.81224e+14 
43600 7.24071e+19 3.12598e+15 4.09137e+14 3.80463e+14 
43800 7.24071e+19 3.12495e+15 4.09299e+14 3.80083e+14 
44000 7.24071e+19 3.12404e+15 4.08648e+14 3.79106e+14 
44200 7.24071e+19 3.12296e+15 4.08268e+14 3.79106e+14 
44400 7.24071e+19 3.12189e+15 4.08322e+14 3.78563e+14 
44600 7.24071e+19 3.12098e+15 4.0767e+14 3.78345e+14 
44800 7.24071e+19 3.12024e+15 4.0729e+14 3.78291e+14 
45000 7.24071e+19 3.11912e+15 4.06856e+14 3.77151e+14 
45200 7.24071e+19 3.11823e+15 4.06204e+14 3.76825e+14 
45400 7.24071e+19 3.11723e+15 4.05607e+14 3.76445e+14 
45600 7.24071e+19 3.11585e+15 4.04629e+14 3.75793e+14 
45800 7.24071e+19 3.1148e+15 4.03869e+14 3.75359e+14 
46000 7.24071e+19 3.11381e+15 4.03652e+14 3.75576e+14 
46200 7.24071e+19 3.11288e+15 4.03597e+14 3.75684e+14 
46400 7.24071e+19 3.11184e+15 4.02946e+14 3.75739e+14 
46600 7.24071e+19 3.11097e+15 4.02891e+14 3.75793e+14 
46800 7.24071e+19 3.11004e+15 4.0224e+14 3.76119e+14 
47000 7.24071e+19 3.10912e+15 4.01751e+14 3.76173e+14 
47200 7.24071e+19 3.10832e+15 4.01262e+14 3.7639e+14 
47400 7.24071e+19 3.10746e+15 4.00991e+14 3.76499e+14 
47600 7.24071e+19 3.10649e+15 4.00828e+14 3.76716e+14 
47800 7.24071e+19 3.10532e+15 4.00448e+14 3.76771e+14 
48000 7.24071e+19 3.10447e+15 3.99687e+14 3.76933e+14 
48200 7.24071e+19 3.10329e+15 3.99144e+14 3.76988e+14 
48400 7.24071e+19 3.10212e+15 3.98547e+14 3.77151e+14 
48600 7.24071e+19 3.10134e+15 3.97787e+14 3.77368e+14 
48800 7.24071e+19 3.10061e+15 3.97787e+14 3.77857e+14 
49000 7.24071e+19 3.09961e+15 3.97352e+14 3.78182e+14 
49200 7.24071e+19 3.09856e+15 3.97189e+14 3.78888e+14 
49400 7.24071e+19 3.09757e+15 3.96972e+14 3.79431e+14 
49600 7.24071e+19 3.09642e+15 3.97189e+14 3.7992e+14 
49800 7.24071e+19 3.0956e+15 3.97569e+14 3.81006e+14 
50000 7.24071e+19 3.09467e+15 3.97841e+14 3.81712e+14 
50200 7.24071e+19 3.09407e+15 3.9871e+14 3.82798e+14 
50400 7.24071e+19 3.0932e+15 3.9871e+14 3.82635e+14 
50600 7.24071e+19 3.09266e+15 3.99199e+14 3.8231e+14 
50800 7.24071e+19 3.0918e+15 3.99905e+14 3.81604e+14 
51000 7.24071e+19 3.09132e+15 4.00882e+14 3.81712e+14 
51200 7.24071e+19 3.0915e+15 4.02077e+14 3.80952e+14 
51400 7.24071e+19 3.09189e+15 4.02837e+14 3.80735e+14 
51600 7.24071e+19 3.09191e+15 4.03543e+14 3.80083e+14 
51800 7.24071e+19 3.09117e+15 4.04358e+14 3.80137e+14 
52000 7.2407e+19 3.09076e+15 4.05661e+14 3.80083e+14 
52200 7.2407e+19 3.09084e+15 4.0653e+14 3.80735e+14 
52400 7.2407e+19 3.0901e+15 4.07344e+14 3.80681e+14 
52600 7.2407e+19 3.08954e+15 4.08539e+14 3.80789e+14 
52800 7.2407e+19 3.08903e+15 4.08376e+14 3.803e+14 
53000 7.2407e+19 3.08825e+15 4.08756e+14 3.80355e+14 
53200 7.2407e+19 3.08715e+15 4.08593e+14 3.79757e+14 
53400 7.2407e+19 3.0867e+15 4.08485e+14 3.79214e+14 
53600 7.2407e+19 3.08566e+15 4.08431e+14 3.79106e+14 
53800 7.2407e+19 3.08511e+15 4.08268e+14 3.78671e+14 
54000 7.2407e+19 3.08423e+15 4.08213e+14 3.77802e+14 
54200 7.2407e+19 3.08325e+15 4.08105e+14 3.77694e+14 
54400 7.2407e+19 3.08254e+15 4.07725e+14 3.77368e+14 
54600 7.2407e+19 3.08151e+15 4.07507e+14 3.76771e+14 
54800 7.2407e+19 3.0807e+15 4.07399e+14 3.76933e+14 
55000 7.2407e+19 3.07952e+15 4.06964e+14 3.7639e+14 
55200 7.2407e+19 3.07888e+15 4.06693e+14 3.76119e+14 
55400 7.2407e+19 3.07786e+15 4.06095e+14 3.75956e+14 
55600 7.2407e+19 3.07678e+15 4.05878e+14 3.75739e+14 
55800 7.2407e+19 3.07588e+15 4.05172e+14 3.75413e+14 
56000 7.2407e+19 3.07525e+15 4.04738e+14 3.75413e+14 
56200 7.2407e+19 3.07429e+15 4.04032e+14 3.75902e+14 
56400 7.2407e+19 3.07328e+15 4.03434e+14 3.75467e+14 
56600 7.2407e+19 3.07309e+15 4.03e+14 3.75413e+14 
56800 7.2407e+19 3.0722e+15 4.02674e+14 3.75521e+14 
57000 7.2407e+19 3.07169e+15 4.0224e+14 3.75739e+14 
57200 7.2407e+19 3.07069e+15 4.01914e+14 3.76282e+14 
57400 7.2407e+19 3.06991e+15 4.01262e+14 3.76065e+14 
57600 7.2407e+19 3.0693e+15 4.01262e+14 3.76716e+14 
57800 7.2407e+19 3.06847e+15 4.00611e+14 3.76771e+14 
58000 7.2407e+19 3.06781e+15 4.00773e+14 3.77694e+14 
58200 7.2407e+19 3.06726e+15 4.0023e+14 3.77748e+14 
58400 7.2407e+19 3.06611e+15 3.99524e+14 3.7802e+14 
58600 7.2407e+19 3.06529e+15 3.99362e+14 3.78237e+14 
58800 7.2407e+19 3.06453e+15 3.98981e+14 3.78834e+14 
59000 7.2407e+19 3.06361e+15 3.98656e+14 3.79051e+14 
59200 7.2407e+19 3.06231e+15 3.98656e+14 3.79594e+14 
59400 7.2407e+19 3.06139e+15 3.98113e+14 3.7992e+14 
59600 7.2407e+19 3.06069e+15 3.97678e+14 3.803e+14 
59800 7.2407e+19 3.05972e+15 3.97732e+14 3.80843e+14 
60000 7.2407e+19 3.0587e+15 3.97787e+14 3.81767e+14 
60200 7.2407e+19 3.05812e+15 3.98438e+14 3.8269e+14 
60400 7.2407e+19 3.05759e+15 3.9833e+14 3.8307e+14 
60600 7.2407e+19 3.05718e+15 3.98547e+14 3.82418e+14 
60800 7.2407e+19 3.05704e+15 3.99036e+14 3.82255e+14 
61000 7.2407e+19 3.05662e+15 3.99687e+14 3.81767e+14 
61200 7.2407e+19 3.05622e+15 4.00556e+14 3.8193e+14 
61400 7.2407e+19 3.05603e+15 4.01425e+14 3.81549e+14 
61600 7.2407e+19 3.05535e+15 4.03e+14 3.81495e+14 
61800 7.2407e+19 3.05489e+15 4.03923e+14 3.81169e+14 
62000 7.2407e+19 3.05449e+15 4.04575e+14 3.80843e+14 
62200 7.2407e+19 3.0542e+15 4.05661e+14 3.80626e+14 
62400 7.2407e+19 3.05359e+15 4.0653e+14 3.803e+14 
62600 7.2407e+19 3.05352e+15 4.07453e+14 3.81386e+14 
62800 7.2407e+19 3.05291e+15 4.07887e+14 3.81386e+14 
63000 7.2407e+19 3.05258e+15 4.08811e+14 3.8193e+14 
63200 7.2407e+19 3.0523e+15 4.08376e+14 3.80789e+14 
63400 7.2407e+19 3.05175e+15 4.08485e+14 3.80735e+14 
63600 7.2407e+19 3.05147e+15 4.08919e+14 3.81115e+14 
63800 7.2407e+19 3.05077e+15 4.09625e+14 3.80572e+14 
64000 7.2407e+19 3.05044e+15 4.09517e+14 3.80192e+14 
64200 7.2407e+19 3.04968e+15 4.09517e+14 3.79975e+14 
64400 7.2407e+19 3.04898e+15 4.08974e+14 3.79214e+14 
64600 7.2407e+19 3.04817e+15 4.09028e+14 3.79431e+14 
64800 7.2407e+19 3.04721e+15 4.08702e+14 3.79377e+14 
65000 7.2407e+19 3.04656e+15 4.08431e+14 3.78563e+14 
65200 7.2407e+19 3.04587e+15 4.0805e+14 3.78617e+14 
65400 7.2407e+19 3.04545e+15 4.07562e+14 3.78617e+14 
65600 7.2407e+19 3.04465e+15 4.06747e+14 3.7802e+14 
65800 7.2407e+19 3.04369e+15 4.05878e+14 3.77585e+14 
66000 7.2407e+19 3.04279e+15 4.05227e+14 3.77042e+14 
66200 7.2407e+19 3.04189e+15 4.04249e+14 3.76771e+14 
66400 7.2407e+19 3.0412e+15 4.03706e+14 3.76336e+14 
66600 7.2407e+19 3.04052e+15 4.03163e+14 3.76499e+14 
66800 7.2407e+19 3.03973e+15 4.02674e+14 3.76119e+14 
67000 7.2407e+19 3.03873e+15 4.02294e+14 3.76227e+14 
67200 7.2407e+19 3.03773e+15 4.01805e+14 3.76445e+14 
67400 7.2407e+19 3.03711e+15 4.01642e+14 3.76771e+14 
67600 7.2407e+19 3.03617e+15 4.01045e+14 3.76988e+14 
67800 7.2407e+19 3.03539e+15 4.00556e+14 3.77096e+14 
68000 7.2407e+19 3.03445e+15 3.99796e+14 3.76879e+14 
68200 7.2407e+19 3.03351e+15 3.99796e+14 3.77205e+14 
68400 7.2407e+19 3.0329e+15 3.99416e+14 3.77422e+14 
68600 7.2407e+19 3.03223e+15 3.98873e+14 3.77802e+14 
68800 7.2407e+19 3.03146e+15 3.98384e+14 3.78345e+14 
69000 7.2407e+19 3.0307e+15 3.98113e+14 3.78345e+14 
69200 7.2407e+19 3.02993e+15 3.98167e+14 3.7916e+14 
69400 7.2407e+19 3.02917e+15 3.98167e+14 3.79594e+14 
69600 7.2407e+19 3.02835e+15 3.97732e+14 3.80083e+14 
69800 7.2407e+19 3.02775e+15 3.97678e+14 3.80246e+14 
70000 7.2407e+19 3.02715e+15 3.97841e+14 3.80626e+14 
70200 7.2407e+19 3.02656e+15 3.97569e+14 3.81006e+14 
70400 7.2407e+19 3.02602e+15 3.97569e+14 3.81115e+14 
70600 7.2407e+19 3.02587e+15 3.98275e+14 3.81115e+14 
70800 7.2407e+19 3.02593e+15 3.98981e+14 3.80843e+14 
71000 7.2407e+19 3.02578e+15 4.0023e+14 3.80463e+14 
71200 7.2407e+19 3.02557e+15 4.01317e+14 3.80518e+14 
71400 7.2407e+19 3.02585e+15 4.01914e+14 3.80137e+14 
71600 7.2407e+19 3.02576e+15 4.03706e+14 3.80681e+14 
71800 7.2407e+19 3.02572e+15 4.04466e+14 3.80246e+14 
72000 7.2407e+19 3.02542e+15 4.05444e+14 3.79757e+14 
72200 7.2407e+19 3.02516e+15 4.06476e+14 3.79594e+14 
72400 7.2407e+19 3.02475e+15 4.0729e+14 3.7992e+14 
72600 7.2407e+19 3.02434e+15 4.0767e+14 3.79377e+14 
72800 7.2407e+19 3.0242e+15 4.07073e+14 3.78997e+14 
73000 7.2407e+19 3.02385e+15 4.07453e+14 3.78508e+14 
73200 7.2407e+19 3.02317e+15 4.0805e+14 3.78563e+14 
73400 7.2407e+19 3.02314e+15 4.07942e+14 3.78128e+14 
73600 7.2407e+19 3.02301e+15 4.07399e+14 3.77748e+14 
73800 7.2407e+19 3.02294e+15 4.07616e+14 3.77368e+14 
74000 7.2407e+19 3.02226e+15 4.07344e+14 3.77096e+14 
74200 7.2407e+19 3.0217e+15 4.07073e+14 3.76227e+14 
74400 7.2407e+19 3.02125e+15 4.06856e+14 3.76445e+14 
74600 7.2407e+19 3.02107e+15 4.06693e+14 3.76499e+14 
74800 7.24069e+19 3.02068e+15 4.06584e+14 3.76119e+14 
75000 7.24069e+19 3.02007e+15 4.06367e+14 3.76336e+14 
75200 7.24069e+19 3.01935e+15 4.05607e+14 3.75413e+14 
75400 7.24069e+19 3.01929e+15 4.05281e+14 3.75141e+14 
75600 7.24069e+19 3.01857e+15 4.04738e+14 3.74924e+14 
75800 7.24069e+19 3.01824e+15 4.03597e+14 3.74381e+14 
76000 7.24069e+19 3.01753e+15 4.03e+14 3.74327e+14 
76200 7.24069e+19 3.01725e+15 4.02185e+14 3.73675e+14 
76400 7.24069e+19 3.01644e+15 4.01317e+14 3.73295e+14 
76600 7.24069e+19 3.01584e+15 4.00393e+14 3.73458e+14 
76800 7.24069e+19 3.01519e+15 3.99579e+14 3.73186e+14 
77000 7.24069e+19 3.01448e+15 3.9947e+14 3.73186e+14 
77200 7.24069e+19 3.01384e+15 3.99253e+14 3.73458e+14 
77400 7.24069e+19 3.01308e+15 3.98058e+14 3.73295e+14 
77600 7.24069e+19 3.0126e+15 3.97624e+14 3.73404e+14 
77800 7.24069e+19 3.01206e+15 3.96972e+14 3.73404e+14 
78000 7.24069e+19 3.01163e+15 3.96483e+14 3.73349e+14 
78200 7.24069e+19 3.01126e+15 3.95614e+14 3.73729e+14 
78400 7.24069e+19 3.01068e+15 3.95234e+14 3.73784e+14 
78600 7.24069e+19 3.00993e+15 3.95126e+14 3.74001e+14 
78800 7.24069e+19 3.00918e+15 3.94854e+14 3.74327e+14 
79000 7.24069e+19 3.00887e+15 3.94637e+14 3.75033e+14 
79200 7.24069e+19 3.00856e+15 3.9442e+14 3.75684e+14 
79400 7.24069e+19 3.00793e+15 3.94365e+14 3.75902e+14 
79600 7.24069e+19 3.0074e+15 3.94474e+14 3.76662e+14 
79800 7.24069e+19 3.00656e+15 3.94528e+14 3.77205e+14 
80000 7.24069e+19 3.00631e+15 3.94909e+14 3.77965e+14 
80200 7.24069e+19 3.00584e+15 3.95452e+14 3.79106e+14 
80400 7.24069e+19 3.00576e+15 3.9594e+14 3.79323e+14 
80600 7.24069e+19 3.00529e+15 3.9594e+14 3.79812e+14 
80800 7.24069e+19 3.00516e+15 3.96646e+14 3.78834e+14 
81000 7.24069e+19 3.00529e+15 3.97026e+14 3.784e+14 
81200 7.24069e+19 3.00499e+15 3.97569e+14 3.77694e+14 
81400 7.24069e+19 3.00513e+15 3.98058e+14 3.76716e+14 
81600 7.24069e+19 3.00527e+15 3.9871e+14 3.76282e+14 
81800 7.24069e+19 3.00509e+15 3.9985e+14 3.7639e+14 
82000 7.24069e+19 3.00555e+15 4.00502e+14 3.76336e+14 
82200 7.24069e+19 3.00553e+15 4.00882e+14 3.76119e+14 
82400 7.24069e+19 3.00524e+15 4.01968e+14 3.76227e+14 
82600 7.24069e+19 3.00506e+15 4.03109e+14 3.76608e+14 
82800 7.24069e+19 3.0045e+15 4.03326e+14 3.76336e+14 
83000 7.24069e+19 3.00433e+15 4.04195e+14 3.76065e+14 
83200 7.24069e+19 3.00415e+15 4.04466e+14 3.75739e+14 
83400 7.24069e+19 3.00381e+15 4.04358e+14 3.75847e+14 
83600 7.24069e+19 3.00369e+15 4.04249e+14 3.7487e+14 
83800 7.24069e+19 3.00314e+15 4.03815e+14 3.73947e+14 
84000 7.24069e+19 3.00264e+15 4.03272e+14 3.73566e+14 
84200 7.24069e+19 3.00192e+15 4.03163e+14 3.72969e+14 
84400 7.24069e+19 3.00132e+15 4.03163e+14 3.72589e+14 
84600 7.24069e+19 3.00066e+15 4.03054e+14 3.72317e+14 
84800 7.24069e+19 2.99995e+15 4.02674e+14 3.721e+14 
85000 7.24069e+19 2.99919e+15 4.01914e+14 3.71503e+14 
85200 7.24069e+19 2.99864e+15 4.01425e+14 3.71014e+14 
85400 7.24069e+19 2.99821e+15 4.00773e+14 3.71068e+14 
85600 7.24069e+19 2.99739e+15 3.99959e+14 3.70254e+14 
85800 7.24069e+19 2.99685e+15 3.98873e+14 3.69548e+14 
86000 7.24069e+19 2.9962e+15 3.9871e+14 3.69439e+14 
86200 7.24069e+19 2.99566e+15 3.97732e+14 3.69222e+14 
86400 7.24069e+19 2.99496e+15 3.97244e+14 3.69494e+14 
86600 7.24069e+19 2.99431e+15 3.96972e+14 3.69602e+14 
86800 7.24069e+19 2.99377e+15 3.96212e+14 3.68788e+14 
87000 7.24069e+19 2.99362e+15 3.95506e+14 3.68733e+14 
87200 7.24069e+19 2.99292e+15 3.95397e+14 3.69494e+14 
87400 7.24069e+19 2.99238e+15 3.948e+14 3.69385e+14 
87600 7.24069e+19 2.99185e+15 3.93985e+14 3.69439e+14 
87800 7.24069e+19 2.99116e+15 3.93388e+14 3.69602e+14 
88000 7.24069e+19 2.99052e+15 3.92465e+14 3.69494e+14 
88200 7.24069e+19 2.98961e+15 3.91813e+14 3.69657e+14 
88400 7.24069e+19 2.98887e+15 3.91487e+14 3.69982e+14 
88600 7.24069e+19 2.98823e+15 3.91324e+14 3.7058e+14 
88800 7.24069e+19 2.98738e+15 3.90999e+14 3.7096e+14 
89000 7.24069e+19 2.98664e+15 3.91053e+14 3.71557e+14 
89200 7.24069e+19 2.98617e+15 3.9089e+14 3.72372e+14 
89400 7.24069e+19 2.98527e+15 3.90944e+14 3.72589e+14 
89600 7.24069e+19 2.98475e+15 3.90564e+14 3.72861e+14 
89800 7.24069e+19 2.98406e+15 3.90347e+14 3.72861e+14 
90000 7.24069e+19 2.98371e+15 3.90075e+14 3.73241e+14 
90200 7.24069e+19 2.98361e+15 3.90075e+14 3.73784e+14 
90400 7.24069e+19 2.98342e+15 3.90401e+14 3.74055e+14 
90600 7.24069e+19 2.9829e+15 3.90564e+14 3.73186e+14 
90800 7.24069e+19 2.98325e+15 3.91324e+14 3.72752e+14 
91000 7.24069e+19 2.98306e+15 3.91867e+14 3.72372e+14 
91200 7.24069e+19 2.98249e+15 3.92465e+14 3.71937e+14 
91400 7.24069e+19 2.98291e+15 3.93334e+14 3.71286e+14 
91600 7.24069e+19 2.98299e+15 3.93985e+14 3.70634e+14 
91800 7.24069e+19 2.98308e+15 3.95017e+14 3.7096e+14 
92000 7.24069e+19 2.98316e+15 3.95669e+14 3.70091e+14 
92200 7.24069e+19 2.98297e+15 3.95614e+14 3.69331e+14 
92400 7.24069e+19 2.98279e+15 3.95886e+14 3.69005e+14 
92600 7.24069e+19 2.98326e+15 3.96809e+14 3.69385e+14 
92800 7.24069e+19 2.9828e+15 3.97569e+14 3.69439e+14 
93000 7.24069e+19 2.9825e+15 3.97298e+14 3.68516e+14 
93200 7.24069e+19 2.98237e+15 3.97298e+14 3.68407e+14 
93400 7.24069e+19 2.98175e+15 3.97515e+14 3.68136e+14 
93600 7.24069e+19 2.98173e+15 3.97624e+14 3.67756e+14 
93800 7.24069e+19 2.98129e+15 3.97787e+14 3.6781e+14 
94000 7.24069e+19 2.98057e+15 3.97624e+14 3.66996e+14 
94200 7.24069e+19 2.98023e+15 3.96972e+14 3.66235e+14 
94400 7.24069e+19 2.97979e+15 3.96158e+14 3.65855e+14 
94600 7.24069e+19 2.9794e+15 3.9556e+14 3.65421e+14 
94800 7.24069e+19 2.97901e+15 3.95234e+14 3.64986e+14 
95000 7.24069e+19 2.97868e+15 3.95017e+14 3.64986e+14 
95200 7.24069e+19 2.97808e+15 3.95017e+14 3.64552e+14 
95400 7.24069e+19 2.97742e+15 3.94365e+14 3.639e+14 
95600 7.24069e+19 2.97715e+15 3.94094e+14 3.64063e+14 
95800 7.24069e+19 2.97639e+15 3.92954e+14 3.63737e+14 
96000 7.24069e+19 2.97596e+15 3.92682e+14 3.63954e+14 
96200 7.24069e+19 2.9752e+15 3.9203e+14 3.63194e+14 
96400 7.24069e+19 2.97455e+15 3.91216e+14 3.63031e+14 
96600 7.24069e+19 2.97417e+15 3.90727e+14 3.6276e+14 
96800 7.24069e+19 2.97363e+15 3.89695e+14 3.62325e+14 
97000 7.24069e+19 2.97326e+15 3.88881e+14 3.62488e+14 
97200 7.24069e+19 2.97267e+15 3.88392e+14 3.62488e+14 
97400 7.24069e+19 2.97181e+15 3.87795e+14 3.62271e+14 
97600 7.24069e+19 2.97154e+15 3.86871e+14 3.62325e+14 
97800 7.24069e+19 2.97101e+15 3.86654e+14 3.62868e+14 
98000 7.24069e+19 2.97021e+15 3.86274e+14 3.63031e+14 
98200 7.24069e+19 2.96962e+15 3.85948e+14 3.63303e+14 
98400 7.24069e+19 2.96898e+15 3.85677e+14 3.63629e+14 
98600 7.24069e+19 2.96834e+15 3.85351e+14 3.639e+14 
98800 7.24069e+19 2.96781e+15 3.85134e+14 3.64335e+14 
99000 7.24069e+19 2.96718e+15 3.8459e+14 3.64769e+14 
99200 7.24069e+19 2.96665e+15 3.83939e+14 3.64932e+14 
99400 7.24069e+19 2.96623e+15 3.83885e+14 3.65366e+14 
99600 7.24069e+19 2.96554e+15 3.83559e+14 3.66127e+14 
99800 7.24069e+19 2.96562e+15 3.83179e+14 3.66507e+14 
100000 7.24069e+19 2.96482e+15 3.8345e+14 3.67756e+14 
100200 7.24069e+19 2.96468e+15 3.83939e+14 3.68625e+14 
100400 7.24069e+19 2.96437e+15 3.84428e+14 3.69276e+14 
100600 7.24069e+19 2.96521e+15 3.85079e+14 3.69113e+14 
100800 7.24069e+19 2.96458e+15 3.86057e+14 3.68896e+14 
101000 7.24069e+19 2.96482e+15 3.87306e+14 3.68462e+14 
101200 7.24069e+19 2.96468e+15 3.87577e+14 3.67539e+14 
101400 7.24069e+19 2.96481e+15 3.88663e+14 3.67484e+14 
101600 7.24068e+19 2.96495e+15 3.90184e+14 3.67647e+14 
101800 7.24068e+19 2.96513e+15 3.90293e+14 3.66996e+14 
102000 7.24068e+19 2.96549e+15 3.91107e+14 3.66941e+14 
102200 7.24068e+19 2.96513e+15 3.9203e+14 3.66833e+14 
102400 7.24068e+19 2.96549e+15 3.92465e+14 3.66561e+14 
102600 7.24068e+19 2.96541e+15 3.92845e+14 3.66018e+14 
102800 7.24068e+19 2.96511e+15 3.92736e+14 3.65529e+14 
103000 7.24068e+19 2.96498e+15 3.93062e+14 3.65095e+14 
103200 7.24068e+19 2.96485e+15 3.93442e+14 3.65095e+14 
103400 7.24068e+19 2.96499e+15 3.93659e+14 3.64932e+14 
103600 7.24068e+19 2.96497e+15 3.93442e+14 3.64552e+14 
103800 7.24068e+19 2.96457e+15 3.93931e+14 3.64389e+14 
104000 7.24068e+19 2.96417e+15 3.93551e+14 3.639e+14 
104200 7.24068e+19 2.96399e+15 3.93225e+14 3.62977e+14 
104400 7.24068e+19 2.9637e+15 3.93225e+14 3.63248e+14 
104600 7.24068e+19 2.96292e+15 3.92682e+14 3.62705e+14 
104800 7.24068e+19 2.96247e+15 3.92519e+14 3.62325e+14 
105000 7.24068e+19 2.96175e+15 3.92248e+14 3.62217e+14 
105200 7.24068e+19 2.96108e+15 3.91487e+14 3.61402e+14 
105400 7.24068e+19 2.96058e+15 3.91216e+14 3.61402e+14 
105600 7.24068e+19 2.96002e+15 3.90347e+14 3.60968e+14 
105800 7.24068e+19 2.95958e+15 3.89587e+14 3.60805e+14 
106000 7.24068e+19 2.95918e+15 3.88935e+14 3.60099e+14 
106200 7.24068e+19 2.95863e+15 3.88175e+14 3.59936e+14 
106400 7.24068e+19 2.95851e+15 3.87089e+14 3.5961e+14 
106600 7.24068e+19 2.95796e+15 3.86437e+14 3.59393e+14 
106800 7.24068e+19 2.95724e+15 3.85785e+14 3.59393e+14 
107000 7.24068e+19 2.95642e+15 3.85459e+14 3.59338e+14 
107200 7.24068e+19 2.95592e+15 3.85188e+14 3.59393e+14 
107400 7.24068e+19 2.95521e+15 3.84699e+14 3.59827e+14 
107600 7.24068e+19 2.95449e+15 3.84373e+14 3.5961e+14 
107800 7.24068e+19 2.95384e+15 3.8383e+14 3.59664e+14 
108000 7.24068e+19 2.95323e+15 3.83124e+14 3.59827e+14 
108200 7.24068e+19 2.95318e+15 3.82473e+14 3.59719e+14 
108400 7.24068e+19 2.95263e+15 3.82147e+14 3.59827e+14 
108600 7.24068e+19 2.95225e+15 3.81441e+14 3.6037e+14 
108800 7.24068e+19 2.95181e+15 3.81332e+14 3.60859e+14 
109000 7.24068e+19 2.95132e+15 3.80681e+14 3.61239e+14 
109200 7.24068e+19 2.95067e+15 3.80843e+14 3.61837e+14 
109400 7.24068e+19 2.95007e+15 3.80681e+14 3.62217e+14 
109600 7.24068e+19 2.9492e+15 3.80626e+14 3.62923e+14 
109800 7.24068e+19 2.94915e+15 3.80626e+14 3.639e+14 
110000 7.24068e+19 2.94883e+15 3.80952e+14 3.64552e+14 
110200 7.24068e+19 2.9484e+15 3.81061e+14 3.65421e+14 
110400 7.24068e+19 2.9478e+15 3.81604e+14 3.65584e+14 
110600 7.24068e+19 2.94765e+15 3.82364e+14 3.65203e+14 
110800 7.24068e+19 2.94798e+15 3.82364e+14 3.63792e+14 
111000 7.24068e+19 2.94869e+15 3.82961e+14 3.63248e+14 
111200 7.24068e+19 2.94876e+15 3.83559e+14 3.62597e+14 
111400 7.24068e+19 2.94909e+15 3.84319e+14 3.61837e+14 
111600 7.24068e+19 2.9497e+15 3.84916e+14 3.61076e+14 
111800 7.24068e+19 2.94971e+15 3.85785e+14 3.61402e+14 
112000 7.24068e+19 2.94983e+15 3.86545e+14 3.61022e+14 
112200 7.24068e+19 2.95022e+15 3.87469e+14 3.61131e+14 
112400 7.24068e+19 2.95023e+15 3.88012e+14 3.61185e+14 
112600 7.24068e+19 2.94998e+15 3.88392e+14 3.6075e+14 
112800 7.24068e+19 2.94999e+15 3.88772e+14 3.60805e+14 
113000 7.24068e+19 2.94963e+15 3.88989e+14 3.6037e+14 
113200 7.24068e+19 2.94915e+15 3.88826e+14 3.60099e+14 
113400 7.24068e+19 2.94895e+15 3.89152e+14 3.59338e+14 
113600 7.24068e+19 2.94859e+15 3.88935e+14 3.58687e+14 
113800 7.24068e+19 2.94817e+15 3.88663e+14 3.58252e+14 
114000 7.24068e+19 2.94781e+15 3.8812e+14 3.57546e+14 
114200 7.24068e+19 2.9474e+15 3.8774e+14 3.57166e+14 
114400 7.24068e+19 2.94676e+15 3.87414e+14 3.5684e+14 
114600 7.24068e+19 2.94608e+15 3.87197e+14 3.56515e+14 
114800 7.24068e+19 2.94556e+15 3.86763e+14 3.56406e+14 
115000 7.24068e+19 2.94514e+15 3.86654e+14 3.55537e+14 
115200 7.24068e+19 2.94468e+15 3.85677e+14 3.55103e+14 
115400 7.24068e+19 2.94443e+15 3.85188e+14 3.54831e+14 
115600 7.24068e+19 2.94386e+15 3.8459e+14 3.54288e+14 
115800 7.24068e+19 2.94323e+15 3.83559e+14 3.53962e+14 
116000 7.24068e+19 2.94293e+15 3.82744e+14 3.53745e+14 
116200 7.24068e+19 2.94301e+15 3.81984e+14 3.5293e+14 
116400 7.24068e+19 2.94238e+15 3.81332e+14 3.52822e+14 
116600 7.24068e+19 2.94132e+15 3.80572e+14 3.52659e+14 
116800 7.24068e+19 2.94048e+15 3.80192e+14 3.52442e+14 
117000 7.24068e+19 2.93981e+15 3.79594e+14 3.52876e+14 
117200 7.24068e+19 2.93929e+15 3.78834e+14 3.52822e+14 
117400 7.24068e+19 2.93867e+15 3.784e+14 3.53093e+14 
117600 7.24068e+19 2.93805e+15 3.77748e+14 3.53202e+14 
117800 7.24068e+19 2.93803e+15 3.77259e+14 3.53093e+14 
118000 7.24068e+19 2.93724e+15 3.76608e+14 3.52985e+14 
118200 7.24068e+19 2.93673e+15 3.76227e+14 3.53528e+14 
118400 7.24068e+19 2.93633e+15 3.76282e+14 3.54342e+14 
118600 7.24068e+19 2.93566e+15 3.75739e+14 3.54831e+14 
118800 7.24068e+19 2.9351e+15 3.75304e+14 3.55374e+14 
119000 7.24068e+19 2.93459e+15 3.75141e+14 3.55591e+14 
119200 7.24068e+19 2.93403e+15 3.7487e+14 3.56134e+14 
119400 7.24068e+19 2.93363e+15 3.7449e+14 3.56515e+14 
119600 7.24068e+19 2.93318e+15 3.74164e+14 3.56895e+14 
119800 7.24068e+19 2.93273e+15 3.74272e+14 3.57601e+14 
120000 7.24068e+19 2.93228e+15 3.74272e+14 3.58144e+14 
120200 7.24068e+19 2.93183e+15 3.74544e+14 3.58904e+14 
120400 7.24068e+19 2.93165e+15 3.74598e+14 3.58741e+14 
120600 7.24068e+19 2.93218e+15 3.7525e+14 3.58687e+14 
120800 7.24068e+19 2.93211e+15 3.76119e+14 3.58741e+14 
121000 7.24068e+19 2.93248e+15 3.77857e+14 3.58958e+14 
121200 7.24068e+19 2.93274e+15 3.79106e+14 3.58904e+14 
121400 7.24068e+19 2.93289e+15 3.80409e+14 3.59447e+14 
121600 7.24068e+19 2.93293e+15 3.81224e+14 3.58795e+14 
121800 7.24068e+19 2.93292e+15 3.82473e+14 3.58741e+14 
122000 7.24068e+19 2.93242e+15 3.82853e+14 3.57764e+14 
122200 7.24068e+19 2.93296e+15 3.84319e+14 3.57655e+14 
122400 7.24068e+19 2.93295e+15 3.84699e+14 3.58089e+14 
122600 7.24068e+19 2.93353e+15 3.85514e+14 3.57818e+14 
122800 7.24068e+19 2.93396e+15 3.8584e+14 3.57709e+14 
123000 7.24068e+19 2.93428e+15 3.85677e+14 3.57438e+14 
123200 7.24068e+19 2.93438e+15 3.85731e+14 3.57003e+14 
123400 7.24068e+19 2.93421e+15 3.85785e+14 3.56732e+14 
123600 7.24068e+19 2.93415e+15 3.86274e+14 3.56678e+14 
123800 7.24068e+19 2.93398e+15 3.86545e+14 3.57329e+14 
124000 7.24068e+19 2.93392e+15 3.86383e+14 3.56569e+14 
124200 7.24067e+19 2.93407e+15 3.8698e+14 3.56569e+14 
124400 7.24067e+19 2.93412e+15 3.866e+14 3.56134e+14 
124600 7.24067e+19 2.93395e+15 3.86763e+14 3.56406e+14 
124800 7.24067e+19 2.93357e+15 3.86383e+14 3.55972e+14 
125000 7.24067e+19 2.93291e+15 3.85677e+14 3.55374e+14 
125200 7.24067e+19 2.93269e+15 3.85514e+14 3.55537e+14 
125400 7.24067e+19 2.93247e+15 3.85242e+14 3.55591e+14 
125600 7.24067e+19 2.93225e+15 3.85296e+14 3.55429e+14 
125800 7.24067e+19 2.9317e+15 3.84319e+14 3.5494e+14 
126000 7.24067e+19 2.93154e+15 3.84047e+14 3.55211e+14 
126200 7.24067e+19 2.93132e+15 3.83667e+14 3.55048e+14 
126400 7.24067e+19 2.93077e+15 3.83504e+14 3.55157e+14 
126600 7.24067e+19 2.93083e+15 3.82255e+14 3.54723e+14 
126800 7.24067e+19 2.93039e+15 3.82038e+14 3.54614e+14 
127000 7.24067e+19 2.93007e+15 3.81821e+14 3.54831e+14 
127200 7.24067e+19 2.92985e+15 3.81495e+14 3.55211e+14 
127400 7.24067e+19 2.92953e+15 3.80626e+14 3.55591e+14 
127600 7.24067e+19 2.92893e+15 3.80518e+14 3.55537e+14 
127800 7.24067e+19 2.92855e+15 3.79486e+14 3.55537e+14 
128000 7.24067e+19 2.92812e+15 3.79323e+14 3.56297e+14 
128200 7.24067e+19 2.92775e+15 3.78997e+14 3.56297e+14 
128400 7.24067e+19 2.92748e+15 3.78726e+14 3.56786e+14 
128600 7.24067e+19 2.92678e+15 3.78345e+14 3.56732e+14 
128800 7.24067e+19 2.9263e+15 3.78345e+14 3.57601e+14 
129000 7.24067e+19 2.92554e+15 3.78074e+14 3.5847e+14 
129200 7.24067e+19 2.92544e+15 3.77802e+14 3.58958e+14 
129400 7.24067e+19 2.92523e+15 3.78237e+14 3.60044e+14 
129600 7.24067e+19 2.92502e+15 3.78617e+14 3.61239e+14 
129800 7.24067e+19 2.92519e+15 3.78997e+14 3.62271e+14 
130000 7.24067e+19 2.9252e+15 3.78834e+14 3.63031e+14 
130200 7.24067e+19 2.92483e+15 3.79486e+14 3.63954e+14 
130400 7.24067e+19 2.92544e+15 3.79649e+14 3.63683e+14 
130600 7.24067e+19 2.92551e+15 3.80246e+14 3.63683e+14 
130800 7.24067e+19 2.92546e+15 3.81006e+14 3.62977e+14 
131000 7.24067e+19 2.92542e+15 3.8193e+14 3.62814e+14 
131200 7.24067e+19 2.92592e+15 3.82473e+14 3.61999e+14 
131400 7.24067e+19 2.9261e+15 3.83722e+14 3.61456e+14 
131600 7.24067e+19 2.92628e+15 3.84808e+14 3.61619e+14 
131800 7.24067e+19 2.92634e+15 3.85188e+14 3.60805e+14 
132000 7.24067e+19 2.92647e+15 3.85894e+14 3.60696e+14 
132200 7.24067e+19 2.92626e+15 3.86926e+14 3.60913e+14 
132400 7.24067e+19 2.92612e+15 3.87306e+14 3.60479e+14 
132600 7.24067e+19 2.92619e+15 3.88555e+14 3.60968e+14 
132800 7.24067e+19 2.92615e+15 3.89206e+14 3.61131e+14 
133000 7.24067e+19 2.92627e+15 3.88935e+14 3.60099e+14 
133200 7.24067e+19 2.92624e+15 3.88989e+14 3.59936e+14 
133400 7.24067e+19 2.92674e+15 3.89044e+14 3.59827e+14 
133600 7.24067e+19 2.92665e+15 3.88663e+14 3.59176e+14 
133800 7.24067e+19 2.92613e+15 3.88718e+14 3.59393e+14 
134000 7.24067e+19 2.92555e+15 3.88718e+14 3.59013e+14 
134200 7.24067e+19 2.92519e+15 3.88881e+14 3.58904e+14 
134400 7.24067e+19 2.92505e+15 3.88718e+14 3.58578e+14 
134600 7.24067e+19 2.92458e+15 3.885e+14 3.5847e+14 
134800 7.24067e+19 2.92395e+15 3.88718e+14 3.58144e+14 
135000 7.24067e+19 2.92349e+15 3.88229e+14 3.57818e+14 
135200 7.24067e+19 2.92313e+15 3.87903e+14 3.58089e+14 
135400 7.24067e+19 2.92299e+15 3.87469e+14 3.57709e+14 
135600 7.24067e+19 2.9229e+15 3.87414e+14 3.57329e+14 
135800 7.24067e+19 2.9226e+15 3.86871e+14 3.57492e+14 
136000 7.24067e+19 2.92219e+15 3.8622e+14 3.57221e+14 
136200 7.24067e+19 2.92194e+15 3.85894e+14 3.57601e+14 
136400 7.24067e+19 2.92186e+15 3.85188e+14 3.57492e+14 
136600 7.24067e+19 2.92107e+15 3.84916e+14 3.57384e+14 
136800 7.24067e+19 2.92071e+15 3.84319e+14 3.57872e+14 
137000 7.24067e+19 2.91998e+15 3.83667e+14 3.57438e+14 
137200 7.24067e+19 2.91935e+15 3.83396e+14 3.57872e+14 
137400 7.24067e+19 2.919e+15 3.82961e+14 3.57872e+14 
137600 7.24067e+19 2.91827e+15 3.82201e+14 3.57818e+14 
137800 7.24067e+19 2.91786e+15 3.81604e+14 3.58089e+14 
138000 7.24067e+19 2.91751e+15 3.81169e+14 3.58035e+14 
138200 7.24067e+19 2.91732e+15 3.80789e+14 3.5847e+14 
138400 7.24067e+19 2.91658e+15 3.80518e+14 3.58795e+14 
138600 7.24067e+19 2.91634e+15 3.80083e+14 3.59067e+14 
138800 7.24067e+19 2.91582e+15 3.79377e+14 3.59501e+14 
139000 7.24067e+19 2.91509e+15 3.79377e+14 3.5999e+14 
139200 7.24067e+19 2.91469e+15 3.78943e+14 3.60153e+14 
139400 7.24067e+19 2.91455e+15 3.78617e+14 3.60533e+14 
139600 7.24067e+19 2.91382e+15 3.78291e+14 3.60968e+14 
139800 7.24067e+19 2.91337e+15 3.78454e+14 3.61728e+14 
140000 7.24067e+19 2.91362e+15 3.78943e+14 3.6276e+14 
140200 7.24067e+19 2.91332e+15 3.78997e+14 3.63031e+14 
140400 7.24067e+19 2.91309e+15 3.7878e+14 3.63248e+14 
140600 7.24067e+19 2.91269e+15 3.79431e+14 3.6314e+14 
140800 7.24067e+19 2.91256e+15 3.80463e+14 3.6314e+14 
141000 7.24067e+19 2.91308e+15 3.81495e+14 3.63031e+14 
141200 7.24067e+19 2.91295e+15 3.82527e+14 3.62868e+14 
141400 7.24067e+19 2.91272e+15 3.83341e+14 3.62705e+14 
141600 7.24067e+19 2.91352e+15 3.84156e+14 3.6238e+14 
141800 7.24067e+19 2.91372e+15 3.85459e+14 3.6238e+14 
142000 7.24067e+19 2.91391e+15 3.86383e+14 3.61999e+14 
142200 7.24067e+19 2.91395e+15 3.86817e+14 3.61565e+14 
142400 7.24067e+19 2.91398e+15 3.87632e+14 3.61402e+14 
142600 7.24067e+19 2.91358e+15 3.87903e+14 3.6075e+14 
142800 7.24067e+19 2.91362e+15 3.885e+14 3.6037e+14 
143000 7.24067e+19 2.91398e+15 3.88989e+14 3.60425e+14 
143200 7.24067e+19 2.91364e+15 3.88935e+14 3.5999e+14 
143400 7.24067e+19 2.91357e+15 3.89044e+14 3.59664e+14 
143600 7.24067e+19 2.91356e+15 3.88881e+14 3.59393e+14 
143800 7.24067e+19 2.91327e+15 3.88283e+14 3.58741e+14 
144000 7.24067e+19 2.91342e+15 3.87686e+14 3.57927e+14 
144200 7.24067e+19 2.91351e+15 3.87849e+14 3.57709e+14 
144400 7.24067e+19 2.91356e+15 3.87197e+14 3.57601e+14 
144600 7.24067e+19 2.91327e+15 3.86817e+14 3.57058e+14 
144800 7.24067e+19 2.91299e+15 3.86057e+14 3.55917e+14 
145000 7.24067e+19 2.9133e+15 3.85894e+14 3.55646e+14 
145200 7.24067e+19 2.9128e+15 3.85079e+14 3.5532e+14 
145400 7.24067e+19 2.91258e+15 3.84753e+14 3.55537e+14 
145600 7.24067e+19 2.91213e+15 3.84047e+14 3.54885e+14 
145800 7.24067e+19 2.91142e+15 3.83504e+14 3.54125e+14 
146000 7.24067e+19 2.91108e+15 3.82907e+14 3.53854e+14 
146200 7.24067e+19 2.91069e+15 3.8193e+14 3.53745e+14 
146400 7.24067e+19 2.91052e+15 3.81712e+14 3.53528e+14 
146600 7.24067e+19 2.91008e+15 3.81061e+14 3.53691e+14 
146800 7.24067e+19 2.90953e+15 3.803e+14 3.53365e+14 
147000 7.24067e+19 2.90908e+15 3.79812e+14 3.53039e+14 
147200 7.24067e+19 2.90859e+15 3.79106e+14 3.53039e+14 
147400 7.24067e+19 2.90799e+15 3.78508e+14 3.52876e+14 
147600 7.24067e+19 2.90755e+15 3.78074e+14 3.53311e+14 
147800 7.24067e+19 2.907e+15 3.77151e+14 3.53474e+14 
148000 7.24067e+19 2.90645e+15 3.76608e+14 3.53582e+14 
148200 7.24067e+19 2.90601e+15 3.7563e+14 3.53582e+14 
148400 7.24067e+19 2.90574e+15 3.75304e+14 3.54125e+14 
148600 7.24067e+19 2.90557e+15 3.75141e+14 3.54397e+14 
148800 7.24067e+19 2.90508e+15 3.74707e+14 3.54614e+14 
149000 7.24067e+19 2.90459e+15 3.74055e+14 3.54885e+14 
149200 7.24067e+19 2.90393e+15 3.74001e+14 3.55374e+14 
149400 7.24067e+19 2.90339e+15 3.73349e+14 3.55646e+14 
149600 7.24067e+19 2.90317e+15 3.73675e+14 3.5646e+14 
149800 7.24067e+19 2.90257e+15 3.73675e+14 3.57058e+14 
150000 7.24067e+19 2.9023e+15 3.73729e+14 3.57492e+14 
150200 7.24066e+19 2.90181e+15 3.73566e+14 3.57655e+14 
150400 7.24066e+19 2.90176e+15 3.73784e+14 3.57872e+14 
150600 7.24066e+19 2.90176e+15 3.74272e+14 3.56678e+14 
150800 7.24066e+19 2.9023e+15 3.75033e+14 3.56895e+14 
151000 7.24066e+19 2.90214e+15 3.76173e+14 3.56189e+14 
151200 7.24066e+19 2.90236e+15 3.77259e+14 3.56134e+14 
151400 7.24066e+19 2.90237e+15 3.78237e+14 3.55754e+14 
151600 7.24066e+19 2.90286e+15 3.78888e+14 3.55157e+14 
151800 7.24066e+19 2.90302e+15 3.79975e+14 3.55211e+14 
152000 7.24066e+19 2.90314e+15 3.81006e+14 3.54668e+14 
152200 7.24066e+19 2.90314e+15 3.8193e+14 3.55591e+14 
152400 7.24066e+19 2.90309e+15 3.8193e+14 3.55157e+14 
152600 7.24066e+19 2.9031e+15 3.82581e+14 3.55374e+14 
152800 7.24066e+19 2.90283e+15 3.82907e+14 3.55103e+14 
153000 7.24066e+19 2.90267e+15 3.83124e+14 3.55374e+14 
153200 7.24066e+19 2.90262e+15 3.8383e+14 3.5494e+14 
153400 7.24066e+19 2.90247e+15 3.84373e+14 3.54668e+14 
153600 7.24066e+19 2.90258e+15 3.8421e+14 3.54723e+14 
153800 7.24066e+19 2.90226e+15 3.84319e+14 3.53962e+14 
154000 7.24066e+19 2.90162e+15 3.8421e+14 3.53745e+14 
154200 7.24066e+19 2.90141e+15 3.84156e+14 3.54017e+14 
154400 7.24066e+19 2.90147e+15 3.83504e+14 3.53582e+14 
154600 7.24066e+19 2.90105e+15 3.83504e+14 3.53474e+14 
154800 7.24066e+19 2.90073e+15 3.82961e+14 3.53039e+14 
155000 7.24066e+19 2.90025e+15 3.82092e+14 3.52224e+14 
155200 7.24066e+19 2.90004e+15 3.81875e+14 3.5179e+14 
155400 7.24066e+19 2.89967e+15 3.81115e+14 3.51138e+14 
155600 7.24066e+19 2.89903e+15 3.80626e+14 3.5065e+14 
155800 7.24066e+19 2.89877e+15 3.80192e+14 3.50487e+14 
156000 7.24066e+19 2.8984e+15 3.79812e+14 3.5065e+14 
156200 7.24066e+19 2.89786e+15 3.79431e+14 3.50378e+14 
156400 7.24066e+19 2.8975e+15 3.78834e+14 3.49835e+14 
156600 7.24066e+19 2.89696e+15 3.78617e+14 3.50107e+14 
156800 7.24066e+19 2.89643e+15 3.78291e+14 3.50215e+14 
157000 7.24066e+19 2.89574e+15 3.77314e+14 3.50487e+14 
157200 7.24066e+19 2.89532e+15 3.76336e+14 3.50161e+14 
157400 7.24066e+19 2.89468e+15 3.75359e+14 3.50487e+14 
157600 7.24066e+19 2.89398e+15 3.74653e+14 3.50595e+14 
157800 7.24066e+19 2.89373e+15 3.74055e+14 3.50541e+14 
158000 7.24066e+19 2.89347e+15 3.73621e+14 3.50921e+14 
158200 7.24066e+19 2.89316e+15 3.73186e+14 3.50975e+14 
158400 7.24066e+19 2.89257e+15 3.73186e+14 3.51301e+14 
158600 7.24066e+19 2.89194e+15 3.72861e+14 3.51844e+14 
158800 7.24066e+19 2.89141e+15 3.72698e+14 3.52116e+14 
159000 7.24066e+19 2.89082e+15 3.72372e+14 3.52659e+14 
159200 7.24066e+19 2.89002e+15 3.72046e+14 3.52822e+14 
159400 7.24066e+19 2.88971e+15 3.71937e+14 3.53202e+14 
159600 7.24066e+19 2.88929e+15 3.71612e+14 3.53745e+14 
159800 7.24066e+19 2.88904e+15 3.71937e+14 3.54777e+14 
160000 7.24066e+19 2.88846e+15 3.7172e+14 3.54994e+14 
160200 7.24066e+19 2.88809e+15 3.71503e+14 3.55483e+14 
160400 7.24066e+19 2.88784e+15 3.7134e+14 3.55809e+14 
160600 7.24066e+19 2.88774e+15 3.71774e+14 3.55591e+14 
160800 7.24066e+19 2.88808e+15 3.72861e+14 3.55972e+14 
161000 7.24066e+19 2.88799e+15 3.73838e+14 3.55537e+14 
161200 7.24066e+19 2.88806e+15 3.75196e+14 3.55266e+14 
161400 7.24066e+19 2.88791e+15 3.76282e+14 3.54723e+14 
161600 7.24066e+19 2.88793e+15 3.77151e+14 3.54614e+14 
161800 7.24066e+19 2.88794e+15 3.78345e+14 3.54179e+14 
162000 7.24066e+19 2.88812e+15 3.79377e+14 3.54994e+14 
162200 7.24066e+19 2.88825e+15 3.80246e+14 3.54668e+14 
162400 7.24066e+19 2.88843e+15 3.81061e+14 3.55157e+14 
162600 7.24066e+19 2.88845e+15 3.8193e+14 3.55754e+14 
162800 7.24066e+19 2.88814e+15 3.82635e+14 3.55646e+14 
163000 7.24066e+19 2.88816e+15 3.83341e+14 3.55646e+14 
163200 7.24066e+19 2.88866e+15 3.83396e+14 3.5494e+14 
163400 7.24066e+19 2.88846e+15 3.83667e+14 3.55266e+14 
163600 7.24066e+19 2.88826e+15 3.83885e+14 3.54994e+14 
163800 7.24066e+19 2.88834e+15 3.83939e+14 3.5494e+14 
164000 7.24066e+19 2.88819e+15 3.83722e+14 3.5456e+14 
164200 7.24066e+19 2.88783e+15 3.8345e+14 3.53582e+14 
164400 7.24066e+19 2.88807e+15 3.83722e+14 3.54125e+14 
164600 7.24066e+19 2.88825e+15 3.83124e+14 3.53691e+14 
164800 7.24066e+19 2.88833e+15 3.82961e+14 3.53039e+14 
165000 7.24066e+19 2.88797e+15 3.82635e+14 3.52985e+14 
165200 7.24066e+19 2.88729e+15 3.82364e+14 3.52876e+14 
165400 7.24066e+19 2.88688e+15 3.81821e+14 3.52496e+14 
165600 7.24066e+19 2.88641e+15 3.81278e+14 3.52007e+14 
165800 7.24066e+19 2.88676e+15 3.81224e+14 3.52116e+14 
166000 7.24066e+19 2.88624e+15 3.80463e+14 3.51519e+14 
166200 7.24066e+19 2.88583e+15 3.79649e+14 3.51247e+14 
166400 7.24066e+19 2.88553e+15 3.78997e+14 3.5141e+14 
166600 7.24066e+19 2.88463e+15 3.7878e+14 3.5141e+14 
166800 7.24066e+19 2.88433e+15 3.78291e+14 3.51193e+14 
167000 7.24066e+19 2.88376e+15 3.77748e+14 3.50921e+14 
167200 7.24066e+19 2.88324e+15 3.77151e+14 3.5141e+14 
167400 7.24066e+19 2.8831e+15 3.76662e+14 3.5141e+14 
167600 7.24066e+19 2.88248e+15 3.75739e+14 3.51138e+14 
167800 7.24066e+19 2.88196e+15 3.75196e+14 3.51301e+14 
168000 7.24066e+19 2.88112e+15 3.74653e+14 3.51519e+14 
168200 7.24066e+19 2.88077e+15 3.74055e+14 3.51573e+14 
168400 7.24066e+19 2.88047e+15 3.73784e+14 3.51844e+14 
168600 7.24066e+19 2.87985e+15 3.72915e+14 3.51844e+14 
168800 7.24066e+19 2.87928e+15 3.72372e+14 3.52442e+14 
169000 7.24066e+19 2.8792e+15 3.72263e+14 3.5293e+14 
169200 7.24066e+19 2.87852e+15 3.72372e+14 3.53799e+14 
169400 7.24066e+19 2.87806e+15 3.7248e+14 3.54397e+14 
169600 7.24066e+19 2.87771e+15 3.71883e+14 3.54505e+14 
169800 7.24066e+19 2.87736e+15 3.721e+14 3.55211e+14 
170000 7.24066e+19 2.87718e+15 3.72372e+14 3.55972e+14 
170200 7.24066e+19 2.87688e+15 3.72698e+14 3.56569e+14 
170400 7.24066e+19 2.87686e+15 3.73458e+14 3.57058e+14 
170600 7.24066e+19 2.87667e+15 3.74653e+14 3.57709e+14 
170800 7.24066e+19 2.87676e+15 3.75467e+14 3.57601e+14 
171000 7.24066e+19 2.87695e+15 3.76988e+14 3.57927e+14 
171200 7.24066e+19 2.87725e+15 3.78128e+14 3.57329e+14 
171400 7.24066e+19 2.8775e+15 3.7878e+14 3.56569e+14 
171600 7.24066e+19 2.87791e+15 3.79431e+14 3.56243e+14 
171800 7.24066e+19 2.87876e+15 3.80518e+14 3.56406e+14 
172000 7.24065e+19 2.87896e+15 3.81495e+14 3.56732e+14 
172200 7.24065e+19 2.87926e+15 3.82147e+14 3.56678e+14 
172400 7.24065e+19 2.87951e+15 3.83016e+14 3.56786e+14 
172600 7.24065e+19 2.87954e+15 3.83722e+14 3.56895e+14 
172800 7.24065e+19 2.87952e+15 3.84808e+14 3.57166e+14 
173000 7.24065e+19 2.87944e+15 3.85079e+14 3.57058e+14 
173200 7.24065e+19 2.87948e+15 3.85351e+14 3.56949e+14 
173400 7.24065e+19 2.87907e+15 3.85731e+14 3.56569e+14 
173600 7.24065e+19 2.87909e+15 3.8584e+14 3.5608e+14 
173800 7.24065e+19 2.87912e+15 3.85622e+14 3.55863e+14 
174000 7.24065e+19 2.87899e+15 3.85514e+14 3.55537e+14 
174200 7.24065e+19 2.87918e+15 3.85188e+14 3.55157e+14 
174400 7.24065e+19 2.87862e+15 3.84971e+14 3.55483e+14 
174600 7.24065e+19 2.87811e+15 3.84916e+14 3.55266e+14 
174800 7.24065e+19 2.87809e+15 3.84699e+14 3.54777e+14 
175000 7.24065e+19 2.87769e+15 3.8421e+14 3.54342e+14 
175200 7.24065e+19 2.87719e+15 3.83504e+14 3.54125e+14 
175400 7.24065e+19 2.87673e+15 3.83396e+14 3.53908e+14 
175600 7.24065e+19 2.87699e+15 3.82473e+14 3.53854e+14 
175800 7.24065e+19 2.87686e+15 3.82092e+14 3.53256e+14 
176000 7.24065e+19 2.8763e+15 3.81549e+14 3.52659e+14 
176200 7.24065e+19 2.87574e+15 3.81224e+14 3.52387e+14 
176400 7.24065e+19 2.87529e+15 3.80355e+14 3.52333e+14 
176600 7.24065e+19 2.87473e+15 3.79757e+14 3.52224e+14 
176800 7.24065e+19 2.87445e+15 3.79703e+14 3.52062e+14 
177000 7.24065e+19 2.87421e+15 3.7916e+14 3.5217e+14 
177200 7.24065e+19 2.8736e+15 3.78617e+14 3.52713e+14 
177400 7.24065e+19 2.87293e+15 3.77857e+14 3.52822e+14 
177600 7.24065e+19 2.87249e+15 3.77911e+14 3.53256e+14 
177800 7.24065e+19 2.87215e+15 3.77531e+14 3.53474e+14 
178000 7.24065e+19 2.87175e+15 3.77368e+14 3.53799e+14 
178200 7.24065e+19 2.87109e+15 3.76771e+14 3.53854e+14 
178400 7.24065e+19 2.87053e+15 3.76173e+14 3.54234e+14 
178600 7.24065e+19 2.87014e+15 3.75684e+14 3.54668e+14 
178800 7.24065e+19 2.86985e+15 3.74978e+14 3.54614e+14 
179000 7.24065e+19 2.86935e+15 3.74598e+14 3.54994e+14 
179200 7.24065e+19 2.86863e+15 3.74327e+14 3.55429e+14 
179400 7.24065e+19 2.86851e+15 3.74218e+14 3.55917e+14 
179600 7.24065e+19 2.86872e+15 3.74381e+14 3.56623e+14 
179800 7.24065e+19 2.86882e+15 3.74218e+14 3.5684e+14 
180000 7.24065e+19 2.86805e+15 3.74272e+14 3.57438e+14 
180200 7.24065e+19 2.86804e+15 3.74327e+14 3.57872e+14 
180400 7.24065e+19 2.86792e+15 3.74707e+14 3.58089e+14 
180600 7.24065e+19 2.86802e+15 3.75033e+14 3.58524e+14 
180800 7.24065e+19 2.86784e+15 3.75521e+14 3.58144e+14 
181000 7.24065e+19 2.86778e+15 3.7601e+14 3.58089e+14 
181200 7.24065e+19 2.86831e+15 3.77096e+14 3.57601e+14 
181400 7.24065e+19 2.86858e+15 3.77476e+14 3.57221e+14 
181600 7.24065e+19 2.86851e+15 3.78563e+14 3.56786e+14 
181800 7.24065e+19 2.86845e+15 3.7954e+14 3.56243e+14 
182000 7.24065e+19 2.8685e+15 3.803e+14 3.55972e+14 
182200 7.24065e+19 2.86843e+15 3.80681e+14 3.55266e+14 
182400 7.24065e+19 2.86897e+15 3.80735e+14 3.54397e+14 
182600 7.24065e+19 2.86858e+15 3.80572e+14 3.53419e+14 
182800 7.24065e+19 2.86841e+15 3.80518e+14 3.53582e+14 
183000 7.24065e+19 2.86857e+15 3.80572e+14 3.52224e+14 
183200 7.24065e+19 2.86872e+15 3.803e+14 3.51899e+14 
183400 7.24065e+19 2.86861e+15 3.79812e+14 3.51681e+14 
183600 7.24065e+19 2.86838e+15 3.79486e+14 3.50758e+14 
183800 7.24065e+19 2.86838e+15 3.79377e+14 3.50215e+14 
184000 7.24065e+19 2.86815e+15 3.79214e+14 3.50052e+14 
184200 7.24065e+19 2.86809e+15 3.7878e+14 3.49726e+14 
184400 7.24065e+19 2.86781e+15 3.78617e+14 3.49183e+14 
184600 7.24065e+19 2.86764e+15 3.78671e+14 3.49129e+14 
184800 7.24065e+19 2.86731e+15 3.78454e+14 3.48586e+14 
185000 7.24065e+19 2.86741e+15 3.77911e+14 3.48477e+14 
185200 7.24065e+19 2.86692e+15 3.77476e+14 3.47826e+14 
185400 7.24065e+19 2.86648e+15 3.77096e+14 3.46685e+14 
185600 7.24065e+19 2.86615e+15 3.76608e+14 3.46848e+14 
185800 7.24065e+19 2.86582e+15 3.76336e+14 3.47174e+14 
186000 7.24065e+19 2.86543e+15 3.75956e+14 3.47391e+14 
186200 7.24065e+19 2.86516e+15 3.75304e+14 3.47011e+14 
186400 7.24065e+19 2.86493e+15 3.74924e+14 3.4674e+14 
186600 7.24065e+19 2.86455e+15 3.73729e+14 3.46848e+14 
186800 7.24065e+19 2.86433e+15 3.73838e+14 3.46522e+14 
187000 7.24065e+19 2.86416e+15 3.72915e+14 3.46577e+14 
187200 7.24065e+19 2.86372e+15 3.72698e+14 3.46903e+14 
187400 7.24065e+19 2.86323e+15 3.72155e+14 3.47228e+14 
187600 7.24065e+19 2.86269e+15 3.71937e+14 3.47609e+14 
187800 7.24065e+19 2.86279e+15 3.71231e+14 3.47663e+14 
188000 7.24065e+19 2.86268e+15 3.70525e+14 3.48097e+14 
188200 7.24065e+19 2.86219e+15 3.702e+14 3.48369e+14 
188400 7.24065e+19 2.8617e+15 3.69874e+14 3.4864e+14 
188600 7.24065e+19 2.86154e+15 3.69548e+14 3.48966e+14 
188800 7.24065e+19 2.86137e+15 3.69494e+14 3.49509e+14 
189000 7.24065e+19 2.86104e+15 3.69548e+14 3.50215e+14 
189200 7.24065e+19 2.86088e+15 3.69385e+14 3.5103e+14 
189400 7.24065e+19 2.86061e+15 3.69439e+14 3.51464e+14 
189600 7.24065e+19 2.86028e+15 3.69548e+14 3.52333e+14 
189800 7.24065e+19 2.86012e+15 3.69711e+14 3.53202e+14 
190000 7.24065e+19 2.85985e+15 3.69276e+14 3.53636e+14 
190200 7.24065e+19 2.85963e+15 3.69711e+14 3.54451e+14 
190400 7.24065e+19 2.85953e+15 3.70308e+14 3.54668e+14 
190600 7.24065e+19 2.85931e+15 3.71286e+14 3.54777e+14 
190800 7.24065e+19 2.85931e+15 3.71829e+14 3.53636e+14 
191000 7.24065e+19 2.85975e+15 3.72915e+14 3.53636e+14 
191200 7.24065e+19 2.85992e+15 3.73784e+14 3.53474e+14 
191400 7.24065e+19 2.86003e+15 3.74272e+14 3.52116e+14 
191600 7.24065e+19 2.86036e+15 3.75847e+14 3.52224e+14 
191800 7.24065e+19 2.86058e+15 3.77368e+14 3.52387e+14 
192000 7.24065e+19 2.86053e+15 3.78345e+14 3.52713e+14 
192200 7.24065e+19 2.86064e+15 3.79106e+14 3.53093e+14 
192400 7.24065e+19 2.8607e+15 3.79975e+14 3.53202e+14 
192600 7.24065e+19 2.86108e+15 3.80843e+14 3.53256e+14 
192800 7.24065e+19 2.86114e+15 3.81115e+14 3.53582e+14 
193000 7.24065e+19 2.86147e+15 3.81604e+14 3.53636e+14 
193200 7.24065e+19 2.86186e+15 3.82255e+14 3.53093e+14 
193400 7.24065e+19 2.8617e+15 3.82527e+14 3.53202e+14 
193600 7.24065e+19 2.86165e+15 3.82907e+14 3.52768e+14 
193800 7.24065e+19 2.86177e+15 3.82744e+14 3.52007e+14 
194000 7.24064e+19 2.86188e+15 3.82473e+14 3.51627e+14 
194200 7.24064e+19 2.86167e+15 3.8231e+14 3.5141e+14 
194400 7.24064e+19 2.86119e+15 3.82038e+14 3.51138e+14 
194600 7.24064e+19 2.86119e+15 3.82092e+14 3.51301e+14 
194800 7.24064e+19 2.86109e+15 3.81495e+14 3.5103e+14 
195000 7.24064e+19 2.86115e+15 3.81441e+14 3.51193e+14 
195200 7.24064e+19 2.86073e+15 3.80843e+14 3.50378e+14 
195400 7.24064e+19 2.86046e+15 3.80246e+14 3.50487e+14 
195600 7.24064e+19 2.8602e+15 3.79649e+14 3.49889e+14 
195800 7.24064e+19 2.85994e+15 3.79051e+14 3.49726e+14 
196000 7.24064e+19 2.85962e+15 3.78726e+14 3.49944e+14 
196200 7.24064e+19 2.85941e+15 3.78128e+14 3.49998e+14 
196400 7.24064e+19 2.85915e+15 3.77476e+14 3.50052e+14 
196600 7.24064e+19 2.85894e+15 3.77748e+14 3.5027e+14 
196800 7.24064e+19 2.85873e+15 3.77151e+14 3.50161e+14 
197000 7.24064e+19 2.85831e+15 3.76771e+14 3.50161e+14 
197200 7.24064e+19 2.85804e+15 3.76499e+14 3.50487e+14 
197400 7.24064e+19 2.85784e+15 3.76227e+14 3.5065e+14 
197600 7.24064e+19 2.85752e+15 3.75413e+14 3.50432e+14 
197800 7.24064e+19 2.85731e+15 3.74816e+14 3.5065e+14 
198000 7.24064e+19 2.85705e+15 3.74272e+14 3.50975e+14 
198200 7.24064e+19 2.85652e+15 3.73892e+14 3.51681e+14 
198400 7.24064e+19 2.85577e+15 3.73784e+14 3.52333e+14 
198600 7.24064e+19 2.85551e+15 3.73675e+14 3.53039e+14 
198800 7.24064e+19 2.85476e+15 3.73295e+14 3.53256e+14 
199000 7.24064e+19 2.85445e+15 3.73566e+14 3.53799e+14 
199200 7.24064e+19 2.85413e+15 3.73566e+14 3.54179e+14 
199400 7.24064e+19 2.8542e+15 3.73295e+14 3.5456e+14 
199600 7.24064e+19 2.85399e+15 3.73241e+14 3.55537e+14 
199800 7.24064e+19 2.85379e+15 3.73784e+14 3.56569e+14 
200000 7.24064e+19 2.8538e+15 3.73675e+14 3.56949e+14 
