Iteration / Neutral Density / Excited Density / Ion Density / Electron Density
199 6.27626e+20 3.14703e+16 4.69779e+15 4.60601e+15
399 6.27684e+20 3.15036e+16 4.6752e+15 4.59142e+15
599 6.27741e+20 3.15079e+16 4.64978e+15 4.57589e+15
799 6.27798e+20 3.14935e+16 4.62719e+15 4.55706e+15
999 6.27855e+20 3.14737e+16 4.60836e+15 4.534e+15
1199 6.27912e+20 3.14558e+16 4.5933e+15 4.51799e+15
1399 6.27971e+20 3.14381e+16 4.57118e+15 4.50529e+15
1599 6.28031e+20 3.14214e+16 4.55659e+15 4.48552e+15
1799 6.28093e+20 3.14015e+16 4.54623e+15 4.46857e+15
1999 6.28155e+20 3.13881e+16 4.53117e+15 4.45304e+15
2199 6.28218e+20 3.1375e+16 4.51752e+15 4.44928e+15
2399 6.28283e+20 3.13616e+16 4.50717e+15 4.42951e+15
2599 6.28348e+20 3.13446e+16 4.49681e+15 4.41774e+15
2799 6.28415e+20 3.13273e+16 4.48646e+15 4.40597e+15
2999 6.28483e+20 3.131e+16 4.47657e+15 4.39327e+15
3199 6.28552e+20 3.12938e+16 4.46575e+15 4.38997e+15
3399 6.28623e+20 3.12822e+16 4.45304e+15 4.38197e+15
3599 6.28695e+20 3.12697e+16 4.44504e+15 4.36879e+15
3799 6.28768e+20 3.12594e+16 4.43845e+15 4.35702e+15
3999 6.28842e+20 3.12487e+16 4.42715e+15 4.35138e+15
4199 6.28918e+20 3.12401e+16 4.41821e+15 4.33961e+15
4399 6.28995e+20 3.12282e+16 4.40833e+15 4.32878e+15
4599 6.29074e+20 3.12213e+16 4.39891e+15 4.32455e+15
4799 6.29154e+20 3.12147e+16 4.39091e+15 4.31749e+15
4999 6.29236e+20 3.12038e+16 4.38338e+15 4.30384e+15
5199 6.29318e+20 3.1195e+16 4.37679e+15 4.2996e+15
5399 6.29401e+20 3.11846e+16 4.37161e+15 4.29348e+15
5599 6.29486e+20 3.11754e+16 4.3622e+15 4.28689e+15
5799 6.29572e+20 3.11669e+16 4.35467e+15 4.27842e+15
5999 6.2966e+20 3.11582e+16 4.34337e+15 4.27324e+15
6199 6.29749e+20 3.11478e+16 4.34008e+15 4.27042e+15
6399 6.29839e+20 3.11387e+16 4.33114e+15 4.26242e+15
6599 6.2993e+20 3.11302e+16 4.32549e+15 4.26336e+15
6799 6.30023e+20 3.11242e+16 4.31513e+15 4.25442e+15
6999 6.30117e+20 3.11176e+16 4.3109e+15 4.24924e+15
7199 6.30212e+20 3.11116e+16 4.30431e+15 4.24359e+15
7399 6.30308e+20 3.11034e+16 4.29819e+15 4.23794e+15
7599 6.30405e+20 3.10992e+16 4.29207e+15 4.23747e+15
7799 6.30504e+20 3.10942e+16 4.28501e+15 4.23088e+15
7999 6.30604e+20 3.1088e+16 4.27983e+15 4.22853e+15
8199 6.30704e+20 3.10857e+16 4.2756e+15 4.22712e+15
8399 6.30806e+20 3.10807e+16 4.27042e+15 4.22476e+15
8599 6.30908e+20 3.10773e+16 4.26713e+15 4.221e+15
8799 6.31011e+20 3.10755e+16 4.26289e+15 4.21959e+15
8999 6.31115e+20 3.1071e+16 4.25865e+15 4.2177e+15
9199 6.3122e+20 3.10657e+16 4.25677e+15 4.21535e+15
9399 6.31325e+20 3.10647e+16 4.25348e+15 4.213e+15
9599 6.31431e+20 3.10635e+16 4.24877e+15 4.20829e+15
9799 6.31538e+20 3.10576e+16 4.24359e+15 4.20029e+15
9999 6.31646e+20 3.10557e+16 4.24077e+15 4.19135e+15
10199 6.31755e+20 3.10576e+16 4.23512e+15 4.18146e+15
10399 6.31864e+20 3.10582e+16 4.23324e+15 4.17346e+15
10599 6.31974e+20 3.1058e+16 4.22759e+15 4.16593e+15
10799 6.32086e+20 3.10617e+16 4.22194e+15 4.15746e+15
10999 6.32199e+20 3.10651e+16 4.21582e+15 4.14946e+15
11199 6.32313e+20 3.10694e+16 4.21159e+15 4.14051e+15
11399 6.32428e+20 3.10758e+16 4.20782e+15 4.13392e+15
11599 6.32544e+20 3.1079e+16 4.20076e+15 4.12451e+15
11799 6.32662e+20 3.10828e+16 4.1937e+15 4.11604e+15
11999 6.32781e+20 3.10866e+16 4.1857e+15 4.10945e+15
12199 6.32902e+20 3.10911e+16 4.17958e+15 4.10098e+15
12399 6.33025e+20 3.10998e+16 4.17252e+15 4.09015e+15
12599 6.33149e+20 3.11077e+16 4.16405e+15 4.08733e+15
12799 6.33276e+20 3.1119e+16 4.1584e+15 4.08356e+15
12999 6.33403e+20 3.11253e+16 4.15275e+15 4.07368e+15
13199 6.33532e+20 3.1132e+16 4.14569e+15 4.06427e+15
13399 6.33662e+20 3.11361e+16 4.13816e+15 4.05626e+15
13599 6.33794e+20 3.11444e+16 4.13345e+15 4.05156e+15
13799 6.33928e+20 3.115e+16 4.12404e+15 4.04638e+15
13999 6.34063e+20 3.1158e+16 4.1198e+15 4.03602e+15
14199 6.342e+20 3.11637e+16 4.11322e+15 4.03179e+15
14399 6.34338e+20 3.11743e+16 4.10568e+15 4.02661e+15
14599 6.34478e+20 3.11797e+16 4.10051e+15 4.02049e+15
14799 6.34618e+20 3.11838e+16 4.09533e+15 4.0139e+15
14999 6.3476e+20 3.11847e+16 4.09015e+15 4.01061e+15
15199 6.34904e+20 3.11942e+16 4.08403e+15 4.00543e+15
15399 6.35048e+20 3.11981e+16 4.07933e+15 3.99884e+15
15599 6.35194e+20 3.12006e+16 4.07368e+15 3.99602e+15
15799 6.35341e+20 3.12037e+16 4.06709e+15 3.98896e+15
15999 6.3549e+20 3.12049e+16 4.06097e+15 3.98707e+15
16199 6.3564e+20 3.12105e+16 4.0572e+15 3.9819e+15
16399 6.35791e+20 3.12147e+16 4.05014e+15 3.98001e+15
16599 6.35944e+20 3.12176e+16 4.04308e+15 3.97813e+15
16799 6.36098e+20 3.12248e+16 4.03744e+15 3.97437e+15
16999 6.36253e+20 3.12349e+16 4.03508e+15 3.97013e+15
17199 6.36409e+20 3.12436e+16 4.03179e+15 3.96589e+15
17399 6.36565e+20 3.12468e+16 4.02802e+15 3.96401e+15
17599 6.36722e+20 3.12556e+16 4.02473e+15 3.96448e+15
17799 6.36881e+20 3.12631e+16 4.02002e+15 3.96025e+15
17999 6.3704e+20 3.12678e+16 4.01673e+15 3.95695e+15
18199 6.372e+20 3.12707e+16 4.01249e+15 3.95695e+15
18399 6.37361e+20 3.12737e+16 4.00731e+15 3.9546e+15
18599 6.37523e+20 3.12795e+16 4.00308e+15 3.9546e+15
18799 6.37685e+20 3.12835e+16 4.00072e+15 3.95413e+15
18999 6.37848e+20 3.12838e+16 3.99837e+15 3.95366e+15
19199 6.38012e+20 3.12898e+16 3.99508e+15 3.95319e+15
19399 6.38177e+20 3.12925e+16 3.99084e+15 3.95413e+15
19599 6.38342e+20 3.12982e+16 3.99084e+15 3.95413e+15
19799 6.38507e+20 3.12996e+16 3.98896e+15 3.95413e+15
19999 6.38673e+20 3.13034e+16 3.9866e+15 3.95507e+15
20199 6.38839e+20 3.13088e+16 3.98566e+15 3.95366e+15
20399 6.39006e+20 3.13174e+16 3.98331e+15 3.94942e+15
20599 6.39173e+20 3.13275e+16 3.97954e+15 3.94471e+15
20799 6.39341e+20 3.13353e+16 3.97625e+15 3.93765e+15
20999 6.39509e+20 3.1339e+16 3.97295e+15 3.93483e+15
21199 6.39678e+20 3.13445e+16 3.97201e+15 3.93059e+15
21399 6.39847e+20 3.13515e+16 3.96966e+15 3.924e+15
21599 6.40017e+20 3.13577e+16 3.96731e+15 3.9193e+15
21799 6.40187e+20 3.13648e+16 3.96354e+15 3.91459e+15
21999 6.40359e+20 3.1371e+16 3.96025e+15 3.91035e+15
22199 6.4053e+20 3.13758e+16 3.95695e+15 3.90565e+15
22399 6.40703e+20 3.13793e+16 3.95413e+15 3.89765e+15
22599 6.40875e+20 3.13851e+16 3.9513e+15 3.89341e+15
22799 6.41049e+20 3.13962e+16 3.94801e+15 3.89153e+15
22999 6.41223e+20 3.14035e+16 3.94236e+15 3.88823e+15
23199 6.41398e+20 3.14133e+16 3.93954e+15 3.88164e+15
23399 6.41574e+20 3.14188e+16 3.93812e+15 3.87976e+15
23599 6.4175e+20 3.14263e+16 3.93483e+15 3.87223e+15
23799 6.41927e+20 3.14315e+16 3.93295e+15 3.86705e+15
23999 6.42104e+20 3.14399e+16 3.92777e+15 3.86235e+15
24199 6.42283e+20 3.14499e+16 3.92259e+15 3.85999e+15
24399 6.42462e+20 3.14589e+16 3.91883e+15 3.85717e+15
24599 6.42642e+20 3.14666e+16 3.91506e+15 3.85105e+15
24799 6.42823e+20 3.14729e+16 3.9113e+15 3.84728e+15
24999 6.43004e+20 3.14816e+16 3.908e+15 3.84305e+15
25199 6.43186e+20 3.14955e+16 3.90377e+15 3.84964e+15
25399 6.43369e+20 3.15014e+16 3.89906e+15 3.84022e+15
25599 6.43553e+20 3.15069e+16 3.89388e+15 3.84258e+15
25799 6.43738e+20 3.15157e+16 3.89106e+15 3.83316e+15
25999 6.43924e+20 3.15208e+16 3.88965e+15 3.83128e+15
26199 6.4411e+20 3.15278e+16 3.88494e+15 3.82846e+15
26399 6.44297e+20 3.15311e+16 3.88164e+15 3.83081e+15
26599 6.44484e+20 3.15439e+16 3.8807e+15 3.82563e+15
26799 6.44672e+20 3.15449e+16 3.87647e+15 3.8261e+15
26999 6.4486e+20 3.15539e+16 3.87505e+15 3.8214e+15
27199 6.45049e+20 3.15611e+16 3.87223e+15 3.82234e+15
27399 6.45239e+20 3.15697e+16 3.86941e+15 3.81669e+15
27599 6.45429e+20 3.15751e+16 3.86564e+15 3.82422e+15
27799 6.4562e+20 3.15814e+16 3.86282e+15 3.81575e+15
27999 6.45812e+20 3.15873e+16 3.85999e+15 3.81434e+15
28199 6.46004e+20 3.15975e+16 3.85858e+15 3.81575e+15
28399 6.46196e+20 3.16035e+16 3.85717e+15 3.81293e+15
28599 6.46389e+20 3.16071e+16 3.85434e+15 3.81481e+15
28799 6.46583e+20 3.16136e+16 3.85246e+15 3.81434e+15
28999 6.46777e+20 3.16244e+16 3.85152e+15 3.8134e+15
29199 6.46971e+20 3.16309e+16 3.85058e+15 3.81716e+15
29399 6.47165e+20 3.16385e+16 3.8487e+15 3.8134e+15
29599 6.4736e+20 3.16437e+16 3.84776e+15 3.81293e+15
29799 6.47555e+20 3.16527e+16 3.84305e+15 3.81245e+15
29999 6.47751e+20 3.16584e+16 3.84117e+15 3.80916e+15
30199 6.47948e+20 3.1666e+16 3.83928e+15 3.80492e+15
30399 6.48145e+20 3.16742e+16 3.83787e+15 3.80163e+15
30599 6.48342e+20 3.16838e+16 3.83599e+15 3.79645e+15
30799 6.4854e+20 3.16887e+16 3.83316e+15 3.79598e+15
30999 6.48739e+20 3.17025e+16 3.83222e+15 3.7861e+15
31199 6.48937e+20 3.17131e+16 3.83128e+15 3.78421e+15
31399 6.49136e+20 3.17237e+16 3.82987e+15 3.77951e+15
31599 6.49336e+20 3.17382e+16 3.82563e+15 3.77339e+15
31799 6.49536e+20 3.17503e+16 3.82422e+15 3.76962e+15
31999 6.49737e+20 3.176e+16 3.8214e+15 3.7635e+15
32199 6.49939e+20 3.17679e+16 3.81763e+15 3.76068e+15
32399 6.50141e+20 3.17782e+16 3.81763e+15 3.75692e+15
32599 6.50344e+20 3.17876e+16 3.81528e+15 3.75315e+15
32799 6.50547e+20 3.17965e+16 3.81293e+15 3.74891e+15
32999 6.50751e+20 3.1805e+16 3.80869e+15 3.74421e+15
33199 6.50956e+20 3.18139e+16 3.80587e+15 3.74138e+15
33399 6.51162e+20 3.18201e+16 3.80022e+15 3.73809e+15
33599 6.51369e+20 3.18324e+16 3.79739e+15 3.73479e+15
33799 6.51577e+20 3.18395e+16 3.79504e+15 3.72962e+15
33999 6.51785e+20 3.18458e+16 3.79222e+15 3.72726e+15
34199 6.51994e+20 3.18516e+16 3.78939e+15 3.72491e+15
34399 6.52203e+20 3.18555e+16 3.78798e+15 3.71879e+15
34599 6.52413e+20 3.1866e+16 3.78657e+15 3.71597e+15
34799 6.52624e+20 3.18724e+16 3.78421e+15 3.71644e+15
34999 6.52835e+20 3.18834e+16 3.78045e+15 3.70985e+15
35199 6.53047e+20 3.1895e+16 3.77621e+15 3.70655e+15
35399 6.5326e+20 3.19009e+16 3.77433e+15 3.7042e+15
35599 6.53474e+20 3.19101e+16 3.76821e+15 3.70655e+15
35799 6.53689e+20 3.19203e+16 3.76492e+15 3.69855e+15
35999 6.53905e+20 3.19334e+16 3.76115e+15 3.69667e+15
36199 6.54122e+20 3.19403e+16 3.75786e+15 3.69573e+15
36399 6.54339e+20 3.19463e+16 3.7555e+15 3.69385e+15
36599 6.54557e+20 3.19528e+16 3.75268e+15 3.69008e+15
36799 6.54776e+20 3.19636e+16 3.75127e+15 3.68867e+15
36999 6.54995e+20 3.19744e+16 3.74938e+15 3.68773e+15
37199 6.55215e+20 3.19791e+16 3.74609e+15 3.68726e+15
37399 6.55436e+20 3.19922e+16 3.74374e+15 3.68584e+15
37599 6.55657e+20 3.1997e+16 3.74138e+15 3.68396e+15
37799 6.55878e+20 3.20041e+16 3.7395e+15 3.68255e+15
37999 6.56101e+20 3.20093e+16 3.73526e+15 3.68255e+15
38199 6.56324e+20 3.20207e+16 3.73103e+15 3.68114e+15
38399 6.56548e+20 3.20292e+16 3.72915e+15 3.68773e+15
38599 6.56772e+20 3.20425e+16 3.72679e+15 3.68302e+15
38799 6.56997e+20 3.20478e+16 3.72491e+15 3.68208e+15
38999 6.57223e+20 3.20541e+16 3.72256e+15 3.68302e+15
39199 6.57449e+20 3.20599e+16 3.7202e+15 3.68302e+15
39399 6.57676e+20 3.20662e+16 3.71832e+15 3.68255e+15
39599 6.57903e+20 3.20725e+16 3.71785e+15 3.68349e+15
39799 6.5813e+20 3.20812e+16 3.71738e+15 3.68396e+15
39999 6.58358e+20 3.20951e+16 3.71644e+15 3.68678e+15
40199 6.58585e+20 3.21038e+16 3.71455e+15 3.68773e+15
40399 6.58813e+20 3.2113e+16 3.71455e+15 3.68537e+15
40599 6.59041e+20 3.21265e+16 3.7122e+15 3.68114e+15
40799 6.5927e+20 3.21358e+16 3.71126e+15 3.68114e+15
40999 6.59499e+20 3.2145e+16 3.70844e+15 3.67502e+15
41199 6.59728e+20 3.21543e+16 3.70844e+15 3.66984e+15
41399 6.59957e+20 3.21702e+16 3.70749e+15 3.66702e+15
41599 6.60187e+20 3.21795e+16 3.70655e+15 3.66231e+15
41799 6.60417e+20 3.21893e+16 3.70467e+15 3.66043e+15
41999 6.60647e+20 3.2202e+16 3.70185e+15 3.65807e+15
42199 6.60878e+20 3.22151e+16 3.69949e+15 3.65478e+15
42399 6.61109e+20 3.22296e+16 3.69808e+15 3.65054e+15
42599 6.61341e+20 3.2239e+16 3.69573e+15 3.64631e+15
42799 6.61573e+20 3.22494e+16 3.69479e+15 3.64066e+15
42999 6.61806e+20 3.22616e+16 3.69196e+15 3.64442e+15
43199 6.62038e+20 3.22725e+16 3.69055e+15 3.63501e+15
43399 6.62272e+20 3.2281e+16 3.68867e+15 3.63313e+15
43599 6.62505e+20 3.22914e+16 3.68678e+15 3.62983e+15
43799 6.62739e+20 3.23e+16 3.68443e+15 3.62748e+15
43999 6.62974e+20 3.23067e+16 3.68208e+15 3.62371e+15
44199 6.63209e+20 3.23143e+16 3.67972e+15 3.61995e+15
44399 6.63444e+20 3.23286e+16 3.67784e+15 3.6223e+15
44599 6.6368e+20 3.23358e+16 3.67549e+15 3.61618e+15
44799 6.63917e+20 3.2343e+16 3.67314e+15 3.62042e+15
44999 6.64153e+20 3.23582e+16 3.67266e+15 3.61242e+15
45199 6.6439e+20 3.23692e+16 3.67078e+15 3.60959e+15
45399 6.64628e+20 3.23831e+16 3.66937e+15 3.60912e+15
45599 6.64865e+20 3.23974e+16 3.66608e+15 3.61007e+15
45799 6.65104e+20 3.24103e+16 3.66466e+15 3.61336e+15
45999 6.65343e+20 3.24228e+16 3.65996e+15 3.60395e+15
46199 6.65582e+20 3.24419e+16 3.65713e+15 3.60206e+15
46399 6.65823e+20 3.24568e+16 3.65431e+15 3.59971e+15
46599 6.66064e+20 3.24641e+16 3.65196e+15 3.59924e+15
46799 6.66305e+20 3.24715e+16 3.65148e+15 3.59359e+15
46999 6.66547e+20 3.24878e+16 3.6496e+15 3.60206e+15
47199 6.66789e+20 3.2498e+16 3.6449e+15 3.59406e+15
47399 6.67032e+20 3.25049e+16 3.6416e+15 3.59359e+15
47599 6.67276e+20 3.25222e+16 3.63878e+15 3.58983e+15
47799 6.6752e+20 3.25329e+16 3.63689e+15 3.59077e+15
47999 6.67765e+20 3.25451e+16 3.63501e+15 3.5903e+15
48199 6.6801e+20 3.25577e+16 3.63219e+15 3.59171e+15
48399 6.68256e+20 3.25638e+16 3.63077e+15 3.59218e+15
48599 6.68502e+20 3.25727e+16 3.63077e+15 3.59171e+15
48799 6.68748e+20 3.2582e+16 3.62983e+15 3.59124e+15
48999 6.68995e+20 3.25877e+16 3.62842e+15 3.5903e+15
49199 6.69241e+20 3.25971e+16 3.62607e+15 3.59171e+15
49399 6.69489e+20 3.26093e+16 3.62513e+15 3.59124e+15
49599 6.69736e+20 3.26159e+16 3.62419e+15 3.59265e+15
49799 6.69984e+20 3.26254e+16 3.62277e+15 3.59406e+15
49999 6.70232e+20 3.26367e+16 3.6223e+15 3.59594e+15
50199 6.70481e+20 3.26532e+16 3.62183e+15 3.59265e+15
50399 6.70729e+20 3.26641e+16 3.61995e+15 3.58936e+15
50599 6.70978e+20 3.26788e+16 3.61854e+15 3.58418e+15
50799 6.71228e+20 3.26892e+16 3.6176e+15 3.579e+15
50999 6.71477e+20 3.2702e+16 3.61665e+15 3.57476e+15
51199 6.71727e+20 3.27116e+16 3.6143e+15 3.57335e+15
51399 6.71978e+20 3.27202e+16 3.61336e+15 3.56959e+15
51599 6.72228e+20 3.27335e+16 3.61195e+15 3.56488e+15
51799 6.72479e+20 3.27449e+16 3.61101e+15 3.56206e+15
51999 6.72731e+20 3.27526e+16 3.61054e+15 3.55923e+15
52199 6.72982e+20 3.27641e+16 3.60912e+15 3.55641e+15
52399 6.73234e+20 3.27756e+16 3.60865e+15 3.55358e+15
52599 6.73486e+20 3.2788e+16 3.60583e+15 3.55123e+15
52799 6.73739e+20 3.28019e+16 3.60489e+15 3.54652e+15
52999 6.73992e+20 3.28143e+16 3.60348e+15 3.54276e+15
53199 6.74246e+20 3.28268e+16 3.60112e+15 3.53899e+15
53399 6.745e+20 3.28397e+16 3.5983e+15 3.53805e+15
53599 6.74754e+20 3.28527e+16 3.5983e+15 3.53382e+15
53799 6.75009e+20 3.28661e+16 3.59594e+15 3.53664e+15
53999 6.75265e+20 3.28829e+16 3.59359e+15 3.52817e+15
54199 6.75521e+20 3.28964e+16 3.59077e+15 3.52723e+15
54399 6.75777e+20 3.29075e+16 3.58983e+15 3.52393e+15
54599 6.76034e+20 3.29153e+16 3.58794e+15 3.52205e+15
54799 6.76292e+20 3.29274e+16 3.58747e+15 3.51875e+15
54999 6.7655e+20 3.29395e+16 3.58277e+15 3.5164e+15
55199 6.76809e+20 3.29469e+16 3.58041e+15 3.51405e+15
55399 6.77068e+20 3.29632e+16 3.57806e+15 3.51264e+15
55599 6.77328e+20 3.29786e+16 3.57571e+15 3.51075e+15
55799 6.77589e+20 3.29945e+16 3.57335e+15 3.50887e+15
55999 6.77851e+20 3.30042e+16 3.57053e+15 3.50699e+15
56199 6.78113e+20 3.30149e+16 3.5677e+15 3.50558e+15
56399 6.78376e+20 3.30266e+16 3.56488e+15 3.50416e+15
56599 6.7864e+20 3.30388e+16 3.56394e+15 3.50463e+15
56799 6.78904e+20 3.30486e+16 3.56206e+15 3.50369e+15
56999 6.79168e+20 3.3066e+16 3.55829e+15 3.50181e+15
57199 6.79433e+20 3.30796e+16 3.55782e+15 3.50181e+15
57399 6.79699e+20 3.30833e+16 3.55594e+15 3.50181e+15
57599 6.79965e+20 3.30913e+16 3.55453e+15 3.50416e+15
57799 6.80231e+20 3.31059e+16 3.55264e+15 3.50275e+15
57999 6.80498e+20 3.312e+16 3.55123e+15 3.49993e+15
58199 6.80765e+20 3.31318e+16 3.54888e+15 3.50228e+15
58399 6.81033e+20 3.31374e+16 3.54794e+15 3.50087e+15
58599 6.81301e+20 3.31502e+16 3.54699e+15 3.50228e+15
58799 6.81569e+20 3.31634e+16 3.54511e+15 3.50181e+15
58999 6.81838e+20 3.3178e+16 3.54417e+15 3.50228e+15
59199 6.82107e+20 3.31851e+16 3.54276e+15 3.50322e+15
59399 6.82376e+20 3.31965e+16 3.54182e+15 3.50369e+15
59599 6.82645e+20 3.32098e+16 3.54041e+15 3.50605e+15
59799 6.82915e+20 3.32254e+16 3.53805e+15 3.50605e+15
59999 6.83186e+20 3.32405e+16 3.53711e+15 3.50887e+15
60199 6.83456e+20 3.32613e+16 3.53617e+15 3.50887e+15
60399 6.83727e+20 3.32789e+16 3.53617e+15 3.50887e+15
60599 6.83998e+20 3.32964e+16 3.53617e+15 3.50793e+15
60799 6.84269e+20 3.33083e+16 3.5324e+15 3.50087e+15
60999 6.8454e+20 3.33226e+16 3.53146e+15 3.50134e+15
61199 6.84812e+20 3.33378e+16 3.53052e+15 3.49757e+15
61399 6.85085e+20 3.33567e+16 3.53052e+15 3.4924e+15
61599 6.85357e+20 3.33658e+16 3.5277e+15 3.48957e+15
61799 6.8563e+20 3.33811e+16 3.52629e+15 3.48675e+15
61999 6.85903e+20 3.3393e+16 3.52629e+15 3.48392e+15
62199 6.86176e+20 3.34083e+16 3.52581e+15 3.48063e+15
62399 6.8645e+20 3.34231e+16 3.52487e+15 3.47734e+15
62599 6.86723e+20 3.34407e+16 3.52252e+15 3.47781e+15
62799 6.86997e+20 3.3455e+16 3.52064e+15 3.47075e+15
62999 6.87272e+20 3.3475e+16 3.51923e+15 3.47122e+15
63199 6.87547e+20 3.34922e+16 3.5164e+15 3.47028e+15
63399 6.87822e+20 3.35028e+16 3.51546e+15 3.46227e+15
63599 6.88098e+20 3.35139e+16 3.51452e+15 3.46039e+15
63799 6.88374e+20 3.35263e+16 3.51311e+15 3.45851e+15
63999 6.8865e+20 3.35435e+16 3.51217e+15 3.45615e+15
64199 6.88927e+20 3.35556e+16 3.51028e+15 3.45992e+15
64399 6.89204e+20 3.35667e+16 3.50934e+15 3.45145e+15
64599 6.89481e+20 3.35797e+16 3.5084e+15 3.44721e+15
64799 6.89758e+20 3.35941e+16 3.50605e+15 3.45004e+15
64999 6.90037e+20 3.36085e+16 3.50228e+15 3.44909e+15
65199 6.90315e+20 3.36267e+16 3.49946e+15 3.45145e+15
65399 6.90594e+20 3.36416e+16 3.49852e+15 3.44392e+15
65599 6.90874e+20 3.36514e+16 3.49663e+15 3.44392e+15
65799 6.91154e+20 3.36635e+16 3.49381e+15 3.43921e+15
65999 6.91434e+20 3.36803e+16 3.49193e+15 3.43874e+15
66199 6.91715e+20 3.36905e+16 3.49051e+15 3.43686e+15
66399 6.91996e+20 3.3705e+16 3.49051e+15 3.43686e+15
66599 6.92277e+20 3.3719e+16 3.48722e+15 3.4378e+15
66799 6.92559e+20 3.37283e+16 3.48628e+15 3.43497e+15
66999 6.92841e+20 3.37428e+16 3.48534e+15 3.43592e+15
67199 6.93123e+20 3.37554e+16 3.4844e+15 3.43592e+15
67399 6.93406e+20 3.37713e+16 3.48298e+15 3.4345e+15
67599 6.93689e+20 3.37811e+16 3.48204e+15 3.43309e+15
67799 6.93972e+20 3.37957e+16 3.48016e+15 3.43262e+15
67999 6.94256e+20 3.38074e+16 3.47828e+15 3.43827e+15
68199 6.9454e+20 3.38219e+16 3.47686e+15 3.44251e+15
68399 6.94824e+20 3.38346e+16 3.47498e+15 3.43497e+15
68599 6.95108e+20 3.3851e+16 3.47357e+15 3.4378e+15
68799 6.95393e+20 3.3867e+16 3.4731e+15 3.4378e+15
68999 6.95679e+20 3.38764e+16 3.47122e+15 3.43827e+15
69199 6.95964e+20 3.38877e+16 3.46933e+15 3.4378e+15
69399 6.9625e+20 3.39055e+16 3.46886e+15 3.43874e+15
69599 6.96537e+20 3.39234e+16 3.46792e+15 3.44062e+15
69799 6.96823e+20 3.39385e+16 3.46745e+15 3.44298e+15
69999 6.9711e+20 3.39536e+16 3.46698e+15 3.44156e+15
70199 6.97396e+20 3.39691e+16 3.46604e+15 3.44015e+15
70399 6.97683e+20 3.39903e+16 3.4651e+15 3.43639e+15
70599 6.97971e+20 3.40096e+16 3.46416e+15 3.43309e+15
70799 6.98258e+20 3.40252e+16 3.46322e+15 3.4298e+15
70999 6.98546e+20 3.40431e+16 3.46227e+15 3.42697e+15
71199 6.98834e+20 3.40573e+16 3.46133e+15 3.42368e+15
71399 6.99122e+20 3.40696e+16 3.46133e+15 3.41897e+15
71599 6.99411e+20 3.40876e+16 3.46039e+15 3.4185e+15
71799 6.997e+20 3.41041e+16 3.45804e+15 3.41709e+15
71999 6.99989e+20 3.41211e+16 3.4571e+15 3.41285e+15
72199 7.00278e+20 3.41353e+16 3.45474e+15 3.41191e+15
72399 7.00568e+20 3.41524e+16 3.45474e+15 3.40862e+15
72599 7.00859e+20 3.41614e+16 3.45427e+15 3.40626e+15
72799 7.01149e+20 3.41785e+16 3.45333e+15 3.4025e+15
72999 7.01439e+20 3.41946e+16 3.45333e+15 3.40062e+15
73199 7.0173e+20 3.42088e+16 3.45286e+15 3.39826e+15
73399 7.02021e+20 3.42179e+16 3.45145e+15 3.39638e+15
73599 7.02312e+20 3.42321e+16 3.44909e+15 3.39261e+15
73799 7.02604e+20 3.42435e+16 3.44815e+15 3.39214e+15
73999 7.02896e+20 3.42569e+16 3.44768e+15 3.38932e+15
74199 7.03188e+20 3.42688e+16 3.44627e+15 3.38744e+15
74399 7.0348e+20 3.42873e+16 3.44533e+15 3.38508e+15
74599 7.03773e+20 3.42992e+16 3.44345e+15 3.3832e+15
74799 7.04066e+20 3.43149e+16 3.44298e+15 3.38085e+15
74999 7.0436e+20 3.43231e+16 3.44203e+15 3.38038e+15
75199 7.04654e+20 3.43392e+16 3.44062e+15 3.37708e+15
75399 7.04948e+20 3.43512e+16 3.43921e+15 3.37802e+15
75599 7.05242e+20 3.43636e+16 3.43733e+15 3.37567e+15
75799 7.05538e+20 3.43756e+16 3.4345e+15 3.37332e+15
75999 7.05833e+20 3.43885e+16 3.43215e+15 3.37426e+15
76199 7.0613e+20 3.43986e+16 3.43027e+15 3.37285e+15
76399 7.06426e+20 3.44138e+16 3.42886e+15 3.37049e+15
76599 7.06724e+20 3.44239e+16 3.4265e+15 3.37049e+15
76799 7.07021e+20 3.44415e+16 3.42509e+15 3.37002e+15
76999 7.07319e+20 3.44549e+16 3.42509e+15 3.36955e+15
77199 7.07618e+20 3.44683e+16 3.42321e+15 3.36908e+15
77399 7.07916e+20 3.44836e+16 3.42133e+15 3.36955e+15
77599 7.08216e+20 3.45018e+16 3.41991e+15 3.36861e+15
77799 7.08515e+20 3.45175e+16 3.41897e+15 3.36861e+15
77999 7.08815e+20 3.45375e+16 3.41662e+15 3.36861e+15
78199 7.09115e+20 3.45538e+16 3.41615e+15 3.37379e+15
78399 7.09416e+20 3.45677e+16 3.41332e+15 3.36955e+15
78599 7.09718e+20 3.4584e+16 3.41285e+15 3.37002e+15
78799 7.10019e+20 3.45974e+16 3.41144e+15 3.37143e+15
78999 7.10321e+20 3.46099e+16 3.41144e+15 3.37096e+15
79199 7.10623e+20 3.46215e+16 3.41097e+15 3.37143e+15
79399 7.10925e+20 3.4634e+16 3.4105e+15 3.3719e+15
79599 7.11227e+20 3.46489e+16 3.40956e+15 3.37473e+15
79799 7.11529e+20 3.46642e+16 3.40862e+15 3.37661e+15
79999 7.11832e+20 3.46862e+16 3.40673e+15 3.37567e+15
80199 7.12135e+20 3.47044e+16 3.40673e+15 3.37849e+15
80399 7.12438e+20 3.47164e+16 3.40532e+15 3.38038e+15
80599 7.12741e+20 3.47384e+16 3.40485e+15 3.37849e+15
80799 7.13045e+20 3.47594e+16 3.40438e+15 3.37614e+15
80999 7.13349e+20 3.47772e+16 3.40297e+15 3.37473e+15
81199 7.13653e+20 3.4794e+16 3.4025e+15 3.36908e+15
81399 7.13957e+20 3.48075e+16 3.40109e+15 3.36343e+15
81599 7.14262e+20 3.48224e+16 3.39967e+15 3.36343e+15
81799 7.14567e+20 3.48401e+16 3.39779e+15 3.36202e+15
81999 7.14872e+20 3.48621e+16 3.39732e+15 3.35967e+15
82199 7.15177e+20 3.4879e+16 3.39591e+15 3.35684e+15
82399 7.15483e+20 3.48953e+16 3.39591e+15 3.35261e+15
82599 7.15789e+20 3.49103e+16 3.39544e+15 3.35072e+15
82799 7.16095e+20 3.49233e+16 3.39356e+15 3.34884e+15
82999 7.16401e+20 3.49416e+16 3.39261e+15 3.34555e+15
83199 7.16708e+20 3.49566e+16 3.3912e+15 3.34461e+15
83399 7.17015e+20 3.49725e+16 3.38979e+15 3.34366e+15
83599 7.17322e+20 3.49917e+16 3.38932e+15 3.34319e+15
83799 7.1763e+20 3.50001e+16 3.38885e+15 3.33707e+15
83999 7.17937e+20 3.50146e+16 3.38744e+15 3.33849e+15
84199 7.18245e+20 3.50235e+16 3.38697e+15 3.33613e+15
84399 7.18553e+20 3.50385e+16 3.3865e+15 3.33143e+15
84599 7.18861e+20 3.50525e+16 3.38414e+15 3.33802e+15
84799 7.1917e+20 3.50652e+16 3.38367e+15 3.32907e+15
84999 7.19478e+20 3.50797e+16 3.38273e+15 3.32672e+15
85199 7.19787e+20 3.50923e+16 3.38226e+15 3.32531e+15
85399 7.20096e+20 3.51074e+16 3.38085e+15 3.33049e+15
85599 7.20406e+20 3.5128e+16 3.38038e+15 3.3239e+15
85799 7.20715e+20 3.51445e+16 3.37944e+15 3.32813e+15
85999 7.21025e+20 3.51604e+16 3.37708e+15 3.32531e+15
86199 7.21335e+20 3.51769e+16 3.37614e+15 3.32107e+15
86399 7.21646e+20 3.519e+16 3.37379e+15 3.3206e+15
86599 7.21957e+20 3.52069e+16 3.3719e+15 3.32013e+15
86799 7.22268e+20 3.52286e+16 3.36908e+15 3.33001e+15
86999 7.2258e+20 3.52479e+16 3.3672e+15 3.32954e+15
87199 7.22892e+20 3.52676e+16 3.36626e+15 3.31919e+15
87399 7.23205e+20 3.52921e+16 3.36531e+15 3.31919e+15
87599 7.23518e+20 3.53105e+16 3.36437e+15 3.31825e+15
87799 7.23831e+20 3.53222e+16 3.36437e+15 3.31872e+15
87999 7.24144e+20 3.53378e+16 3.36343e+15 3.31778e+15
88199 7.24457e+20 3.53482e+16 3.36155e+15 3.31919e+15
88399 7.24771e+20 3.53581e+16 3.36061e+15 3.32154e+15
88599 7.25085e+20 3.53731e+16 3.35873e+15 3.32013e+15
88799 7.254e+20 3.53896e+16 3.35637e+15 3.32248e+15
88999 7.25714e+20 3.54038e+16 3.35637e+15 3.32295e+15
89199 7.26029e+20 3.54194e+16 3.35496e+15 3.3239e+15
89399 7.26345e+20 3.54331e+16 3.35496e+15 3.32531e+15
89599 7.2666e+20 3.54477e+16 3.35496e+15 3.32719e+15
89799 7.26975e+20 3.54652e+16 3.35355e+15 3.32672e+15
89999 7.27291e+20 3.54817e+16 3.35308e+15 3.32719e+15
90199 7.27607e+20 3.54997e+16 3.34978e+15 3.32625e+15
90399 7.27924e+20 3.55181e+16 3.34884e+15 3.32201e+15
90599 7.2824e+20 3.5536e+16 3.34837e+15 3.32154e+15
90799 7.28557e+20 3.55535e+16 3.34837e+15 3.32013e+15
90999 7.28874e+20 3.55705e+16 3.3479e+15 3.31684e+15
91199 7.29192e+20 3.55876e+16 3.34743e+15 3.31213e+15
91399 7.29509e+20 3.56041e+16 3.34743e+15 3.30883e+15
91599 7.29826e+20 3.56235e+16 3.34743e+15 3.30883e+15
91799 7.30144e+20 3.56387e+16 3.34649e+15 3.31025e+15
91999 7.30461e+20 3.56614e+16 3.34555e+15 3.3046e+15
92199 7.30779e+20 3.56775e+16 3.34555e+15 3.30224e+15
92399 7.31097e+20 3.56941e+16 3.34413e+15 3.29895e+15
92599 7.31416e+20 3.57121e+16 3.34131e+15 3.29848e+15
92799 7.31735e+20 3.57277e+16 3.34131e+15 3.29283e+15
92999 7.32054e+20 3.57504e+16 3.34084e+15 3.29283e+15
93199 7.32373e+20 3.57712e+16 3.34084e+15 3.29001e+15
93399 7.32692e+20 3.57878e+16 3.34037e+15 3.28812e+15
93599 7.33012e+20 3.58035e+16 3.3399e+15 3.28624e+15
93799 7.33332e+20 3.58196e+16 3.33896e+15 3.2853e+15
93999 7.33651e+20 3.58377e+16 3.33849e+15 3.28342e+15
94199 7.33972e+20 3.58552e+16 3.33707e+15 3.28059e+15
94399 7.34292e+20 3.587e+16 3.3366e+15 3.27918e+15
94599 7.34613e+20 3.58899e+16 3.33613e+15 3.27777e+15
94799 7.34933e+20 3.59074e+16 3.33425e+15 3.28059e+15
94999 7.35255e+20 3.59245e+16 3.33425e+15 3.27448e+15
95199 7.35576e+20 3.59402e+16 3.3319e+15 3.274e+15
95399 7.35898e+20 3.59559e+16 3.33001e+15 3.27212e+15
95599 7.36221e+20 3.59721e+16 3.3286e+15 3.27589e+15
95799 7.36543e+20 3.59901e+16 3.32719e+15 3.27118e+15
95999 7.36867e+20 3.60011e+16 3.32578e+15 3.26977e+15
96199 7.3719e+20 3.60178e+16 3.32484e+15 3.26977e+15
96399 7.37514e+20 3.60344e+16 3.32343e+15 3.26789e+15
96599 7.37838e+20 3.60501e+16 3.32248e+15 3.26741e+15
96799 7.38162e+20 3.60668e+16 3.32107e+15 3.26694e+15
96999 7.38487e+20 3.60759e+16 3.3206e+15 3.26694e+15
97199 7.38812e+20 3.6094e+16 3.32013e+15 3.26741e+15
97399 7.39137e+20 3.61102e+16 3.31872e+15 3.26741e+15
97599 7.39463e+20 3.61297e+16 3.31825e+15 3.26789e+15
97799 7.39788e+20 3.61435e+16 3.31731e+15 3.26789e+15
97999 7.40114e+20 3.61597e+16 3.31448e+15 3.26836e+15
98199 7.40441e+20 3.61703e+16 3.31213e+15 3.26883e+15
98399 7.40768e+20 3.61955e+16 3.31119e+15 3.27024e+15
98599 7.41095e+20 3.62093e+16 3.31072e+15 3.26883e+15
98799 7.41423e+20 3.62232e+16 3.31072e+15 3.2693e+15
98999 7.41751e+20 3.62389e+16 3.31025e+15 3.26977e+15
99199 7.42079e+20 3.62528e+16 3.3093e+15 3.27024e+15
99399 7.42406e+20 3.6269e+16 3.30883e+15 3.27024e+15
99599 7.42735e+20 3.62825e+16 3.30789e+15 3.27353e+15
99799 7.43063e+20 3.62968e+16 3.30695e+15 3.27636e+15
99999 7.43392e+20 3.63182e+16 3.30648e+15 3.27871e+15
100199 7.4372e+20 3.63434e+16 3.30507e+15 3.27918e+15
100399 7.4405e+20 3.63653e+16 3.3046e+15 3.27965e+15
100599 7.44379e+20 3.6391e+16 3.3046e+15 3.27824e+15
100799 7.44708e+20 3.64115e+16 3.30366e+15 3.27683e+15
100999 7.45037e+20 3.64338e+16 3.30177e+15 3.27542e+15
101199 7.45367e+20 3.64553e+16 3.30083e+15 3.27165e+15
101399 7.45697e+20 3.64795e+16 3.30083e+15 3.266e+15
101599 7.46027e+20 3.64939e+16 3.30036e+15 3.26789e+15
101799 7.46358e+20 3.65073e+16 3.29942e+15 3.26318e+15
101999 7.46688e+20 3.65321e+16 3.29801e+15 3.26459e+15
102199 7.47019e+20 3.65474e+16 3.29754e+15 3.25988e+15
102399 7.4735e+20 3.65656e+16 3.2966e+15 3.25518e+15
102599 7.47682e+20 3.65894e+16 3.29613e+15 3.25377e+15
102799 7.48013e+20 3.66085e+16 3.29566e+15 3.25188e+15
102999 7.48345e+20 3.66252e+16 3.29471e+15 3.25094e+15
103199 7.48676e+20 3.66458e+16 3.29377e+15 3.24906e+15
103399 7.49008e+20 3.66602e+16 3.2933e+15 3.24576e+15
103599 7.4934e+20 3.66784e+16 3.2933e+15 3.24435e+15
103799 7.49673e+20 3.66928e+16 3.29236e+15 3.24294e+15
103999 7.50005e+20 3.671e+16 3.29142e+15 3.24247e+15
104199 7.50338e+20 3.67296e+16 3.29095e+15 3.24106e+15
104399 7.50671e+20 3.67501e+16 3.28954e+15 3.23823e+15
104599 7.51004e+20 3.6766e+16 3.28765e+15 3.24012e+15
104799 7.51337e+20 3.67837e+16 3.28624e+15 3.23729e+15
104999 7.51671e+20 3.68e+16 3.2853e+15 3.234e+15
105199 7.52005e+20 3.68168e+16 3.2853e+15 3.23494e+15
105399 7.52339e+20 3.68312e+16 3.28436e+15 3.23211e+15
105599 7.52673e+20 3.68471e+16 3.28436e+15 3.23117e+15
105799 7.53007e+20 3.68601e+16 3.28436e+15 3.2307e+15
105999 7.53342e+20 3.68807e+16 3.28389e+15 3.22976e+15
106199 7.53676e+20 3.68979e+16 3.28201e+15 3.23353e+15
106399 7.54011e+20 3.69171e+16 3.28059e+15 3.22929e+15
106599 7.54346e+20 3.69353e+16 3.27918e+15 3.23023e+15
106799 7.54682e+20 3.69498e+16 3.27777e+15 3.23117e+15
106999 7.55018e+20 3.69661e+16 3.2773e+15 3.22552e+15
107199 7.55354e+20 3.6982e+16 3.27683e+15 3.22647e+15
107399 7.5569e+20 3.69997e+16 3.27589e+15 3.22882e+15
107599 7.56026e+20 3.70128e+16 3.27353e+15 3.23259e+15
107799 7.56363e+20 3.70259e+16 3.27306e+15 3.22835e+15
107999 7.567e+20 3.70441e+16 3.27165e+15 3.22835e+15
108199 7.57037e+20 3.70586e+16 3.27024e+15 3.22976e+15
108399 7.57375e+20 3.70778e+16 3.2693e+15 3.23259e+15
108599 7.57713e+20 3.70913e+16 3.26789e+15 3.22929e+15
108799 7.58051e+20 3.71086e+16 3.26741e+15 3.23211e+15
108999 7.58389e+20 3.71245e+16 3.26553e+15 3.23259e+15
109199 7.58728e+20 3.7138e+16 3.26506e+15 3.23447e+15
109399 7.59067e+20 3.71535e+16 3.26412e+15 3.24012e+15
109599 7.59406e+20 3.71717e+16 3.26412e+15 3.23729e+15
109799 7.59745e+20 3.71956e+16 3.26365e+15 3.23776e+15
109999 7.60084e+20 3.72196e+16 3.26318e+15 3.24059e+15
110199 7.60423e+20 3.72449e+16 3.26224e+15 3.23776e+15
110399 7.60763e+20 3.7274e+16 3.26177e+15 3.23306e+15
110599 7.61103e+20 3.72984e+16 3.26035e+15 3.2307e+15
110799 7.61443e+20 3.73199e+16 3.26035e+15 3.22929e+15
110999 7.61783e+20 3.7342e+16 3.25941e+15 3.22741e+15
111199 7.62123e+20 3.73716e+16 3.25941e+15 3.22458e+15
111399 7.62463e+20 3.73927e+16 3.25941e+15 3.22176e+15
111599 7.62804e+20 3.74143e+16 3.258e+15 3.2227e+15
111799 7.63144e+20 3.74372e+16 3.25753e+15 3.21752e+15
111999 7.63486e+20 3.74602e+16 3.25612e+15 3.21517e+15
112199 7.63827e+20 3.74795e+16 3.25518e+15 3.21329e+15
112399 7.64168e+20 3.74931e+16 3.25518e+15 3.21188e+15
112599 7.6451e+20 3.75137e+16 3.25424e+15 3.20905e+15
112799 7.64852e+20 3.75306e+16 3.25424e+15 3.2067e+15
112999 7.65193e+20 3.7555e+16 3.25282e+15 3.21564e+15
113199 7.65536e+20 3.7579e+16 3.25235e+15 3.20434e+15
113399 7.65878e+20 3.75982e+16 3.25235e+15 3.20105e+15
113599 7.66221e+20 3.76151e+16 3.25141e+15 3.19964e+15
113799 7.66563e+20 3.76315e+16 3.25141e+15 3.19964e+15
113999 7.66906e+20 3.76488e+16 3.25e+15 3.19681e+15
114199 7.67249e+20 3.76704e+16 3.24953e+15 3.19399e+15
114399 7.67593e+20 3.76854e+16 3.24906e+15 3.19446e+15
114599 7.67936e+20 3.76972e+16 3.24812e+15 3.19352e+15
114799 7.6828e+20 3.77188e+16 3.24718e+15 3.19117e+15
114999 7.68624e+20 3.77342e+16 3.24671e+15 3.1907e+15
115199 7.68968e+20 3.77554e+16 3.24623e+15 3.19117e+15
115399 7.69312e+20 3.77699e+16 3.24529e+15 3.18975e+15
115599 7.69656e+20 3.77859e+16 3.24388e+15 3.18928e+15
115799 7.70001e+20 3.78042e+16 3.24341e+15 3.18928e+15
115999 7.70346e+20 3.78192e+16 3.242e+15 3.18834e+15
116199 7.70692e+20 3.78404e+16 3.24059e+15 3.18693e+15
116399 7.71037e+20 3.78592e+16 3.24012e+15 3.1874e+15
116599 7.71383e+20 3.78751e+16 3.23965e+15 3.18599e+15
116799 7.71729e+20 3.78883e+16 3.23917e+15 3.18646e+15
116999 7.72075e+20 3.79071e+16 3.23729e+15 3.18505e+15
117199 7.72422e+20 3.79226e+16 3.23635e+15 3.18552e+15
117399 7.72769e+20 3.79348e+16 3.23494e+15 3.18693e+15
117599 7.73116e+20 3.79522e+16 3.23447e+15 3.18693e+15
117799 7.73464e+20 3.79748e+16 3.23353e+15 3.18599e+15
117999 7.73812e+20 3.79917e+16 3.23211e+15 3.18693e+15
118199 7.7416e+20 3.80072e+16 3.23164e+15 3.18693e+15
118399 7.74508e+20 3.8018e+16 3.2307e+15 3.18693e+15
118599 7.74857e+20 3.80392e+16 3.2307e+15 3.18834e+15
118799 7.75205e+20 3.80566e+16 3.22788e+15 3.18975e+15
118999 7.75555e+20 3.8075e+16 3.22741e+15 3.18975e+15
119199 7.75904e+20 3.8091e+16 3.22647e+15 3.19117e+15
119399 7.76253e+20 3.81159e+16 3.226e+15 3.19352e+15
119599 7.76603e+20 3.81329e+16 3.22505e+15 3.19399e+15
119799 7.76953e+20 3.81503e+16 3.22317e+15 3.19776e+15
119999 7.77304e+20 3.81734e+16 3.22317e+15 3.19823e+15
120199 7.77654e+20 3.81988e+16 3.22317e+15 3.19917e+15
120399 7.78005e+20 3.82242e+16 3.22176e+15 3.20058e+15
120599 7.78355e+20 3.82468e+16 3.22176e+15 3.20246e+15
120799 7.78706e+20 3.82722e+16 3.22129e+15 3.1987e+15
120999 7.79057e+20 3.82939e+16 3.22129e+15 3.19446e+15
121199 7.79408e+20 3.83146e+16 3.22035e+15 3.19211e+15
121399 7.7976e+20 3.83358e+16 3.21988e+15 3.18928e+15
121599 7.80111e+20 3.8358e+16 3.21988e+15 3.18834e+15
121799 7.80462e+20 3.83759e+16 3.21988e+15 3.18646e+15
121999 7.80814e+20 3.83975e+16 3.21799e+15 3.18834e+15
122199 7.81166e+20 3.84173e+16 3.21752e+15 3.17987e+15
122399 7.81518e+20 3.84395e+16 3.21658e+15 3.18175e+15
122599 7.8187e+20 3.84588e+16 3.21658e+15 3.17752e+15
122799 7.82222e+20 3.84842e+16 3.21658e+15 3.17328e+15
122999 7.82574e+20 3.84984e+16 3.21564e+15 3.17516e+15
123199 7.82927e+20 3.85163e+16 3.21517e+15 3.17187e+15
123399 7.83279e+20 3.85286e+16 3.21517e+15 3.16999e+15
123599 7.83632e+20 3.8547e+16 3.21517e+15 3.16763e+15
123799 7.83985e+20 3.85654e+16 3.21517e+15 3.16622e+15
123999 7.84337e+20 3.85875e+16 3.21376e+15 3.16669e+15
124199 7.8469e+20 3.86031e+16 3.21329e+15 3.16575e+15
124399 7.85043e+20 3.86182e+16 3.21282e+15 3.16622e+15
124599 7.85397e+20 3.86451e+16 3.21188e+15 3.17375e+15
124799 7.8575e+20 3.86663e+16 3.21093e+15 3.15869e+15
124999 7.86104e+20 3.86866e+16 3.21046e+15 3.15963e+15
125199 7.86458e+20 3.87097e+16 3.20952e+15 3.16198e+15
125399 7.86812e+20 3.87267e+16 3.20858e+15 3.15869e+15
125599 7.87166e+20 3.87493e+16 3.20811e+15 3.15634e+15
125799 7.8752e+20 3.87682e+16 3.2067e+15 3.16669e+15
125999 7.87875e+20 3.87951e+16 3.20576e+15 3.15587e+15
126199 7.8823e+20 3.88107e+16 3.20482e+15 3.15634e+15
126399 7.88585e+20 3.88253e+16 3.20434e+15 3.15822e+15
126599 7.8894e+20 3.88465e+16 3.20246e+15 3.16293e+15
126799 7.89296e+20 3.88626e+16 3.20199e+15 3.15634e+15
126999 7.89652e+20 3.88848e+16 3.20199e+15 3.15587e+15
127199 7.90007e+20 3.89009e+16 3.20199e+15 3.15681e+15
127399 7.90363e+20 3.89235e+16 3.20058e+15 3.15681e+15
127599 7.90719e+20 3.8948e+16 3.19964e+15 3.15681e+15
127799 7.91076e+20 3.89655e+16 3.19917e+15 3.15728e+15
127999 7.91432e+20 3.89854e+16 3.1987e+15 3.15822e+15
128199 7.91789e+20 3.90019e+16 3.19728e+15 3.15681e+15
128399 7.92146e+20 3.90175e+16 3.19681e+15 3.15963e+15
128599 7.92503e+20 3.90392e+16 3.19587e+15 3.1601e+15
128799 7.9286e+20 3.90577e+16 3.19587e+15 3.16198e+15
128999 7.93217e+20 3.90742e+16 3.19493e+15 3.16245e+15
129199 7.93575e+20 3.90945e+16 3.19493e+15 3.16198e+15
129399 7.93932e+20 3.91163e+16 3.19446e+15 3.16434e+15
129599 7.9429e+20 3.91371e+16 3.19352e+15 3.16857e+15
129799 7.94648e+20 3.91564e+16 3.19305e+15 3.16904e+15
129999 7.95006e+20 3.91777e+16 3.19305e+15 3.16763e+15
130199 7.95364e+20 3.92107e+16 3.19211e+15 3.16622e+15
130399 7.95723e+20 3.92471e+16 3.19022e+15 3.1634e+15
130599 7.96081e+20 3.92744e+16 3.19022e+15 3.16104e+15
130799 7.9644e+20 3.93023e+16 3.18975e+15 3.15587e+15
130999 7.96799e+20 3.93231e+16 3.18928e+15 3.15681e+15
131199 7.97158e+20 3.93486e+16 3.18928e+15 3.15398e+15
131399 7.97517e+20 3.93718e+16 3.1874e+15 3.15163e+15
131599 7.97877e+20 3.93935e+16 3.18646e+15 3.14928e+15
131799 7.98236e+20 3.94186e+16 3.18599e+15 3.14881e+15
131999 7.98596e+20 3.9438e+16 3.18505e+15 3.14598e+15
132199 7.98956e+20 3.94621e+16 3.18458e+15 3.14269e+15
132399 7.99317e+20 3.94838e+16 3.18411e+15 3.1408e+15
132599 7.99677e+20 3.9506e+16 3.18316e+15 3.14033e+15
132799 8.00038e+20 3.95301e+16 3.18222e+15 3.13845e+15
132999 8.00399e+20 3.95481e+16 3.18222e+15 3.1361e+15
133199 8.0076e+20 3.95685e+16 3.18222e+15 3.1361e+15
133399 8.01121e+20 3.95893e+16 3.18222e+15 3.1328e+15
133599 8.01482e+20 3.96078e+16 3.18222e+15 3.1328e+15
133799 8.01843e+20 3.96201e+16 3.18222e+15 3.13045e+15
133999 8.02204e+20 3.96311e+16 3.18222e+15 3.12904e+15
134199 8.02565e+20 3.96505e+16 3.18175e+15 3.12904e+15
134399 8.02927e+20 3.9668e+16 3.18128e+15 3.12574e+15
134599 8.03288e+20 3.96851e+16 3.18034e+15 3.1248e+15
134799 8.0365e+20 3.97007e+16 3.17799e+15 3.12527e+15
134999 8.04012e+20 3.9722e+16 3.17752e+15 3.12386e+15
135199 8.04375e+20 3.97433e+16 3.1761e+15 3.12292e+15
135399 8.04738e+20 3.97622e+16 3.1761e+15 3.12198e+15
135599 8.05101e+20 3.97821e+16 3.17516e+15 3.12056e+15
135799 8.05464e+20 3.98039e+16 3.17422e+15 3.12104e+15
135999 8.05827e+20 3.98191e+16 3.17422e+15 3.12009e+15
136199 8.06191e+20 3.98446e+16 3.17281e+15 3.13092e+15
136399 8.06555e+20 3.98711e+16 3.17234e+15 3.11962e+15
136599 8.06919e+20 3.98849e+16 3.1714e+15 3.12009e+15
136799 8.07283e+20 3.98977e+16 3.17046e+15 3.11962e+15
136999 8.07647e+20 3.99233e+16 3.16999e+15 3.12009e+15
137199 8.08012e+20 3.99474e+16 3.16951e+15 3.11962e+15
137399 8.08376e+20 3.9964e+16 3.1681e+15 3.11962e+15
137599 8.08742e+20 3.99853e+16 3.16716e+15 3.12292e+15
137799 8.09107e+20 4.00089e+16 3.16669e+15 3.12198e+15
137999 8.09473e+20 4.00354e+16 3.16622e+15 3.12198e+15
138199 8.09838e+20 4.00605e+16 3.16481e+15 3.12292e+15
138399 8.10204e+20 4.00799e+16 3.16434e+15 3.12245e+15
138599 8.10571e+20 4.00946e+16 3.16387e+15 3.12339e+15
138799 8.10937e+20 4.01164e+16 3.16293e+15 3.1248e+15
138999 8.11304e+20 4.01335e+16 3.16293e+15 3.12621e+15
139199 8.1167e+20 4.01515e+16 3.16245e+15 3.12574e+15
139399 8.12037e+20 4.01728e+16 3.16198e+15 3.12762e+15
139599 8.12404e+20 4.01885e+16 3.1601e+15 3.12998e+15
139799 8.12771e+20 4.02122e+16 3.1601e+15 3.13186e+15
139999 8.13139e+20 4.02434e+16 3.1601e+15 3.13327e+15
140199 8.13506e+20 4.02807e+16 3.15963e+15 3.13563e+15
140399 8.13873e+20 4.03142e+16 3.15869e+15 3.13704e+15
140599 8.14241e+20 4.03473e+16 3.15869e+15 3.13327e+15
140799 8.14609e+20 4.03766e+16 3.15728e+15 3.13469e+15
140999 8.14977e+20 4.04003e+16 3.15634e+15 3.12951e+15
141199 8.15345e+20 4.04353e+16 3.15539e+15 3.12904e+15
141399 8.15714e+20 4.04618e+16 3.15539e+15 3.12339e+15
141599 8.16082e+20 4.04883e+16 3.15492e+15 3.12339e+15
141799 8.16451e+20 4.05153e+16 3.15445e+15 3.12056e+15
141999 8.1682e+20 4.05436e+16 3.15351e+15 3.11821e+15
142199 8.17189e+20 4.05734e+16 3.15351e+15 3.11915e+15
142399 8.17558e+20 4.05952e+16 3.15304e+15 3.1135e+15
142599 8.17927e+20 4.06198e+16 3.1521e+15 3.11633e+15
142799 8.18296e+20 4.06365e+16 3.15163e+15 3.11115e+15
142999 8.18666e+20 4.06625e+16 3.15163e+15 3.1088e+15
143199 8.19035e+20 4.06843e+16 3.15069e+15 3.10974e+15
143399 8.19405e+20 4.07141e+16 3.15022e+15 3.11303e+15
143599 8.19775e+20 4.07425e+16 3.14975e+15 3.10927e+15
143799 8.20145e+20 4.07629e+16 3.14833e+15 3.10739e+15
143999 8.20515e+20 4.07927e+16 3.14833e+15 3.10362e+15
144199 8.20885e+20 4.08154e+16 3.14786e+15 3.1008e+15
144399 8.21256e+20 4.08377e+16 3.14739e+15 3.10174e+15
144599 8.21626e+20 4.08665e+16 3.14645e+15 3.09891e+15
144799 8.21997e+20 4.08817e+16 3.14598e+15 3.10692e+15
144999 8.22368e+20 4.09007e+16 3.14598e+15 3.09938e+15
145199 8.22739e+20 4.09263e+16 3.14551e+15 3.09891e+15
145399 8.2311e+20 4.09533e+16 3.14457e+15 3.09421e+15
145599 8.23481e+20 4.09708e+16 3.14457e+15 3.09468e+15
145799 8.23852e+20 4.09988e+16 3.14363e+15 3.10409e+15
145999 8.24224e+20 4.10173e+16 3.14363e+15 3.09656e+15
146199 8.24596e+20 4.10353e+16 3.14316e+15 3.09468e+15
146399 8.24967e+20 4.10585e+16 3.14269e+15 3.09515e+15
146599 8.25339e+20 4.10752e+16 3.14175e+15 3.09421e+15
146799 8.25711e+20 4.11008e+16 3.14175e+15 3.09421e+15
146999 8.26083e+20 4.11245e+16 3.1408e+15 3.09327e+15
147199 8.26455e+20 4.11477e+16 3.14033e+15 3.09468e+15
147399 8.26828e+20 4.11653e+16 3.13798e+15 3.09656e+15
147599 8.27201e+20 4.11894e+16 3.13704e+15 3.09797e+15
147799 8.27574e+20 4.12108e+16 3.13657e+15 3.09562e+15
147999 8.27947e+20 4.12288e+16 3.13657e+15 3.09515e+15
148199 8.2832e+20 4.12478e+16 3.13563e+15 3.09797e+15
148399 8.28694e+20 4.12744e+16 3.13469e+15 3.10174e+15
148599 8.29068e+20 4.12952e+16 3.13469e+15 3.09891e+15
148799 8.29441e+20 4.13152e+16 3.13421e+15 3.10033e+15
148999 8.29815e+20 4.13365e+16 3.13374e+15 3.09986e+15
149199 8.30189e+20 4.13555e+16 3.13374e+15 3.10315e+15
149399 8.30563e+20 4.13764e+16 3.13374e+15 3.10409e+15
149599 8.30937e+20 4.14058e+16 3.13374e+15 3.10503e+15
149799 8.31312e+20 4.14333e+16 3.1328e+15 3.1088e+15
149999 8.31686e+20 4.14678e+16 3.13233e+15 3.10927e+15
150199 8.3206e+20 4.14981e+16 3.13186e+15 3.10692e+15
150399 8.32435e+20 4.15312e+16 3.13092e+15 3.10456e+15
150599 8.3281e+20 4.15695e+16 3.13045e+15 3.10174e+15
150799 8.33185e+20 4.16031e+16 3.12998e+15 3.1008e+15
150999 8.3356e+20 4.16315e+16 3.12998e+15 3.09891e+15
151199 8.33935e+20 4.16542e+16 3.12857e+15 3.09421e+15
151399 8.3431e+20 4.16779e+16 3.12857e+15 3.0928e+15
151599 8.34686e+20 4.171e+16 3.1281e+15 3.08997e+15
151799 8.35061e+20 4.17393e+16 3.12621e+15 3.09091e+15
151999 8.35438e+20 4.17733e+16 3.1248e+15 3.08573e+15
152199 8.35814e+20 4.18017e+16 3.1248e+15 3.08385e+15
152399 8.36191e+20 4.1823e+16 3.1248e+15 3.08244e+15
152599 8.36567e+20 4.18438e+16 3.12386e+15 3.08103e+15
152799 8.36944e+20 4.1867e+16 3.12292e+15 3.07867e+15
152999 8.37321e+20 4.18883e+16 3.12292e+15 3.0782e+15
153199 8.37698e+20 4.19077e+16 3.12198e+15 3.0735e+15
153399 8.38075e+20 4.19267e+16 3.12198e+15 3.07444e+15
153599 8.38453e+20 4.19447e+16 3.12151e+15 3.0735e+15
153799 8.3883e+20 4.19689e+16 3.12151e+15 3.07209e+15
153999 8.39207e+20 4.19935e+16 3.12104e+15 3.0702e+15
154199 8.39585e+20 4.202e+16 3.12009e+15 3.06879e+15
154399 8.39963e+20 4.20479e+16 3.11915e+15 3.06738e+15
154599 8.40341e+20 4.20688e+16 3.11868e+15 3.06691e+15
154799 8.40719e+20 4.20854e+16 3.11868e+15 3.06597e+15
154999 8.41098e+20 4.21011e+16 3.11821e+15 3.0655e+15
155199 8.41476e+20 4.21191e+16 3.11774e+15 3.06455e+15
155399 8.41855e+20 4.21381e+16 3.11774e+15 3.06408e+15
155599 8.42233e+20 4.21651e+16 3.11727e+15 3.06267e+15
155799 8.42612e+20 4.21793e+16 3.1168e+15 3.06738e+15
155999 8.42991e+20 4.2211e+16 3.11492e+15 3.06973e+15
156199 8.43371e+20 4.2246e+16 3.11398e+15 3.06079e+15
156399 8.4375e+20 4.22672e+16 3.11256e+15 3.06079e+15
156599 8.4413e+20 4.22928e+16 3.11209e+15 3.06173e+15
156799 8.4451e+20 4.23169e+16 3.11115e+15 3.06267e+15
156999 8.44891e+20 4.23344e+16 3.11115e+15 3.06173e+15
157199 8.45271e+20 4.23524e+16 3.11021e+15 3.06032e+15
157399 8.45652e+20 4.2378e+16 3.10974e+15 3.06173e+15
157599 8.46033e+20 4.23946e+16 3.10974e+15 3.06173e+15
157799 8.46413e+20 4.24135e+16 3.1088e+15 3.06455e+15
157999 8.46795e+20 4.24372e+16 3.1088e+15 3.06314e+15
158199 8.47176e+20 4.2458e+16 3.10786e+15 3.06408e+15
158399 8.47557e+20 4.24817e+16 3.10692e+15 3.06503e+15
158599 8.47939e+20 4.25035e+16 3.10644e+15 3.0655e+15
158799 8.48321e+20 4.25257e+16 3.1055e+15 3.06691e+15
158999 8.48703e+20 4.25504e+16 3.10456e+15 3.06973e+15
159199 8.49085e+20 4.25717e+16 3.10409e+15 3.06926e+15
159399 8.49467e+20 4.25911e+16 3.10409e+15 3.07067e+15
159599 8.4985e+20 4.26153e+16 3.10362e+15 3.07114e+15
159799 8.50232e+20 4.26352e+16 3.10362e+15 3.0735e+15
159999 8.50615e+20 4.26635e+16 3.10315e+15 3.07538e+15
160199 8.50998e+20 4.26882e+16 3.10174e+15 3.07726e+15
160399 8.51381e+20 4.27264e+16 3.10033e+15 3.07962e+15
160599 8.51764e+20 4.2759e+16 3.09938e+15 3.0815e+15
160799 8.52147e+20 4.27997e+16 3.09891e+15 3.07585e+15
160999 8.52531e+20 4.28304e+16 3.09891e+15 3.07161e+15
161199 8.52915e+20 4.28588e+16 3.09891e+15 3.0735e+15
161399 8.53298e+20 4.28886e+16 3.0975e+15 3.06926e+15
161599 8.53682e+20 4.29161e+16 3.0975e+15 3.06879e+15
161799 8.54067e+20 4.29454e+16 3.09656e+15 3.06455e+15
161999 8.54451e+20 4.2971e+16 3.09562e+15 3.06267e+15
162199 8.54835e+20 4.29975e+16 3.09515e+15 3.05938e+15
162399 8.5522e+20 4.30287e+16 3.09515e+15 3.05844e+15
162599 8.55605e+20 4.30514e+16 3.09515e+15 3.05702e+15
162799 8.55989e+20 4.30756e+16 3.09468e+15 3.0542e+15
162999 8.56374e+20 4.30941e+16 3.09421e+15 3.05561e+15
163199 8.56759e+20 4.31154e+16 3.09421e+15 3.05279e+15
163399 8.57144e+20 4.31377e+16 3.09421e+15 3.05232e+15
163599 8.57529e+20 4.31605e+16 3.09327e+15 3.05279e+15
163799 8.57915e+20 4.31804e+16 3.0928e+15 3.04808e+15
163999 8.583e+20 4.32017e+16 3.09185e+15 3.04902e+15
164199 8.58686e+20 4.32292e+16 3.09138e+15 3.04479e+15
164399 8.59072e+20 4.32463e+16 3.09091e+15 3.04526e+15
164599 8.59458e+20 4.32709e+16 3.09044e+15 3.04573e+15
164799 8.59844e+20 4.32946e+16 3.08997e+15 3.04432e+15
164999 8.6023e+20 4.33188e+16 3.0895e+15 3.0429e+15
165199 8.60616e+20 4.33439e+16 3.08856e+15 3.04196e+15
165399 8.61002e+20 4.33676e+16 3.08762e+15 3.04526e+15
165599 8.61389e+20 4.3387e+16 3.08762e+15 3.04008e+15
165799 8.61776e+20 4.34018e+16 3.08715e+15 3.03961e+15
165999 8.62163e+20 4.34194e+16 3.08621e+15 3.04055e+15
166199 8.6255e+20 4.34379e+16 3.08573e+15 3.03961e+15
166399 8.62937e+20 4.34602e+16 3.08479e+15 3.04243e+15
166599 8.63324e+20 4.34858e+16 3.08479e+15 3.04102e+15
166799 8.63711e+20 4.35071e+16 3.08479e+15 3.04055e+15
166999 8.64099e+20 4.35256e+16 3.08479e+15 3.04432e+15
167199 8.64486e+20 4.35437e+16 3.08338e+15 3.04573e+15
167399 8.64874e+20 4.35641e+16 3.08338e+15 3.04102e+15
167599 8.65262e+20 4.35821e+16 3.08244e+15 3.03914e+15
167799 8.6565e+20 4.36044e+16 3.08244e+15 3.04243e+15
167999 8.66038e+20 4.36328e+16 3.08244e+15 3.04149e+15
168199 8.66426e+20 4.36565e+16 3.08197e+15 3.04337e+15
168399 8.66814e+20 4.36732e+16 3.08009e+15 3.04667e+15
168599 8.67203e+20 4.36988e+16 3.07867e+15 3.0462e+15
168799 8.67592e+20 4.3722e+16 3.07867e+15 3.04526e+15
168999 8.67981e+20 4.37481e+16 3.07867e+15 3.04667e+15
169199 8.68369e+20 4.37755e+16 3.07867e+15 3.04855e+15
169399 8.68758e+20 4.37969e+16 3.07867e+15 3.04902e+15
169599 8.69147e+20 4.38244e+16 3.07773e+15 3.05232e+15
169799 8.69537e+20 4.385e+16 3.07679e+15 3.05467e+15
169999 8.69926e+20 4.38873e+16 3.07679e+15 3.05608e+15
170199 8.70316e+20 4.39247e+16 3.07585e+15 3.05373e+15
170399 8.70705e+20 4.39615e+16 3.07585e+15 3.05138e+15
170599 8.71095e+20 4.39941e+16 3.07585e+15 3.04808e+15
170799 8.71485e+20 4.40244e+16 3.07538e+15 3.04526e+15
170999 8.71875e+20 4.4055e+16 3.07444e+15 3.04385e+15
171199 8.72265e+20 4.40895e+16 3.07397e+15 3.04102e+15
171399 8.72655e+20 4.41229e+16 3.07397e+15 3.03961e+15
171599 8.73046e+20 4.41484e+16 3.07397e+15 3.03631e+15
171799 8.73436e+20 4.41735e+16 3.07397e+15 3.03631e+15
171999 8.73826e+20 4.42014e+16 3.0735e+15 3.0349e+15
172199 8.74217e+20 4.42326e+16 3.07256e+15 3.0302e+15
172399 8.74608e+20 4.42581e+16 3.07256e+15 3.03067e+15
172599 8.74998e+20 4.42907e+16 3.07209e+15 3.02831e+15
172799 8.75389e+20 4.43139e+16 3.07161e+15 3.0269e+15
172999 8.75781e+20 4.43428e+16 3.0702e+15 3.02596e+15
173199 8.76172e+20 4.43664e+16 3.06973e+15 3.02455e+15
173399 8.76563e+20 4.43859e+16 3.06926e+15 3.02361e+15
173599 8.76955e+20 4.441e+16 3.06879e+15 3.02219e+15
173799 8.77347e+20 4.44309e+16 3.06879e+15 3.02031e+15
173999 8.77739e+20 4.44522e+16 3.06879e+15 3.01937e+15
174199 8.78131e+20 4.44669e+16 3.06832e+15 3.0189e+15
174399 8.78523e+20 4.4484e+16 3.06785e+15 3.01608e+15
174599 8.78915e+20 4.45049e+16 3.06691e+15 3.01608e+15
174799 8.79307e+20 4.45281e+16 3.06644e+15 3.01749e+15
174999 8.797e+20 4.45527e+16 3.06597e+15 3.01513e+15
175199 8.80093e+20 4.45797e+16 3.0655e+15 3.01984e+15
175399 8.80486e+20 4.46019e+16 3.06455e+15 3.01372e+15
175599 8.80879e+20 4.46204e+16 3.06408e+15 3.01419e+15
175799 8.81272e+20 4.46416e+16 3.06408e+15 3.01419e+15
175999 8.81665e+20 4.46644e+16 3.06408e+15 3.01278e+15
176199 8.82058e+20 4.46833e+16 3.06314e+15 3.01372e+15
176399 8.82452e+20 4.47041e+16 3.06267e+15 3.01325e+15
176599 8.82845e+20 4.4725e+16 3.06267e+15 3.01278e+15
176799 8.83239e+20 4.47463e+16 3.0622e+15 3.01184e+15
176999 8.83633e+20 4.47695e+16 3.06173e+15 3.01231e+15
177199 8.84027e+20 4.47903e+16 3.06173e+15 3.01419e+15
177399 8.84421e+20 4.48149e+16 3.06126e+15 3.01372e+15
177599 8.84815e+20 4.48306e+16 3.06032e+15 3.01419e+15
177799 8.85209e+20 4.48482e+16 3.05891e+15 3.01466e+15
177999 8.85604e+20 4.48742e+16 3.05891e+15 3.01655e+15
178199 8.85999e+20 4.4896e+16 3.05891e+15 3.01749e+15
178399 8.86393e+20 4.49145e+16 3.05797e+15 3.01749e+15
178599 8.86789e+20 4.49315e+16 3.05702e+15 3.01796e+15
178799 8.87184e+20 4.49547e+16 3.05655e+15 3.0189e+15
178999 8.87579e+20 4.49798e+16 3.05561e+15 3.02314e+15
179199 8.87975e+20 4.50101e+16 3.05561e+15 3.02172e+15
179399 8.88371e+20 4.50347e+16 3.05467e+15 3.02219e+15
179599 8.88767e+20 4.50607e+16 3.0542e+15 3.02361e+15
179799 8.89163e+20 4.50938e+16 3.05326e+15 3.0269e+15
179999 8.89559e+20 4.51259e+16 3.05326e+15 3.02831e+15
180199 8.89955e+20 4.51656e+16 3.05279e+15 3.0302e+15
180399 8.90351e+20 4.52071e+16 3.05232e+15 3.03302e+15
180599 8.90748e+20 4.5251e+16 3.05185e+15 3.03302e+15
180799 8.91144e+20 4.52873e+16 3.05185e+15 3.02878e+15
180999 8.91541e+20 4.53204e+16 3.05185e+15 3.0269e+15
181199 8.91938e+20 4.53535e+16 3.05185e+15 3.02361e+15
181399 8.92334e+20 4.53809e+16 3.05138e+15 3.02455e+15
181599 8.92731e+20 4.54073e+16 3.05138e+15 3.01937e+15
181799 8.93128e+20 4.54381e+16 3.05043e+15 3.01608e+15
181999 8.93525e+20 4.54678e+16 3.04996e+15 3.01608e+15
182199 8.93922e+20 4.54924e+16 3.04855e+15 3.01466e+15
182399 8.9432e+20 4.55189e+16 3.04808e+15 3.01184e+15
182599 8.94718e+20 4.55496e+16 3.04761e+15 3.00996e+15
182799 8.95115e+20 4.55766e+16 3.04761e+15 3.0076e+15
182999 8.95513e+20 4.56082e+16 3.04761e+15 3.00713e+15
183199 8.95911e+20 4.56281e+16 3.04714e+15 3.00478e+15
183399 8.96308e+20 4.56494e+16 3.04714e+15 3.00525e+15
183599 8.96706e+20 4.56792e+16 3.04667e+15 3.00337e+15
183799 8.97104e+20 4.57057e+16 3.0462e+15 3.00054e+15
183999 8.97502e+20 4.57364e+16 3.04526e+15 3.00101e+15
184199 8.97901e+20 4.57558e+16 3.04385e+15 2.9996e+15
184399 8.983e+20 4.57757e+16 3.04337e+15 2.99819e+15
184599 8.98699e+20 4.58031e+16 3.04196e+15 2.99819e+15
184799 8.99098e+20 4.58296e+16 3.04196e+15 2.99725e+15
184999 8.99497e+20 4.58552e+16 3.04196e+15 2.99442e+15
185199 8.99896e+20 4.58713e+16 3.04102e+15 2.99631e+15
185399 9.00296e+20 4.58945e+16 3.04055e+15 2.99678e+15
185599 9.00695e+20 4.59163e+16 3.04055e+15 2.99442e+15
185799 9.01094e+20 4.59437e+16 3.04055e+15 2.9949e+15
185999 9.01494e+20 4.59749e+16 3.04008e+15 2.99254e+15
186199 9.01894e+20 4.59967e+16 3.03914e+15 2.99537e+15
186399 9.02294e+20 4.60213e+16 3.03867e+15 2.99348e+15
186599 9.02694e+20 4.6045e+16 3.03773e+15 2.99678e+15
186799 9.03094e+20 4.60696e+16 3.03773e+15 2.99395e+15
186999 9.03494e+20 4.60913e+16 3.03773e+15 2.99254e+15
187199 9.03895e+20 4.61127e+16 3.03678e+15 2.99301e+15
187399 9.04295e+20 4.61283e+16 3.03631e+15 2.99442e+15
187599 9.04696e+20 4.61529e+16 3.03537e+15 2.99442e+15
187799 9.05097e+20 4.61724e+16 3.03537e+15 2.99678e+15
187999 9.05497e+20 4.61923e+16 3.0349e+15 3.00007e+15
188199 9.05899e+20 4.6215e+16 3.03443e+15 2.99678e+15
188399 9.063e+20 4.62401e+16 3.03443e+15 2.99913e+15
188599 9.06701e+20 4.62713e+16 3.03396e+15 3.00196e+15
188799 9.07102e+20 4.62964e+16 3.03349e+15 3.00196e+15
188999 9.07504e+20 4.63252e+16 3.03255e+15 3.00243e+15
189199 9.07905e+20 4.63465e+16 3.03208e+15 3.00807e+15
189399 9.08307e+20 4.63744e+16 3.03161e+15 3.00666e+15
189599 9.08709e+20 4.64094e+16 3.03161e+15 3.01043e+15
189799 9.09111e+20 4.645e+16 3.03161e+15 3.00996e+15
189999 9.09513e+20 4.64916e+16 3.03114e+15 3.00949e+15
190199 9.09915e+20 4.65435e+16 3.03067e+15 3.00666e+15
190399 9.10317e+20 4.65817e+16 3.02972e+15 3.00478e+15
190599 9.1072e+20 4.66232e+16 3.02878e+15 3.0029e+15
190799 9.11122e+20 4.66586e+16 3.02878e+15 3.00148e+15
190999 9.11525e+20 4.66921e+16 3.02784e+15 2.99866e+15
191199 9.11928e+20 4.67223e+16 3.02784e+15 2.99725e+15
191399 9.12331e+20 4.67469e+16 3.02784e+15 2.99537e+15
191599 9.12734e+20 4.67837e+16 3.02784e+15 2.99395e+15
191799 9.13137e+20 4.68167e+16 3.02784e+15 2.9916e+15
191999 9.1354e+20 4.68422e+16 3.02784e+15 2.98831e+15
192199 9.13943e+20 4.68672e+16 3.02784e+15 2.98642e+15
192399 9.14346e+20 4.6896e+16 3.02784e+15 2.98595e+15
192599 9.14749e+20 4.69244e+16 3.02737e+15 2.98501e+15
192799 9.15152e+20 4.69499e+16 3.02737e+15 2.98313e+15
192999 9.15555e+20 4.69787e+16 3.0269e+15 2.98266e+15
193199 9.15959e+20 4.70018e+16 3.0269e+15 2.98077e+15
193399 9.16362e+20 4.70254e+16 3.02502e+15 2.97889e+15
193599 9.16766e+20 4.70476e+16 3.02502e+15 2.97889e+15
193799 9.1717e+20 4.70707e+16 3.02455e+15 2.97701e+15
193999 9.17574e+20 4.71009e+16 3.02314e+15 2.97419e+15
194199 9.17979e+20 4.71245e+16 3.02219e+15 2.97466e+15
194399 9.18383e+20 4.715e+16 3.02219e+15 2.97324e+15
194599 9.18788e+20 4.71759e+16 3.02125e+15 2.97183e+15
194799 9.19193e+20 4.72019e+16 3.02125e+15 2.97277e+15
194999 9.19598e+20 4.72231e+16 3.02125e+15 2.97183e+15
195199 9.20003e+20 4.72472e+16 3.02078e+15 2.97089e+15
195399 9.20408e+20 4.72679e+16 3.02031e+15 2.97089e+15
195599 9.20814e+20 4.72911e+16 3.02031e+15 2.97089e+15
195799 9.21219e+20 4.73132e+16 3.01984e+15 2.96995e+15
195999 9.21624e+20 4.73354e+16 3.01796e+15 2.97042e+15
196199 9.2203e+20 4.73539e+16 3.01796e+15 2.97089e+15
196399 9.22436e+20 4.73831e+16 3.01796e+15 2.96901e+15
196599 9.22842e+20 4.74048e+16 3.01749e+15 2.96948e+15
196799 9.23248e+20 4.742e+16 3.01702e+15 2.97042e+15
196999 9.23654e+20 4.74379e+16 3.01608e+15 2.96901e+15
197199 9.2406e+20 4.74601e+16 3.0156e+15 2.97089e+15
197399 9.24467e+20 4.74832e+16 3.01513e+15 2.97089e+15
197599 9.24873e+20 4.75082e+16 3.01513e+15 2.97324e+15
197799 9.2528e+20 4.7529e+16 3.01466e+15 2.9723e+15
197999 9.25687e+20 4.75517e+16 3.01419e+15 2.9723e+15
198199 9.26094e+20 4.75762e+16 3.01372e+15 2.97466e+15
198399 9.26501e+20 4.75989e+16 3.01372e+15 2.97513e+15
198599 9.26908e+20 4.76239e+16 3.01325e+15 2.97607e+15
198799 9.27315e+20 4.76508e+16 3.01184e+15 2.9756e+15
198999 9.27723e+20 4.76819e+16 3.01137e+15 2.97701e+15
199199 9.28131e+20 4.77037e+16 3.0109e+15 2.97936e+15
199399 9.28539e+20 4.77287e+16 3.01043e+15 2.98077e+15
199599 9.28947e+20 4.77523e+16 3.00996e+15 2.98125e+15
199799 9.29355e+20 4.77801e+16 3.00996e+15 2.98454e+15
199999 9.29763e+20 4.7815e+16 3.00996e+15 2.98689e+15
200199 9.30171e+20 4.78579e+16 3.00996e+15 2.98878e+15
200399 9.30579e+20 4.79032e+16 3.00996e+15 2.99019e+15
200599 9.30988e+20 4.79479e+16 3.00949e+15 2.99207e+15
200799 9.31396e+20 4.80007e+16 3.00949e+15 2.98972e+15
200999 9.31804e+20 4.80417e+16 3.00902e+15 2.98266e+15
201199 9.32213e+20 4.80747e+16 3.00854e+15 2.98219e+15
201399 9.32622e+20 4.81152e+16 3.0076e+15 2.98219e+15
201599 9.3303e+20 4.81374e+16 3.0076e+15 2.97983e+15
201799 9.33439e+20 4.81643e+16 3.0076e+15 2.97842e+15
201999 9.33848e+20 4.81916e+16 3.0076e+15 2.97466e+15
202199 9.34257e+20 4.82143e+16 3.00713e+15 2.97324e+15
202399 9.34666e+20 4.82529e+16 3.00619e+15 2.97889e+15
202599 9.35075e+20 4.82897e+16 3.00619e+15 2.96948e+15
202799 9.35484e+20 4.83137e+16 3.00619e+15 2.96713e+15
202999 9.35894e+20 4.83439e+16 3.00525e+15 2.96618e+15
203199 9.36303e+20 4.8376e+16 3.00525e+15 2.9643e+15
203399 9.36713e+20 4.84005e+16 3.00525e+15 2.96195e+15
203599 9.37122e+20 4.84255e+16 3.00478e+15 2.9643e+15
203799 9.37532e+20 4.84556e+16 3.00478e+15 2.96101e+15
203999 9.37941e+20 4.84816e+16 3.00478e+15 2.96054e+15
204199 9.38351e+20 4.85009e+16 3.00431e+15 2.95912e+15
204399 9.38761e+20 4.85301e+16 3.00431e+15 2.95959e+15
204599 9.39171e+20 4.85556e+16 3.0029e+15 2.95771e+15
204799 9.39581e+20 4.85848e+16 3.0029e+15 2.9563e+15
204999 9.39991e+20 4.86107e+16 3.00243e+15 2.95583e+15
205199 9.40401e+20 4.86418e+16 3.00196e+15 2.95442e+15
205399 9.40811e+20 4.86701e+16 3.00148e+15 2.95442e+15
205599 9.41221e+20 4.8696e+16 3.00054e+15 2.95489e+15
205799 9.41632e+20 4.87182e+16 3.00007e+15 2.95442e+15
205999 9.42043e+20 4.87375e+16 2.99913e+15 2.95536e+15
206199 9.42454e+20 4.87596e+16 2.99866e+15 2.95395e+15
206399 9.42865e+20 4.87879e+16 2.99866e+15 2.95536e+15
206599 9.43276e+20 4.8811e+16 2.99819e+15 2.95489e+15
206799 9.43687e+20 4.88317e+16 2.99725e+15 2.95536e+15
206999 9.44099e+20 4.8853e+16 2.99678e+15 2.95489e+15
207199 9.4451e+20 4.88812e+16 2.99631e+15 2.95865e+15
207399 9.44922e+20 4.89119e+16 2.99631e+15 2.95724e+15
207599 9.45334e+20 4.89364e+16 2.99631e+15 2.95677e+15
207799 9.45746e+20 4.89637e+16 2.99537e+15 2.95677e+15
207999 9.46158e+20 4.8992e+16 2.99537e+15 2.95724e+15
208199 9.4657e+20 4.90179e+16 2.99442e+15 2.95677e+15
208399 9.46982e+20 4.90433e+16 2.99442e+15 2.95912e+15
208599 9.47394e+20 4.90744e+16 2.99442e+15 2.96054e+15
208799 9.47807e+20 4.91003e+16 2.99395e+15 2.96195e+15
208999 9.48219e+20 4.913e+16 2.99254e+15 2.96383e+15
209199 9.48632e+20 4.9163e+16 2.99207e+15 2.96477e+15
209399 9.49045e+20 4.91936e+16 2.99207e+15 2.96713e+15
209599 9.49457e+20 4.92219e+16 2.99207e+15 2.96713e+15
209799 9.4987e+20 4.9261e+16 2.99207e+15 2.96807e+15
209999 9.50283e+20 4.92953e+16 2.9916e+15 2.97183e+15
210199 9.50696e+20 4.93363e+16 2.9916e+15 2.96995e+15
210399 9.51109e+20 4.93886e+16 2.99113e+15 2.96854e+15
210599 9.51522e+20 4.94313e+16 2.99066e+15 2.96524e+15
210799 9.51936e+20 4.94683e+16 2.99066e+15 2.96148e+15
210999 9.52349e+20 4.9511e+16 2.99019e+15 2.96007e+15
211199 9.52762e+20 4.9541e+16 2.98925e+15 2.95959e+15
211399 9.53176e+20 4.95761e+16 2.98925e+15 2.9563e+15
211599 9.5359e+20 4.96065e+16 2.98878e+15 2.95442e+15
211799 9.54004e+20 4.96346e+16 2.98878e+15 2.95348e+15
211999 9.54418e+20 4.96556e+16 2.98878e+15 2.95159e+15
212199 9.54832e+20 4.96893e+16 2.98878e+15 2.95065e+15
212399 9.55246e+20 4.97221e+16 2.98831e+15 2.94783e+15
212599 9.5566e+20 4.97483e+16 2.98831e+15 2.94783e+15
212799 9.56074e+20 4.9775e+16 2.98831e+15 2.94547e+15
212999 9.56488e+20 4.98022e+16 2.98783e+15 2.945e+15
213199 9.56903e+20 4.98274e+16 2.98689e+15 2.94359e+15
213399 9.57317e+20 4.98569e+16 2.98642e+15 2.94171e+15
213599 9.57732e+20 4.9877e+16 2.98642e+15 2.9403e+15
213799 9.58147e+20 4.99074e+16 2.98595e+15 2.93936e+15
213999 9.58561e+20 4.99317e+16 2.98595e+15 2.937e+15
214199 9.58976e+20 4.9957e+16 2.98595e+15 2.93747e+15
214399 9.59391e+20 4.99818e+16 2.98501e+15 2.93606e+15
214599 9.59806e+20 5.00104e+16 2.98454e+15 2.93606e+15
214799 9.60222e+20 5.00304e+16 2.9836e+15 2.93559e+15
214999 9.60637e+20 5.00515e+16 2.9836e+15 2.93371e+15
215199 9.61052e+20 5.00782e+16 2.98313e+15 2.93559e+15
215399 9.61468e+20 5.00973e+16 2.98313e+15 2.93324e+15
215599 9.61884e+20 5.01174e+16 2.98219e+15 2.93371e+15
215799 9.62299e+20 5.01375e+16 2.98219e+15 2.93418e+15
215999 9.62715e+20 5.01585e+16 2.98172e+15 2.93277e+15
216199 9.63131e+20 5.01814e+16 2.98077e+15 2.93559e+15
216399 9.63548e+20 5.02067e+16 2.98077e+15 2.9323e+15
216599 9.63964e+20 5.02372e+16 2.98077e+15 2.93371e+15
216799 9.6438e+20 5.02568e+16 2.9803e+15 2.93277e+15
216999 9.64797e+20 5.02802e+16 2.9803e+15 2.93277e+15
217199 9.65213e+20 5.03078e+16 2.97983e+15 2.93418e+15
217399 9.6563e+20 5.03355e+16 2.97889e+15 2.93794e+15
217599 9.66047e+20 5.03607e+16 2.97842e+15 2.937e+15
217799 9.66464e+20 5.03912e+16 2.97795e+15 2.93512e+15
217999 9.66881e+20 5.04127e+16 2.97795e+15 2.937e+15
218199 9.67298e+20 5.04399e+16 2.97701e+15 2.93794e+15
218399 9.67715e+20 5.04656e+16 2.97654e+15 2.93794e+15
218599 9.68133e+20 5.04937e+16 2.97654e+15 2.93936e+15
218799 9.6855e+20 5.05218e+16 2.9756e+15 2.94077e+15
218999 9.68968e+20 5.05476e+16 2.9756e+15 2.94124e+15
219199 9.69386e+20 5.05742e+16 2.97513e+15 2.94218e+15
219399 9.69804e+20 5.06042e+16 2.97513e+15 2.945e+15
219599 9.70222e+20 5.06384e+16 2.97466e+15 2.94642e+15
219799 9.7064e+20 5.06745e+16 2.97419e+15 2.9483e+15
219999 9.71058e+20 5.07228e+16 2.97371e+15 2.95348e+15
220199 9.71476e+20 5.07674e+16 2.97371e+15 2.95536e+15
220399 9.71894e+20 5.08265e+16 2.97371e+15 2.9563e+15
220599 9.72312e+20 5.08715e+16 2.97371e+15 2.95536e+15
220799 9.72731e+20 5.09226e+16 2.97371e+15 2.95771e+15
220999 9.73149e+20 5.09864e+16 2.97371e+15 2.95018e+15
221199 9.73567e+20 5.10224e+16 2.97324e+15 2.94783e+15
221399 9.73986e+20 5.10641e+16 2.97324e+15 2.94312e+15
221599 9.74404e+20 5.11011e+16 2.97277e+15 2.94265e+15
221799 9.74823e+20 5.11296e+16 2.97277e+15 2.94077e+15
221999 9.75241e+20 5.11629e+16 2.97277e+15 2.9403e+15
222199 9.7566e+20 5.11947e+16 2.97136e+15 2.93794e+15
222399 9.76079e+20 5.1227e+16 2.97136e+15 2.93653e+15
222599 9.76498e+20 5.12602e+16 2.97089e+15 2.93465e+15
222799 9.76917e+20 5.12892e+16 2.97089e+15 2.93277e+15
222999 9.77336e+20 5.13234e+16 2.97089e+15 2.93182e+15
223199 9.77755e+20 5.13519e+16 2.96995e+15 2.93182e+15
223399 9.78174e+20 5.13866e+16 2.96995e+15 2.92712e+15
223599 9.78593e+20 5.14165e+16 2.96948e+15 2.92759e+15
223799 9.79013e+20 5.14469e+16 2.96901e+15 2.92618e+15
223999 9.79432e+20 5.14745e+16 2.96854e+15 2.92429e+15
224199 9.79852e+20 5.15044e+16 2.96807e+15 2.92618e+15
224399 9.80272e+20 5.1532e+16 2.9676e+15 2.92288e+15
224599 9.80692e+20 5.15601e+16 2.9676e+15 2.92241e+15
224799 9.81112e+20 5.15863e+16 2.96713e+15 2.92759e+15
224999 9.81532e+20 5.16148e+16 2.96571e+15 2.921e+15
225199 9.81952e+20 5.16438e+16 2.96524e+15 2.92147e+15
225399 9.82372e+20 5.16648e+16 2.96524e+15 2.92053e+15
225599 9.82793e+20 5.16961e+16 2.96477e+15 2.92241e+15
225799 9.83214e+20 5.17246e+16 2.96477e+15 2.92194e+15
225999 9.83634e+20 5.17499e+16 2.96383e+15 2.92147e+15
226199 9.84055e+20 5.17756e+16 2.96336e+15 2.92006e+15
226399 9.84476e+20 5.18069e+16 2.96336e+15 2.91959e+15
226599 9.84897e+20 5.18312e+16 2.96148e+15 2.921e+15
226799 9.85318e+20 5.18569e+16 2.96148e+15 2.91959e+15
226999 9.8574e+20 5.18902e+16 2.96148e+15 2.92147e+15
227199 9.86161e+20 5.1921e+16 2.96054e+15 2.92382e+15
227399 9.86583e+20 5.19444e+16 2.96054e+15 2.92006e+15
227599 9.87005e+20 5.19677e+16 2.96054e+15 2.92194e+15
227799 9.87426e+20 5.19977e+16 2.96054e+15 2.92288e+15
227999 9.87848e+20 5.20187e+16 2.96054e+15 2.92288e+15
228199 9.8827e+20 5.20429e+16 2.96007e+15 2.92429e+15
228399 9.88692e+20 5.20644e+16 2.95959e+15 2.92665e+15
228599 9.89114e+20 5.20972e+16 2.95959e+15 2.92712e+15
228799 9.89536e+20 5.21229e+16 2.95865e+15 2.929e+15
228999 9.89958e+20 5.21552e+16 2.95865e+15 2.92853e+15
