Iteration / Time / Node x / Electric Field
24 4.42478e-09 0 0
24 4.42478e-09 0.0005 0
24 4.42478e-09 0.001 0
24 4.42478e-09 0.0015 0
24 4.42478e-09 0.002 0
24 4.42478e-09 0.0025 0
24 4.42478e-09 0.003 0
24 4.42478e-09 0.0035 0
24 4.42478e-09 0.004 0
24 4.42478e-09 0.0045 0
24 4.42478e-09 0.005 0
24 4.42478e-09 0.0055 0
24 4.42478e-09 0.006 0
24 4.42478e-09 0.0065 0
24 4.42478e-09 0.007 0
24 4.42478e-09 0.0075 0
24 4.42478e-09 0.008 0
24 4.42478e-09 0.0085 0
24 4.42478e-09 0.009 0
24 4.42478e-09 0.0095 0
24 4.42478e-09 0.01 25033.7
24 4.42478e-09 0.0105 971.867
24 4.42478e-09 0.011 971.894
24 4.42478e-09 0.0115 971.91
24 4.42478e-09 0.012 971.915
24 4.42478e-09 0.0125 971.937
24 4.42478e-09 0.013 971.935
24 4.42478e-09 0.0135 971.936
24 4.42478e-09 0.014 971.9
24 4.42478e-09 0.0145 971.948
24 4.42478e-09 0.015 971.968
24 4.42478e-09 0.0155 971.978
24 4.42478e-09 0.016 971.995
24 4.42478e-09 0.0165 972.064
24 4.42478e-09 0.017 972.064
24 4.42478e-09 0.0175 972.105
24 4.42478e-09 0.018 972.12
24 4.42478e-09 0.0185 972.165
24 4.42478e-09 0.019 972.18
24 4.42478e-09 0.0195 972.165
24 4.42478e-09 0.02 972.099
24 4.42478e-09 0.0205 972.014
24 4.42478e-09 0.021 972.043
24 4.42478e-09 0.0215 972.026
24 4.42478e-09 0.022 972.007
24 4.42478e-09 0.0225 971.98
24 4.42478e-09 0.023 971.994
24 4.42478e-09 0.0235 972.031
24 4.42478e-09 0.024 972.109
24 4.42478e-09 0.0245 972.138
24 4.42478e-09 0.025 972.162
24 4.42478e-09 0.0255 972.199
24 4.42478e-09 0.026 972.238
24 4.42478e-09 0.0265 972.268
24 4.42478e-09 0.027 972.245
24 4.42478e-09 0.0275 972.145
24 4.42478e-09 0.028 972.157
24 4.42478e-09 0.0285 972.141
24 4.42478e-09 0.029 972.169
24 4.42478e-09 0.0295 972.227
24 4.42478e-09 0.03 972.263
24 4.42478e-09 0.0305 972.269
24 4.42478e-09 0.031 972.292
24 4.42478e-09 0.0315 972.303
24 4.42478e-09 0.032 972.32
24 4.42478e-09 0.0325 972.32
24 4.42478e-09 0.033 972.346
24 4.42478e-09 0.0335 972.419
24 4.42478e-09 0.034 972.408
24 4.42478e-09 0.0345 972.377
24 4.42478e-09 0.035 972.386
24 4.42478e-09 0.0355 972.446
24 4.42478e-09 0.036 972.453
24 4.42478e-09 0.0365 972.489
24 4.42478e-09 0.037 972.509
24 4.42478e-09 0.0375 972.579
24 4.42478e-09 0.038 972.621
24 4.42478e-09 0.0385 972.604
24 4.42478e-09 0.039 972.612
24 4.42478e-09 0.0395 972.611
24 4.42478e-09 0.04 972.592
24 4.42478e-09 0.0405 972.569
24 4.42478e-09 0.041 972.52
24 4.42478e-09 0.0415 972.511
24 4.42478e-09 0.042 972.544
24 4.42478e-09 0.0425 972.565
24 4.42478e-09 0.043 972.522
24 4.42478e-09 0.0435 972.479
24 4.42478e-09 0.044 972.533
24 4.42478e-09 0.0445 972.505
24 4.42478e-09 0.045 972.538
24 4.42478e-09 0.0455 972.59
24 4.42478e-09 0.046 972.609
24 4.42478e-09 0.0465 972.596
24 4.42478e-09 0.047 972.516
24 4.42478e-09 0.0475 972.468
24 4.42478e-09 0.048 972.428
24 4.42478e-09 0.0485 972.406
24 4.42478e-09 0.049 972.415
24 4.42478e-09 0.0495 972.443
24 4.42478e-09 0.05 972.403
24 4.42478e-09 0.0505 972.389
24 4.42478e-09 0.051 972.429
24 4.42478e-09 0.0515 972.459
24 4.42478e-09 0.052 972.391
24 4.42478e-09 0.0525 972.419
24 4.42478e-09 0.053 972.47
24 4.42478e-09 0.0535 972.483
24 4.42478e-09 0.054 972.495
24 4.42478e-09 0.0545 972.494
24 4.42478e-09 0.055 972.498
24 4.42478e-09 0.0555 972.446
24 4.42478e-09 0.056 972.474
24 4.42478e-09 0.0565 972.465
24 4.42478e-09 0.057 972.443
24 4.42478e-09 0.0575 972.437
24 4.42478e-09 0.058 972.369
24 4.42478e-09 0.0585 972.338
24 4.42478e-09 0.059 972.358
24 4.42478e-09 0.0595 972.338
24 4.42478e-09 0.06 972.265
24 4.42478e-09 0.0605 972.189
24 4.42478e-09 0.061 972.128
24 4.42478e-09 0.0615 972.101
24 4.42478e-09 0.062 972.079
24 4.42478e-09 0.0625 972.077
24 4.42478e-09 0.063 972.101
24 4.42478e-09 0.0635 972.078
24 4.42478e-09 0.064 972.079
24 4.42478e-09 0.0645 972.104
24 4.42478e-09 0.065 972.095
24 4.42478e-09 0.0655 972.068
24 4.42478e-09 0.066 971.975
24 4.42478e-09 0.0665 971.992
24 4.42478e-09 0.067 972.003
24 4.42478e-09 0.0675 972.014
24 4.42478e-09 0.068 972.016
24 4.42478e-09 0.0685 971.972
24 4.42478e-09 0.069 971.936
24 4.42478e-09 0.0695 971.969
24 4.42478e-09 0.07 971.981
24 4.42478e-09 0.0705 972.015
24 4.42478e-09 0.071 972.01
24 4.42478e-09 0.0715 972.054
24 4.42478e-09 0.072 972.061
24 4.42478e-09 0.0725 972.066
24 4.42478e-09 0.073 972.07
24 4.42478e-09 0.0735 972.005
24 4.42478e-09 0.074 971.955
24 4.42478e-09 0.0745 971.939
24 4.42478e-09 0.075 971.886
24 4.42478e-09 0.0755 971.908
24 4.42478e-09 0.076 971.911
24 4.42478e-09 0.0765 971.953
24 4.42478e-09 0.077 971.898
24 4.42478e-09 0.0775 971.853
24 4.42478e-09 0.078 971.875
24 4.42478e-09 0.0785 971.912
24 4.42478e-09 0.079 971.898
24 4.42478e-09 0.0795 971.885
24 4.42478e-09 0.08 971.871
24 4.42478e-09 0.0805 971.844
24 4.42478e-09 0.081 971.848
24 4.42478e-09 0.0815 971.823
24 4.42478e-09 0.082 971.782
24 4.42478e-09 0.0825 971.757
24 4.42478e-09 0.083 971.802
24 4.42478e-09 0.0835 971.841
24 4.42478e-09 0.084 971.803
24 4.42478e-09 0.0845 971.653
24 4.42478e-09 0.085 323.84
24 4.42478e-09 0.0855 0
24 4.42478e-09 0.086 0
24 4.42478e-09 0.0865 0
24 4.42478e-09 0.087 0
24 4.42478e-09 0.0875 0
24 4.42478e-09 0.088 0
24 4.42478e-09 0.0885 0
24 4.42478e-09 0.089 0
24 4.42478e-09 0.0895 0
24 4.42478e-09 0.09 0
24 4.42478e-09 0.0905 0
24 4.42478e-09 0.091 0
24 4.42478e-09 0.0915 0
24 4.42478e-09 0.092 0
24 4.42478e-09 0.0925 0
24 4.42478e-09 0.093 0
24 4.42478e-09 0.0935 0
24 4.42478e-09 0.094 0
24 4.42478e-09 0.0945 0
24 4.42478e-09 0.095 0
49 9.03392e-09 0 0
49 9.03392e-09 0.0005 0
49 9.03392e-09 0.001 0
49 9.03392e-09 0.0015 0
49 9.03392e-09 0.002 0
49 9.03392e-09 0.0025 0
49 9.03392e-09 0.003 0
49 9.03392e-09 0.0035 0
49 9.03392e-09 0.004 0
49 9.03392e-09 0.0045 0
49 9.03392e-09 0.005 0
49 9.03392e-09 0.0055 0
49 9.03392e-09 0.006 0
49 9.03392e-09 0.0065 0
49 9.03392e-09 0.007 0
49 9.03392e-09 0.0075 0
49 9.03392e-09 0.008 0
49 9.03392e-09 0.0085 0
49 9.03392e-09 0.009 0
49 9.03392e-09 0.0095 0
49 9.03392e-09 0.01 36951.1
49 9.03392e-09 0.0105 1434.51
49 9.03392e-09 0.011 1434.61
49 9.03392e-09 0.0115 1434.66
49 9.03392e-09 0.012 1434.66
49 9.03392e-09 0.0125 1434.73
49 9.03392e-09 0.013 1434.77
49 9.03392e-09 0.0135 1434.88
49 9.03392e-09 0.014 1434.88
49 9.03392e-09 0.0145 1434.96
49 9.03392e-09 0.015 1435
49 9.03392e-09 0.0155 1435
49 9.03392e-09 0.016 1434.96
49 9.03392e-09 0.0165 1434.98
49 9.03392e-09 0.017 1434.96
49 9.03392e-09 0.0175 1434.93
49 9.03392e-09 0.018 1434.94
49 9.03392e-09 0.0185 1434.95
49 9.03392e-09 0.019 1434.94
49 9.03392e-09 0.0195 1434.94
49 9.03392e-09 0.02 1434.97
49 9.03392e-09 0.0205 1434.94
49 9.03392e-09 0.021 1434.99
49 9.03392e-09 0.0215 1435.06
49 9.03392e-09 0.022 1435.06
49 9.03392e-09 0.0225 1435.04
49 9.03392e-09 0.023 1435.03
49 9.03392e-09 0.0235 1435.05
49 9.03392e-09 0.024 1435.13
49 9.03392e-09 0.0245 1435.16
49 9.03392e-09 0.025 1435.23
49 9.03392e-09 0.0255 1435.27
49 9.03392e-09 0.026 1435.26
49 9.03392e-09 0.0265 1435.32
49 9.03392e-09 0.027 1435.32
49 9.03392e-09 0.0275 1435.24
49 9.03392e-09 0.028 1435.2
49 9.03392e-09 0.0285 1435.18
49 9.03392e-09 0.029 1435.23
49 9.03392e-09 0.0295 1435.28
49 9.03392e-09 0.03 1435.26
49 9.03392e-09 0.0305 1435.21
49 9.03392e-09 0.031 1435.2
49 9.03392e-09 0.0315 1435.22
49 9.03392e-09 0.032 1435.23
49 9.03392e-09 0.0325 1435.23
49 9.03392e-09 0.033 1435.24
49 9.03392e-09 0.0335 1435.29
49 9.03392e-09 0.034 1435.31
49 9.03392e-09 0.0345 1435.34
49 9.03392e-09 0.035 1435.38
49 9.03392e-09 0.0355 1435.47
49 9.03392e-09 0.036 1435.5
49 9.03392e-09 0.0365 1435.46
49 9.03392e-09 0.037 1435.46
49 9.03392e-09 0.0375 1435.49
49 9.03392e-09 0.038 1435.55
49 9.03392e-09 0.0385 1435.55
49 9.03392e-09 0.039 1435.51
49 9.03392e-09 0.0395 1435.52
49 9.03392e-09 0.04 1435.49
49 9.03392e-09 0.0405 1435.47
49 9.03392e-09 0.041 1435.47
49 9.03392e-09 0.0415 1435.47
49 9.03392e-09 0.042 1435.45
49 9.03392e-09 0.0425 1435.45
49 9.03392e-09 0.043 1435.36
49 9.03392e-09 0.0435 1435.29
49 9.03392e-09 0.044 1435.33
49 9.03392e-09 0.0445 1435.33
49 9.03392e-09 0.045 1435.38
49 9.03392e-09 0.0455 1435.44
49 9.03392e-09 0.046 1435.51
49 9.03392e-09 0.0465 1435.54
49 9.03392e-09 0.047 1435.48
49 9.03392e-09 0.0475 1435.46
49 9.03392e-09 0.048 1435.4
49 9.03392e-09 0.0485 1435.38
49 9.03392e-09 0.049 1435.41
49 9.03392e-09 0.0495 1435.41
49 9.03392e-09 0.05 1435.36
49 9.03392e-09 0.0505 1435.4
49 9.03392e-09 0.051 1435.45
49 9.03392e-09 0.0515 1435.43
49 9.03392e-09 0.052 1435.46
49 9.03392e-09 0.0525 1435.49
49 9.03392e-09 0.053 1435.47
49 9.03392e-09 0.0535 1435.47
49 9.03392e-09 0.054 1435.42
49 9.03392e-09 0.0545 1435.36
49 9.03392e-09 0.055 1435.34
49 9.03392e-09 0.0555 1435.33
49 9.03392e-09 0.056 1435.28
49 9.03392e-09 0.0565 1435.2
49 9.03392e-09 0.057 1435.17
49 9.03392e-09 0.0575 1435.12
49 9.03392e-09 0.058 1435.06
49 9.03392e-09 0.0585 1435.02
49 9.03392e-09 0.059 1435.07
49 9.03392e-09 0.0595 1435.07
49 9.03392e-09 0.06 1435.04
49 9.03392e-09 0.0605 1435.03
49 9.03392e-09 0.061 1435.01
49 9.03392e-09 0.0615 1434.99
49 9.03392e-09 0.062 1434.91
49 9.03392e-09 0.0625 1434.9
49 9.03392e-09 0.063 1434.94
49 9.03392e-09 0.0635 1434.94
49 9.03392e-09 0.064 1434.91
49 9.03392e-09 0.0645 1434.92
49 9.03392e-09 0.065 1434.92
49 9.03392e-09 0.0655 1434.93
49 9.03392e-09 0.066 1434.91
49 9.03392e-09 0.0665 1434.98
49 9.03392e-09 0.067 1434.99
49 9.03392e-09 0.0675 1435.02
49 9.03392e-09 0.068 1435.05
49 9.03392e-09 0.0685 1434.98
49 9.03392e-09 0.069 1434.96
49 9.03392e-09 0.0695 1434.96
49 9.03392e-09 0.07 1434.96
49 9.03392e-09 0.0705 1434.92
49 9.03392e-09 0.071 1434.92
49 9.03392e-09 0.0715 1434.9
49 9.03392e-09 0.072 1434.88
49 9.03392e-09 0.0725 1434.88
49 9.03392e-09 0.073 1434.81
49 9.03392e-09 0.0735 1434.76
49 9.03392e-09 0.074 1434.74
49 9.03392e-09 0.0745 1434.73
49 9.03392e-09 0.075 1434.69
49 9.03392e-09 0.0755 1434.68
49 9.03392e-09 0.076 1434.68
49 9.03392e-09 0.0765 1434.73
49 9.03392e-09 0.077 1434.71
49 9.03392e-09 0.0775 1434.67
49 9.03392e-09 0.078 1434.67
49 9.03392e-09 0.0785 1434.69
49 9.03392e-09 0.079 1434.71
49 9.03392e-09 0.0795 1434.71
49 9.03392e-09 0.08 1434.62
49 9.03392e-09 0.0805 1434.42
49 9.03392e-09 0.081 1434.23
49 9.03392e-09 0.0815 1434.01
49 9.03392e-09 0.082 1433.76
49 9.03392e-09 0.0825 1433.5
49 9.03392e-09 0.083 1433.26
49 9.03392e-09 0.0835 1433.04
49 9.03392e-09 0.084 1432.81
49 9.03392e-09 0.0845 1432.53
49 9.03392e-09 0.085 477.452
49 9.03392e-09 0.0855 0
49 9.03392e-09 0.086 0
49 9.03392e-09 0.0865 0
49 9.03392e-09 0.087 0
49 9.03392e-09 0.0875 0
49 9.03392e-09 0.088 0
49 9.03392e-09 0.0885 0
49 9.03392e-09 0.089 0
49 9.03392e-09 0.0895 0
49 9.03392e-09 0.09 0
49 9.03392e-09 0.0905 0
49 9.03392e-09 0.091 0
49 9.03392e-09 0.0915 0
49 9.03392e-09 0.092 0
49 9.03392e-09 0.0925 0
49 9.03392e-09 0.093 0
49 9.03392e-09 0.0935 0
49 9.03392e-09 0.094 0
49 9.03392e-09 0.0945 0
49 9.03392e-09 0.095 0
74 1.36431e-08 0 0
74 1.36431e-08 0.0005 0
74 1.36431e-08 0.001 0
74 1.36431e-08 0.0015 0
74 1.36431e-08 0.002 0
74 1.36431e-08 0.0025 0
74 1.36431e-08 0.003 0
74 1.36431e-08 0.0035 0
74 1.36431e-08 0.004 0
74 1.36431e-08 0.0045 0
74 1.36431e-08 0.005 0
74 1.36431e-08 0.0055 0
74 1.36431e-08 0.006 0
74 1.36431e-08 0.0065 0
74 1.36431e-08 0.007 0
74 1.36431e-08 0.0075 0
74 1.36431e-08 0.008 0
74 1.36431e-08 0.0085 0
74 1.36431e-08 0.009 0
74 1.36431e-08 0.0095 0
74 1.36431e-08 0.01 28044.6
74 1.36431e-08 0.0105 1088.42
74 1.36431e-08 0.011 1088.56
74 1.36431e-08 0.0115 1088.7
74 1.36431e-08 0.012 1088.82
74 1.36431e-08 0.0125 1088.95
74 1.36431e-08 0.013 1089.07
74 1.36431e-08 0.0135 1089.14
74 1.36431e-08 0.014 1089.16
74 1.36431e-08 0.0145 1089.28
74 1.36431e-08 0.015 1089.4
74 1.36431e-08 0.0155 1089.45
74 1.36431e-08 0.016 1089.53
74 1.36431e-08 0.0165 1089.66
74 1.36431e-08 0.017 1089.71
74 1.36431e-08 0.0175 1089.76
74 1.36431e-08 0.018 1089.81
74 1.36431e-08 0.0185 1089.88
74 1.36431e-08 0.019 1089.92
74 1.36431e-08 0.0195 1089.96
74 1.36431e-08 0.02 1090.01
74 1.36431e-08 0.0205 1089.98
74 1.36431e-08 0.021 1090.01
74 1.36431e-08 0.0215 1090.01
74 1.36431e-08 0.022 1089.95
74 1.36431e-08 0.0225 1089.94
74 1.36431e-08 0.023 1089.95
74 1.36431e-08 0.0235 1089.97
74 1.36431e-08 0.024 1090.07
74 1.36431e-08 0.0245 1090.11
74 1.36431e-08 0.025 1090.18
74 1.36431e-08 0.0255 1090.17
74 1.36431e-08 0.026 1090.19
74 1.36431e-08 0.0265 1090.23
74 1.36431e-08 0.027 1090.22
74 1.36431e-08 0.0275 1090.09
74 1.36431e-08 0.028 1090.03
74 1.36431e-08 0.0285 1090.02
74 1.36431e-08 0.029 1090.04
74 1.36431e-08 0.0295 1090.04
74 1.36431e-08 0.03 1090.04
74 1.36431e-08 0.0305 1090.02
74 1.36431e-08 0.031 1090.02
74 1.36431e-08 0.0315 1090.03
74 1.36431e-08 0.032 1090.05
74 1.36431e-08 0.0325 1090.05
74 1.36431e-08 0.033 1090.04
74 1.36431e-08 0.0335 1090.03
74 1.36431e-08 0.034 1090
74 1.36431e-08 0.0345 1090.01
74 1.36431e-08 0.035 1090.04
74 1.36431e-08 0.0355 1090.09
74 1.36431e-08 0.036 1090.1
74 1.36431e-08 0.0365 1090.19
74 1.36431e-08 0.037 1090.27
74 1.36431e-08 0.0375 1090.29
74 1.36431e-08 0.038 1090.29
74 1.36431e-08 0.0385 1090.32
74 1.36431e-08 0.039 1090.29
74 1.36431e-08 0.0395 1090.27
74 1.36431e-08 0.04 1090.26
74 1.36431e-08 0.0405 1090.32
74 1.36431e-08 0.041 1090.29
74 1.36431e-08 0.0415 1090.32
74 1.36431e-08 0.042 1090.3
74 1.36431e-08 0.0425 1090.29
74 1.36431e-08 0.043 1090.34
74 1.36431e-08 0.0435 1090.3
74 1.36431e-08 0.044 1090.33
74 1.36431e-08 0.0445 1090.33
74 1.36431e-08 0.045 1090.33
74 1.36431e-08 0.0455 1090.35
74 1.36431e-08 0.046 1090.34
74 1.36431e-08 0.0465 1090.33
74 1.36431e-08 0.047 1090.25
74 1.36431e-08 0.0475 1090.19
74 1.36431e-08 0.048 1090.11
74 1.36431e-08 0.0485 1090.04
74 1.36431e-08 0.049 1090.03
74 1.36431e-08 0.0495 1089.94
74 1.36431e-08 0.05 1089.9
74 1.36431e-08 0.0505 1089.94
74 1.36431e-08 0.051 1089.98
74 1.36431e-08 0.0515 1090.02
74 1.36431e-08 0.052 1089.97
74 1.36431e-08 0.0525 1089.95
74 1.36431e-08 0.053 1089.93
74 1.36431e-08 0.0535 1089.91
74 1.36431e-08 0.054 1089.91
74 1.36431e-08 0.0545 1089.89
74 1.36431e-08 0.055 1089.85
74 1.36431e-08 0.0555 1089.84
74 1.36431e-08 0.056 1089.82
74 1.36431e-08 0.0565 1089.83
74 1.36431e-08 0.057 1089.86
74 1.36431e-08 0.0575 1089.91
74 1.36431e-08 0.058 1089.84
74 1.36431e-08 0.0585 1089.86
74 1.36431e-08 0.059 1089.89
74 1.36431e-08 0.0595 1089.84
74 1.36431e-08 0.06 1089.79
74 1.36431e-08 0.0605 1089.78
74 1.36431e-08 0.061 1089.76
74 1.36431e-08 0.0615 1089.74
74 1.36431e-08 0.062 1089.71
74 1.36431e-08 0.0625 1089.71
74 1.36431e-08 0.063 1089.72
74 1.36431e-08 0.0635 1089.67
74 1.36431e-08 0.064 1089.58
74 1.36431e-08 0.0645 1089.59
74 1.36431e-08 0.065 1089.6
74 1.36431e-08 0.0655 1089.59
74 1.36431e-08 0.066 1089.52
74 1.36431e-08 0.0665 1089.55
74 1.36431e-08 0.067 1089.54
74 1.36431e-08 0.0675 1089.55
74 1.36431e-08 0.068 1089.54
74 1.36431e-08 0.0685 1089.51
74 1.36431e-08 0.069 1089.47
74 1.36431e-08 0.0695 1089.44
74 1.36431e-08 0.07 1089.48
74 1.36431e-08 0.0705 1089.43
74 1.36431e-08 0.071 1089.3
74 1.36431e-08 0.0715 1089.13
74 1.36431e-08 0.072 1088.93
74 1.36431e-08 0.0725 1088.72
74 1.36431e-08 0.073 1088.49
74 1.36431e-08 0.0735 1088.23
74 1.36431e-08 0.074 1087.95
74 1.36431e-08 0.0745 1087.69
74 1.36431e-08 0.075 1087.41
74 1.36431e-08 0.0755 1087.16
74 1.36431e-08 0.076 1086.93
74 1.36431e-08 0.0765 1086.73
74 1.36431e-08 0.077 1086.47
74 1.36431e-08 0.0775 1086.18
74 1.36431e-08 0.078 1085.95
74 1.36431e-08 0.0785 1085.74
74 1.36431e-08 0.079 1085.48
74 1.36431e-08 0.0795 1085.25
74 1.36431e-08 0.08 1084.98
74 1.36431e-08 0.0805 1084.7
74 1.36431e-08 0.081 1084.46
74 1.36431e-08 0.0815 1084.19
74 1.36431e-08 0.082 1083.92
74 1.36431e-08 0.0825 1083.66
74 1.36431e-08 0.083 1083.42
74 1.36431e-08 0.0835 1083.2
74 1.36431e-08 0.084 1082.97
74 1.36431e-08 0.0845 1082.69
74 1.36431e-08 0.085 360.837
74 1.36431e-08 0.0855 0
74 1.36431e-08 0.086 0
74 1.36431e-08 0.0865 0
74 1.36431e-08 0.087 0
74 1.36431e-08 0.0875 0
74 1.36431e-08 0.088 0
74 1.36431e-08 0.0885 0
74 1.36431e-08 0.089 0
74 1.36431e-08 0.0895 0
74 1.36431e-08 0.09 0
74 1.36431e-08 0.0905 0
74 1.36431e-08 0.091 0
74 1.36431e-08 0.0915 0
74 1.36431e-08 0.092 0
74 1.36431e-08 0.0925 0
74 1.36431e-08 0.093 0
74 1.36431e-08 0.0935 0
74 1.36431e-08 0.094 0
74 1.36431e-08 0.0945 0
74 1.36431e-08 0.095 0
99 1.82522e-08 0 0
99 1.82522e-08 0.0005 0
99 1.82522e-08 0.001 0
99 1.82522e-08 0.0015 0
99 1.82522e-08 0.002 0
99 1.82522e-08 0.0025 0
99 1.82522e-08 0.003 0
99 1.82522e-08 0.0035 0
99 1.82522e-08 0.004 0
99 1.82522e-08 0.0045 0
99 1.82522e-08 0.005 0
99 1.82522e-08 0.0055 0
99 1.82522e-08 0.006 0
99 1.82522e-08 0.0065 0
99 1.82522e-08 0.007 0
99 1.82522e-08 0.0075 0
99 1.82522e-08 0.008 0
99 1.82522e-08 0.0085 0
99 1.82522e-08 0.009 0
99 1.82522e-08 0.0095 0
99 1.82522e-08 0.01 3951.5
99 1.82522e-08 0.0105 153.551
99 1.82522e-08 0.011 153.686
99 1.82522e-08 0.0115 153.783
99 1.82522e-08 0.012 153.879
99 1.82522e-08 0.0125 153.962
99 1.82522e-08 0.013 154.082
99 1.82522e-08 0.0135 154.221
99 1.82522e-08 0.014 154.278
99 1.82522e-08 0.0145 154.388
99 1.82522e-08 0.015 154.471
99 1.82522e-08 0.0155 154.597
99 1.82522e-08 0.016 154.76
99 1.82522e-08 0.0165 154.896
99 1.82522e-08 0.017 155.03
99 1.82522e-08 0.0175 155.11
99 1.82522e-08 0.018 155.206
99 1.82522e-08 0.0185 155.292
99 1.82522e-08 0.019 155.326
99 1.82522e-08 0.0195 155.431
99 1.82522e-08 0.02 155.506
99 1.82522e-08 0.0205 155.5
99 1.82522e-08 0.021 155.544
99 1.82522e-08 0.0215 155.616
99 1.82522e-08 0.022 155.667
99 1.82522e-08 0.0225 155.689
99 1.82522e-08 0.023 155.78
99 1.82522e-08 0.0235 155.915
99 1.82522e-08 0.024 156.066
99 1.82522e-08 0.0245 156.113
99 1.82522e-08 0.025 156.149
99 1.82522e-08 0.0255 156.171
99 1.82522e-08 0.026 156.173
99 1.82522e-08 0.0265 156.187
99 1.82522e-08 0.027 156.243
99 1.82522e-08 0.0275 156.213
99 1.82522e-08 0.028 156.199
99 1.82522e-08 0.0285 156.244
99 1.82522e-08 0.029 156.242
99 1.82522e-08 0.0295 156.261
99 1.82522e-08 0.03 156.285
99 1.82522e-08 0.0305 156.284
99 1.82522e-08 0.031 156.309
99 1.82522e-08 0.0315 156.309
99 1.82522e-08 0.032 156.317
99 1.82522e-08 0.0325 156.307
99 1.82522e-08 0.033 156.278
99 1.82522e-08 0.0335 156.291
99 1.82522e-08 0.034 156.268
99 1.82522e-08 0.0345 156.266
99 1.82522e-08 0.035 156.274
99 1.82522e-08 0.0355 156.313
99 1.82522e-08 0.036 156.3
99 1.82522e-08 0.0365 156.318
99 1.82522e-08 0.037 156.325
99 1.82522e-08 0.0375 156.391
99 1.82522e-08 0.038 156.426
99 1.82522e-08 0.0385 156.429
99 1.82522e-08 0.039 156.363
99 1.82522e-08 0.0395 156.297
99 1.82522e-08 0.04 156.234
99 1.82522e-08 0.0405 156.233
99 1.82522e-08 0.041 156.212
99 1.82522e-08 0.0415 156.235
99 1.82522e-08 0.042 156.203
99 1.82522e-08 0.0425 156.232
99 1.82522e-08 0.043 156.221
99 1.82522e-08 0.0435 156.2
99 1.82522e-08 0.044 156.25
99 1.82522e-08 0.0445 156.277
99 1.82522e-08 0.045 156.311
99 1.82522e-08 0.0455 156.377
99 1.82522e-08 0.046 156.374
99 1.82522e-08 0.0465 156.368
99 1.82522e-08 0.047 156.36
99 1.82522e-08 0.0475 156.35
99 1.82522e-08 0.048 156.274
99 1.82522e-08 0.0485 156.221
99 1.82522e-08 0.049 156.216
99 1.82522e-08 0.0495 156.257
99 1.82522e-08 0.05 156.172
99 1.82522e-08 0.0505 156.119
99 1.82522e-08 0.051 156.096
99 1.82522e-08 0.0515 156.157
99 1.82522e-08 0.052 156.138
99 1.82522e-08 0.0525 156.137
99 1.82522e-08 0.053 156.102
99 1.82522e-08 0.0535 156.081
99 1.82522e-08 0.054 156.048
99 1.82522e-08 0.0545 156.001
99 1.82522e-08 0.055 155.986
99 1.82522e-08 0.0555 155.969
99 1.82522e-08 0.056 155.928
99 1.82522e-08 0.0565 155.873
99 1.82522e-08 0.057 155.863
99 1.82522e-08 0.0575 155.812
99 1.82522e-08 0.058 155.644
99 1.82522e-08 0.0585 155.47
99 1.82522e-08 0.059 155.347
99 1.82522e-08 0.0595 155.133
99 1.82522e-08 0.06 154.882
99 1.82522e-08 0.0605 154.664
99 1.82522e-08 0.061 154.437
99 1.82522e-08 0.0615 154.233
99 1.82522e-08 0.062 153.997
99 1.82522e-08 0.0625 153.789
99 1.82522e-08 0.063 153.578
99 1.82522e-08 0.0635 153.346
99 1.82522e-08 0.064 153.096
99 1.82522e-08 0.0645 152.863
99 1.82522e-08 0.065 152.624
99 1.82522e-08 0.0655 152.347
99 1.82522e-08 0.066 152.058
99 1.82522e-08 0.0665 151.868
99 1.82522e-08 0.067 151.621
99 1.82522e-08 0.0675 151.381
99 1.82522e-08 0.068 151.135
99 1.82522e-08 0.0685 150.845
99 1.82522e-08 0.069 150.577
99 1.82522e-08 0.0695 150.334
99 1.82522e-08 0.07 150.095
99 1.82522e-08 0.0705 149.834
99 1.82522e-08 0.071 149.58
99 1.82522e-08 0.0715 149.325
99 1.82522e-08 0.072 149.069
99 1.82522e-08 0.0725 148.836
99 1.82522e-08 0.073 148.565
99 1.82522e-08 0.0735 148.278
99 1.82522e-08 0.074 147.999
99 1.82522e-08 0.0745 147.734
99 1.82522e-08 0.075 147.44
99 1.82522e-08 0.0755 147.194
99 1.82522e-08 0.076 146.957
99 1.82522e-08 0.0765 146.757
99 1.82522e-08 0.077 146.501
99 1.82522e-08 0.0775 146.221
99 1.82522e-08 0.078 145.985
99 1.82522e-08 0.0785 145.779
99 1.82522e-08 0.079 145.517
99 1.82522e-08 0.0795 145.281
99 1.82522e-08 0.08 145.02
99 1.82522e-08 0.0805 144.738
99 1.82522e-08 0.081 144.496
99 1.82522e-08 0.0815 144.228
99 1.82522e-08 0.082 143.96
99 1.82522e-08 0.0825 143.696
99 1.82522e-08 0.083 143.458
99 1.82522e-08 0.0835 143.232
99 1.82522e-08 0.084 143.005
99 1.82522e-08 0.0845 142.726
99 1.82522e-08 0.085 47.5156
99 1.82522e-08 0.0855 0
99 1.82522e-08 0.086 0
99 1.82522e-08 0.0865 0
99 1.82522e-08 0.087 0
99 1.82522e-08 0.0875 0
99 1.82522e-08 0.088 0
99 1.82522e-08 0.0885 0
99 1.82522e-08 0.089 0
99 1.82522e-08 0.0895 0
99 1.82522e-08 0.09 0
99 1.82522e-08 0.0905 0
99 1.82522e-08 0.091 0
99 1.82522e-08 0.0915 0
99 1.82522e-08 0.092 0
99 1.82522e-08 0.0925 0
99 1.82522e-08 0.093 0
99 1.82522e-08 0.0935 0
99 1.82522e-08 0.094 0
99 1.82522e-08 0.0945 0
99 1.82522e-08 0.095 0
124 2.28614e-08 0 0
124 2.28614e-08 0.0005 0
124 2.28614e-08 0.001 0
124 2.28614e-08 0.0015 0
124 2.28614e-08 0.002 0
124 2.28614e-08 0.0025 0
124 2.28614e-08 0.003 0
124 2.28614e-08 0.0035 0
124 2.28614e-08 0.004 0
124 2.28614e-08 0.0045 0
124 2.28614e-08 0.005 0
124 2.28614e-08 0.0055 0
124 2.28614e-08 0.006 0
124 2.28614e-08 0.0065 0
124 2.28614e-08 0.007 0
124 2.28614e-08 0.0075 0
124 2.28614e-08 0.008 0
124 2.28614e-08 0.0085 0
124 2.28614e-08 0.009 0
124 2.28614e-08 0.0095 0
124 2.28614e-08 0.01 -20795.4
124 2.28614e-08 0.0105 -805.638
124 2.28614e-08 0.011 -805.49
124 2.28614e-08 0.0115 -805.395
124 2.28614e-08 0.012 -805.371
124 2.28614e-08 0.0125 -805.304
124 2.28614e-08 0.013 -805.253
124 2.28614e-08 0.0135 -805.16
124 2.28614e-08 0.014 -805.119
124 2.28614e-08 0.0145 -804.986
124 2.28614e-08 0.015 -804.813
124 2.28614e-08 0.0155 -804.77
124 2.28614e-08 0.016 -804.686
124 2.28614e-08 0.0165 -804.566
124 2.28614e-08 0.017 -804.503
124 2.28614e-08 0.0175 -804.449
124 2.28614e-08 0.018 -804.368
124 2.28614e-08 0.0185 -804.272
124 2.28614e-08 0.019 -804.216
124 2.28614e-08 0.0195 -804.178
124 2.28614e-08 0.02 -804.185
124 2.28614e-08 0.0205 -804.224
124 2.28614e-08 0.021 -804.142
124 2.28614e-08 0.0215 -804.061
124 2.28614e-08 0.022 -804.015
124 2.28614e-08 0.0225 -803.973
124 2.28614e-08 0.023 -803.848
124 2.28614e-08 0.0235 -803.721
124 2.28614e-08 0.024 -803.584
124 2.28614e-08 0.0245 -803.443
124 2.28614e-08 0.025 -803.338
124 2.28614e-08 0.0255 -803.294
124 2.28614e-08 0.026 -803.214
124 2.28614e-08 0.0265 -803.075
124 2.28614e-08 0.027 -802.998
124 2.28614e-08 0.0275 -803.014
124 2.28614e-08 0.028 -802.95
124 2.28614e-08 0.0285 -802.95
124 2.28614e-08 0.029 -802.872
124 2.28614e-08 0.0295 -802.749
124 2.28614e-08 0.03 -802.681
124 2.28614e-08 0.0305 -802.588
124 2.28614e-08 0.031 -802.507
124 2.28614e-08 0.0315 -802.383
124 2.28614e-08 0.032 -802.25
124 2.28614e-08 0.0325 -802.173
124 2.28614e-08 0.033 -802.116
124 2.28614e-08 0.0335 -802.031
124 2.28614e-08 0.034 -801.955
124 2.28614e-08 0.0345 -801.913
124 2.28614e-08 0.035 -801.886
124 2.28614e-08 0.0355 -801.777
124 2.28614e-08 0.036 -801.693
124 2.28614e-08 0.0365 -801.657
124 2.28614e-08 0.037 -801.654
124 2.28614e-08 0.0375 -801.603
124 2.28614e-08 0.038 -801.53
124 2.28614e-08 0.0385 -801.525
124 2.28614e-08 0.039 -801.581
124 2.28614e-08 0.0395 -801.646
124 2.28614e-08 0.04 -801.64
124 2.28614e-08 0.0405 -801.641
124 2.28614e-08 0.041 -801.673
124 2.28614e-08 0.0415 -801.682
124 2.28614e-08 0.042 -801.689
124 2.28614e-08 0.0425 -801.694
124 2.28614e-08 0.043 -801.789
124 2.28614e-08 0.0435 -801.829
124 2.28614e-08 0.044 -801.867
124 2.28614e-08 0.0445 -801.985
124 2.28614e-08 0.045 -802.111
124 2.28614e-08 0.0455 -802.228
124 2.28614e-08 0.046 -802.398
124 2.28614e-08 0.0465 -802.564
124 2.28614e-08 0.047 -802.805
124 2.28614e-08 0.0475 -803.035
124 2.28614e-08 0.048 -803.267
124 2.28614e-08 0.0485 -803.478
124 2.28614e-08 0.049 -803.673
124 2.28614e-08 0.0495 -803.923
124 2.28614e-08 0.05 -804.206
124 2.28614e-08 0.0505 -804.43
124 2.28614e-08 0.051 -804.624
124 2.28614e-08 0.0515 -804.82
124 2.28614e-08 0.052 -805.074
124 2.28614e-08 0.0525 -805.298
124 2.28614e-08 0.053 -805.507
124 2.28614e-08 0.0535 -805.742
124 2.28614e-08 0.054 -805.987
124 2.28614e-08 0.0545 -806.258
124 2.28614e-08 0.055 -806.515
124 2.28614e-08 0.0555 -806.742
124 2.28614e-08 0.056 -807.007
124 2.28614e-08 0.0565 -807.284
124 2.28614e-08 0.057 -807.506
124 2.28614e-08 0.0575 -807.728
124 2.28614e-08 0.058 -808.027
124 2.28614e-08 0.0585 -808.269
124 2.28614e-08 0.059 -808.458
124 2.28614e-08 0.0595 -808.709
124 2.28614e-08 0.06 -809
124 2.28614e-08 0.0605 -809.245
124 2.28614e-08 0.061 -809.503
124 2.28614e-08 0.0615 -809.729
124 2.28614e-08 0.062 -809.986
124 2.28614e-08 0.0625 -810.215
124 2.28614e-08 0.063 -810.432
124 2.28614e-08 0.0635 -810.661
124 2.28614e-08 0.064 -810.923
124 2.28614e-08 0.0645 -811.156
124 2.28614e-08 0.065 -811.401
124 2.28614e-08 0.0655 -811.68
124 2.28614e-08 0.066 -811.976
124 2.28614e-08 0.0665 -812.179
124 2.28614e-08 0.067 -812.433
124 2.28614e-08 0.0675 -812.67
124 2.28614e-08 0.068 -812.906
124 2.28614e-08 0.0685 -813.203
124 2.28614e-08 0.069 -813.486
124 2.28614e-08 0.0695 -813.734
124 2.28614e-08 0.07 -813.973
124 2.28614e-08 0.0705 -814.227
124 2.28614e-08 0.071 -814.483
124 2.28614e-08 0.0715 -814.748
124 2.28614e-08 0.072 -815.007
124 2.28614e-08 0.0725 -815.24
124 2.28614e-08 0.073 -815.502
124 2.28614e-08 0.0735 -815.789
124 2.28614e-08 0.074 -816.071
124 2.28614e-08 0.0745 -816.328
124 2.28614e-08 0.075 -816.604
124 2.28614e-08 0.0755 -816.84
124 2.28614e-08 0.076 -817.075
124 2.28614e-08 0.0765 -817.28
124 2.28614e-08 0.077 -817.535
124 2.28614e-08 0.0775 -817.819
124 2.28614e-08 0.078 -818.052
124 2.28614e-08 0.0785 -818.257
124 2.28614e-08 0.079 -818.527
124 2.28614e-08 0.0795 -818.763
124 2.28614e-08 0.08 -819.027
124 2.28614e-08 0.0805 -819.306
124 2.28614e-08 0.081 -819.547
124 2.28614e-08 0.0815 -819.815
124 2.28614e-08 0.082 -820.078
124 2.28614e-08 0.0825 -820.338
124 2.28614e-08 0.083 -820.573
124 2.28614e-08 0.0835 -820.795
124 2.28614e-08 0.084 -821.02
124 2.28614e-08 0.0845 -821.298
124 2.28614e-08 0.085 -273.826
124 2.28614e-08 0.0855 0
124 2.28614e-08 0.086 0
124 2.28614e-08 0.0865 0
124 2.28614e-08 0.087 0
124 2.28614e-08 0.0875 0
124 2.28614e-08 0.088 0
124 2.28614e-08 0.0885 0
124 2.28614e-08 0.089 0
124 2.28614e-08 0.0895 0
124 2.28614e-08 0.09 0
124 2.28614e-08 0.0905 0
124 2.28614e-08 0.091 0
124 2.28614e-08 0.0915 0
124 2.28614e-08 0.092 0
124 2.28614e-08 0.0925 0
124 2.28614e-08 0.093 0
124 2.28614e-08 0.0935 0
124 2.28614e-08 0.094 0
124 2.28614e-08 0.0945 0
124 2.28614e-08 0.095 0
149 2.74705e-08 0 0
149 2.74705e-08 0.0005 0
149 2.74705e-08 0.001 0
149 2.74705e-08 0.0015 0
149 2.74705e-08 0.002 0
149 2.74705e-08 0.0025 0
149 2.74705e-08 0.003 0
149 2.74705e-08 0.0035 0
149 2.74705e-08 0.004 0
149 2.74705e-08 0.0045 0
149 2.74705e-08 0.005 0
149 2.74705e-08 0.0055 0
149 2.74705e-08 0.006 0
149 2.74705e-08 0.0065 0
149 2.74705e-08 0.007 0
149 2.74705e-08 0.0075 0
149 2.74705e-08 0.008 0
149 2.74705e-08 0.0085 0
149 2.74705e-08 0.009 0
149 2.74705e-08 0.0095 0
149 2.74705e-08 0.01 -31280.1
149 2.74705e-08 0.0105 -1210.32
149 2.74705e-08 0.011 -1210.26
149 2.74705e-08 0.0115 -1210.19
149 2.74705e-08 0.012 -1210.2
149 2.74705e-08 0.0125 -1210.16
149 2.74705e-08 0.013 -1210.07
149 2.74705e-08 0.0135 -1209.95
149 2.74705e-08 0.014 -1209.94
149 2.74705e-08 0.0145 -1209.84
149 2.74705e-08 0.015 -1209.78
149 2.74705e-08 0.0155 -1209.76
149 2.74705e-08 0.016 -1209.75
149 2.74705e-08 0.0165 -1209.65
149 2.74705e-08 0.017 -1209.59
149 2.74705e-08 0.0175 -1209.51
149 2.74705e-08 0.018 -1209.5
149 2.74705e-08 0.0185 -1209.44
149 2.74705e-08 0.019 -1209.4
149 2.74705e-08 0.0195 -1209.35
149 2.74705e-08 0.02 -1209.32
149 2.74705e-08 0.0205 -1209.33
149 2.74705e-08 0.021 -1209.23
149 2.74705e-08 0.0215 -1209.14
149 2.74705e-08 0.022 -1209.11
149 2.74705e-08 0.0225 -1209.12
149 2.74705e-08 0.023 -1209.06
149 2.74705e-08 0.0235 -1209.01
149 2.74705e-08 0.024 -1208.93
149 2.74705e-08 0.0245 -1208.9
149 2.74705e-08 0.025 -1208.8
149 2.74705e-08 0.0255 -1208.76
149 2.74705e-08 0.026 -1208.7
149 2.74705e-08 0.0265 -1208.7
149 2.74705e-08 0.027 -1208.62
149 2.74705e-08 0.0275 -1208.62
149 2.74705e-08 0.028 -1208.62
149 2.74705e-08 0.0285 -1208.67
149 2.74705e-08 0.029 -1208.63
149 2.74705e-08 0.0295 -1208.51
149 2.74705e-08 0.03 -1208.43
149 2.74705e-08 0.0305 -1208.39
149 2.74705e-08 0.031 -1208.35
149 2.74705e-08 0.0315 -1208.27
149 2.74705e-08 0.032 -1208.21
149 2.74705e-08 0.0325 -1208.16
149 2.74705e-08 0.033 -1208.17
149 2.74705e-08 0.0335 -1208.18
149 2.74705e-08 0.034 -1208.26
149 2.74705e-08 0.0345 -1208.34
149 2.74705e-08 0.035 -1208.39
149 2.74705e-08 0.0355 -1208.44
149 2.74705e-08 0.036 -1208.55
149 2.74705e-08 0.0365 -1208.65
149 2.74705e-08 0.037 -1208.73
149 2.74705e-08 0.0375 -1208.81
149 2.74705e-08 0.038 -1208.9
149 2.74705e-08 0.0385 -1208.98
149 2.74705e-08 0.039 -1209.15
149 2.74705e-08 0.0395 -1209.26
149 2.74705e-08 0.04 -1209.4
149 2.74705e-08 0.0405 -1209.49
149 2.74705e-08 0.041 -1209.61
149 2.74705e-08 0.0415 -1209.76
149 2.74705e-08 0.042 -1209.92
149 2.74705e-08 0.0425 -1210.05
149 2.74705e-08 0.043 -1210.22
149 2.74705e-08 0.0435 -1210.39
149 2.74705e-08 0.044 -1210.5
149 2.74705e-08 0.0445 -1210.66
149 2.74705e-08 0.045 -1210.79
149 2.74705e-08 0.0455 -1210.91
149 2.74705e-08 0.046 -1211.05
149 2.74705e-08 0.0465 -1211.22
149 2.74705e-08 0.047 -1211.42
149 2.74705e-08 0.0475 -1211.6
149 2.74705e-08 0.048 -1211.82
149 2.74705e-08 0.0485 -1212.04
149 2.74705e-08 0.049 -1212.21
149 2.74705e-08 0.0495 -1212.42
149 2.74705e-08 0.05 -1212.68
149 2.74705e-08 0.0505 -1212.86
149 2.74705e-08 0.051 -1213.02
149 2.74705e-08 0.0515 -1213.17
149 2.74705e-08 0.052 -1213.41
149 2.74705e-08 0.0525 -1213.62
149 2.74705e-08 0.053 -1213.81
149 2.74705e-08 0.0535 -1214.02
149 2.74705e-08 0.054 -1214.27
149 2.74705e-08 0.0545 -1214.54
149 2.74705e-08 0.055 -1214.81
149 2.74705e-08 0.0555 -1215.04
149 2.74705e-08 0.056 -1215.29
149 2.74705e-08 0.0565 -1215.55
149 2.74705e-08 0.057 -1215.78
149 2.74705e-08 0.0575 -1216.01
149 2.74705e-08 0.058 -1216.32
149 2.74705e-08 0.0585 -1216.57
149 2.74705e-08 0.059 -1216.76
149 2.74705e-08 0.0595 -1217.01
149 2.74705e-08 0.06 -1217.31
149 2.74705e-08 0.0605 -1217.54
149 2.74705e-08 0.061 -1217.79
149 2.74705e-08 0.0615 -1218.01
149 2.74705e-08 0.062 -1218.28
149 2.74705e-08 0.0625 -1218.51
149 2.74705e-08 0.063 -1218.73
149 2.74705e-08 0.0635 -1218.95
149 2.74705e-08 0.064 -1219.21
149 2.74705e-08 0.0645 -1219.44
149 2.74705e-08 0.065 -1219.68
149 2.74705e-08 0.0655 -1219.96
149 2.74705e-08 0.066 -1220.25
149 2.74705e-08 0.0665 -1220.45
149 2.74705e-08 0.067 -1220.69
149 2.74705e-08 0.0675 -1220.93
149 2.74705e-08 0.068 -1221.16
149 2.74705e-08 0.0685 -1221.46
149 2.74705e-08 0.069 -1221.73
149 2.74705e-08 0.0695 -1221.98
149 2.74705e-08 0.07 -1222.21
149 2.74705e-08 0.0705 -1222.47
149 2.74705e-08 0.071 -1222.73
149 2.74705e-08 0.0715 -1222.99
149 2.74705e-08 0.072 -1223.24
149 2.74705e-08 0.0725 -1223.47
149 2.74705e-08 0.073 -1223.72
149 2.74705e-08 0.0735 -1224
149 2.74705e-08 0.074 -1224.28
149 2.74705e-08 0.0745 -1224.54
149 2.74705e-08 0.075 -1224.84
149 2.74705e-08 0.0755 -1225.08
149 2.74705e-08 0.076 -1225.31
149 2.74705e-08 0.0765 -1225.51
149 2.74705e-08 0.077 -1225.77
149 2.74705e-08 0.0775 -1226.06
149 2.74705e-08 0.078 -1226.29
149 2.74705e-08 0.0785 -1226.49
149 2.74705e-08 0.079 -1226.75
149 2.74705e-08 0.0795 -1226.98
149 2.74705e-08 0.08 -1227.24
149 2.74705e-08 0.0805 -1227.52
149 2.74705e-08 0.081 -1227.75
149 2.74705e-08 0.0815 -1228.01
149 2.74705e-08 0.082 -1228.28
149 2.74705e-08 0.0825 -1228.54
149 2.74705e-08 0.083 -1228.76
149 2.74705e-08 0.0835 -1228.98
149 2.74705e-08 0.084 -1229.19
149 2.74705e-08 0.0845 -1229.47
149 2.74705e-08 0.085 -409.882
149 2.74705e-08 0.0855 0
149 2.74705e-08 0.086 0
149 2.74705e-08 0.0865 0
149 2.74705e-08 0.087 0
149 2.74705e-08 0.0875 0
149 2.74705e-08 0.088 0
149 2.74705e-08 0.0885 0
149 2.74705e-08 0.089 0
149 2.74705e-08 0.0895 0
149 2.74705e-08 0.09 0
149 2.74705e-08 0.0905 0
149 2.74705e-08 0.091 0
149 2.74705e-08 0.0915 0
149 2.74705e-08 0.092 0
149 2.74705e-08 0.0925 0
149 2.74705e-08 0.093 0
149 2.74705e-08 0.0935 0
149 2.74705e-08 0.094 0
149 2.74705e-08 0.0945 0
149 2.74705e-08 0.095 0
174 3.20796e-08 0 0
174 3.20796e-08 0.0005 0
174 3.20796e-08 0.001 0
174 3.20796e-08 0.0015 0
174 3.20796e-08 0.002 0
174 3.20796e-08 0.0025 0
174 3.20796e-08 0.003 0
174 3.20796e-08 0.0035 0
174 3.20796e-08 0.004 0
174 3.20796e-08 0.0045 0
174 3.20796e-08 0.005 0
174 3.20796e-08 0.0055 0
174 3.20796e-08 0.006 0
174 3.20796e-08 0.0065 0
174 3.20796e-08 0.007 0
174 3.20796e-08 0.0075 0
174 3.20796e-08 0.008 0
174 3.20796e-08 0.0085 0
174 3.20796e-08 0.009 0
174 3.20796e-08 0.0095 0
174 3.20796e-08 0.01 -20942.3
174 3.20796e-08 0.0105 -807.509
174 3.20796e-08 0.011 -807.326
174 3.20796e-08 0.0115 -807.242
174 3.20796e-08 0.012 -807.137
174 3.20796e-08 0.0125 -807.032
174 3.20796e-08 0.013 -806.874
174 3.20796e-08 0.0135 -806.727
174 3.20796e-08 0.014 -806.619
174 3.20796e-08 0.0145 -806.437
174 3.20796e-08 0.015 -806.287
174 3.20796e-08 0.0155 -806.17
174 3.20796e-08 0.016 -806.132
174 3.20796e-08 0.0165 -806.047
174 3.20796e-08 0.017 -806.017
174 3.20796e-08 0.0175 -806.038
174 3.20796e-08 0.018 -806.048
174 3.20796e-08 0.0185 -805.967
174 3.20796e-08 0.019 -805.916
174 3.20796e-08 0.0195 -805.901
174 3.20796e-08 0.02 -805.916
174 3.20796e-08 0.0205 -805.922
174 3.20796e-08 0.021 -805.864
174 3.20796e-08 0.0215 -805.814
174 3.20796e-08 0.022 -805.869
174 3.20796e-08 0.0225 -805.847
174 3.20796e-08 0.023 -805.776
174 3.20796e-08 0.0235 -805.711
174 3.20796e-08 0.024 -805.646
174 3.20796e-08 0.0245 -805.613
174 3.20796e-08 0.025 -805.586
174 3.20796e-08 0.0255 -805.637
174 3.20796e-08 0.026 -805.615
174 3.20796e-08 0.0265 -805.581
174 3.20796e-08 0.027 -805.65
174 3.20796e-08 0.0275 -805.8
174 3.20796e-08 0.028 -805.919
174 3.20796e-08 0.0285 -806.073
174 3.20796e-08 0.029 -806.185
174 3.20796e-08 0.0295 -806.292
174 3.20796e-08 0.03 -806.426
174 3.20796e-08 0.0305 -806.626
174 3.20796e-08 0.031 -806.776
174 3.20796e-08 0.0315 -806.867
174 3.20796e-08 0.032 -806.98
174 3.20796e-08 0.0325 -807.141
174 3.20796e-08 0.033 -807.295
174 3.20796e-08 0.0335 -807.423
174 3.20796e-08 0.034 -807.598
174 3.20796e-08 0.0345 -807.758
174 3.20796e-08 0.035 -807.924
174 3.20796e-08 0.0355 -808.033
174 3.20796e-08 0.036 -808.182
174 3.20796e-08 0.0365 -808.296
174 3.20796e-08 0.037 -808.442
174 3.20796e-08 0.0375 -808.571
174 3.20796e-08 0.038 -808.735
174 3.20796e-08 0.0385 -808.918
174 3.20796e-08 0.039 -809.091
174 3.20796e-08 0.0395 -809.27
174 3.20796e-08 0.04 -809.46
174 3.20796e-08 0.0405 -809.629
174 3.20796e-08 0.041 -809.827
174 3.20796e-08 0.0415 -809.996
174 3.20796e-08 0.042 -810.185
174 3.20796e-08 0.0425 -810.353
174 3.20796e-08 0.043 -810.538
174 3.20796e-08 0.0435 -810.762
174 3.20796e-08 0.044 -810.903
174 3.20796e-08 0.0445 -811.092
174 3.20796e-08 0.045 -811.227
174 3.20796e-08 0.0455 -811.348
174 3.20796e-08 0.046 -811.505
174 3.20796e-08 0.0465 -811.686
174 3.20796e-08 0.047 -811.926
174 3.20796e-08 0.0475 -812.107
174 3.20796e-08 0.048 -812.316
174 3.20796e-08 0.0485 -812.5
174 3.20796e-08 0.049 -812.685
174 3.20796e-08 0.0495 -812.883
174 3.20796e-08 0.05 -813.13
174 3.20796e-08 0.0505 -813.31
174 3.20796e-08 0.051 -813.475
174 3.20796e-08 0.0515 -813.628
174 3.20796e-08 0.052 -813.814
174 3.20796e-08 0.0525 -814.011
174 3.20796e-08 0.053 -814.142
174 3.20796e-08 0.0535 -814.347
174 3.20796e-08 0.054 -814.528
174 3.20796e-08 0.0545 -814.755
174 3.20796e-08 0.055 -814.97
174 3.20796e-08 0.0555 -815.146
174 3.20796e-08 0.056 -815.351
174 3.20796e-08 0.0565 -815.55
174 3.20796e-08 0.057 -815.7
174 3.20796e-08 0.0575 -815.851
174 3.20796e-08 0.058 -816.093
174 3.20796e-08 0.0585 -816.244
174 3.20796e-08 0.059 -816.378
174 3.20796e-08 0.0595 -816.564
174 3.20796e-08 0.06 -816.776
174 3.20796e-08 0.0605 -816.936
174 3.20796e-08 0.061 -817.089
174 3.20796e-08 0.0615 -817.232
174 3.20796e-08 0.062 -817.42
174 3.20796e-08 0.0625 -817.565
174 3.20796e-08 0.063 -817.717
174 3.20796e-08 0.0635 -817.906
174 3.20796e-08 0.064 -818.104
174 3.20796e-08 0.0645 -818.287
174 3.20796e-08 0.065 -818.484
174 3.20796e-08 0.0655 -818.677
174 3.20796e-08 0.066 -818.905
174 3.20796e-08 0.0665 -819.045
174 3.20796e-08 0.067 -819.251
174 3.20796e-08 0.0675 -819.458
174 3.20796e-08 0.068 -819.651
174 3.20796e-08 0.0685 -819.904
174 3.20796e-08 0.069 -820.142
174 3.20796e-08 0.0695 -820.345
174 3.20796e-08 0.07 -820.551
174 3.20796e-08 0.0705 -820.775
174 3.20796e-08 0.071 -820.986
174 3.20796e-08 0.0715 -821.211
174 3.20796e-08 0.072 -821.417
174 3.20796e-08 0.0725 -821.603
174 3.20796e-08 0.073 -821.826
174 3.20796e-08 0.0735 -822.073
174 3.20796e-08 0.074 -822.302
174 3.20796e-08 0.0745 -822.543
174 3.20796e-08 0.075 -822.808
174 3.20796e-08 0.0755 -823.034
174 3.20796e-08 0.076 -823.262
174 3.20796e-08 0.0765 -823.458
174 3.20796e-08 0.077 -823.701
174 3.20796e-08 0.0775 -823.972
174 3.20796e-08 0.078 -824.197
174 3.20796e-08 0.0785 -824.398
174 3.20796e-08 0.079 -824.648
174 3.20796e-08 0.0795 -824.865
174 3.20796e-08 0.08 -825.117
174 3.20796e-08 0.0805 -825.393
174 3.20796e-08 0.081 -825.628
174 3.20796e-08 0.0815 -825.883
174 3.20796e-08 0.082 -826.143
174 3.20796e-08 0.0825 -826.401
174 3.20796e-08 0.083 -826.636
174 3.20796e-08 0.0835 -826.853
174 3.20796e-08 0.084 -827.07
174 3.20796e-08 0.0845 -827.343
174 3.20796e-08 0.085 -275.839
174 3.20796e-08 0.0855 0
174 3.20796e-08 0.086 0
174 3.20796e-08 0.0865 0
174 3.20796e-08 0.087 0
174 3.20796e-08 0.0875 0
174 3.20796e-08 0.088 0
174 3.20796e-08 0.0885 0
174 3.20796e-08 0.089 0
174 3.20796e-08 0.0895 0
174 3.20796e-08 0.09 0
174 3.20796e-08 0.0905 0
174 3.20796e-08 0.091 0
174 3.20796e-08 0.0915 0
174 3.20796e-08 0.092 0
174 3.20796e-08 0.0925 0
174 3.20796e-08 0.093 0
174 3.20796e-08 0.0935 0
174 3.20796e-08 0.094 0
174 3.20796e-08 0.0945 0
174 3.20796e-08 0.095 0
199 3.66888e-08 0 0
199 3.66888e-08 0.0005 0
199 3.66888e-08 0.001 0
199 3.66888e-08 0.0015 0
199 3.66888e-08 0.002 0
199 3.66888e-08 0.0025 0
199 3.66888e-08 0.003 0
199 3.66888e-08 0.0035 0
199 3.66888e-08 0.004 0
199 3.66888e-08 0.0045 0
199 3.66888e-08 0.005 0
199 3.66888e-08 0.0055 0
199 3.66888e-08 0.006 0
199 3.66888e-08 0.0065 0
199 3.66888e-08 0.007 0
199 3.66888e-08 0.0075 0
199 3.66888e-08 0.008 0
199 3.66888e-08 0.0085 0
199 3.66888e-08 0.009 0
199 3.66888e-08 0.0095 0
199 3.66888e-08 0.01 4583.17
199 3.66888e-08 0.0105 185.435
199 3.66888e-08 0.011 185.539
199 3.66888e-08 0.0115 185.619
199 3.66888e-08 0.012 185.625
199 3.66888e-08 0.0125 185.671
199 3.66888e-08 0.013 185.765
199 3.66888e-08 0.0135 185.87
199 3.66888e-08 0.014 185.913
199 3.66888e-08 0.0145 186.016
199 3.66888e-08 0.015 186.073
199 3.66888e-08 0.0155 186.137
199 3.66888e-08 0.016 186.204
199 3.66888e-08 0.0165 186.348
199 3.66888e-08 0.017 186.377
199 3.66888e-08 0.0175 186.397
199 3.66888e-08 0.018 186.435
199 3.66888e-08 0.0185 186.507
199 3.66888e-08 0.019 186.587
199 3.66888e-08 0.0195 186.664
199 3.66888e-08 0.02 186.672
199 3.66888e-08 0.0205 186.646
199 3.66888e-08 0.021 186.686
199 3.66888e-08 0.0215 186.728
199 3.66888e-08 0.022 186.692
199 3.66888e-08 0.0225 186.687
199 3.66888e-08 0.023 186.675
199 3.66888e-08 0.0235 186.655
199 3.66888e-08 0.024 186.633
199 3.66888e-08 0.0245 186.536
199 3.66888e-08 0.025 186.505
199 3.66888e-08 0.0255 186.419
199 3.66888e-08 0.026 186.282
199 3.66888e-08 0.0265 186.122
199 3.66888e-08 0.027 185.976
199 3.66888e-08 0.0275 185.731
199 3.66888e-08 0.028 185.55
199 3.66888e-08 0.0285 185.36
199 3.66888e-08 0.029 185.227
199 3.66888e-08 0.0295 185.093
199 3.66888e-08 0.03 184.949
199 3.66888e-08 0.0305 184.77
199 3.66888e-08 0.031 184.599
199 3.66888e-08 0.0315 184.443
199 3.66888e-08 0.032 184.271
199 3.66888e-08 0.0325 184.121
199 3.66888e-08 0.033 183.944
199 3.66888e-08 0.0335 183.822
199 3.66888e-08 0.034 183.646
199 3.66888e-08 0.0345 183.499
199 3.66888e-08 0.035 183.325
199 3.66888e-08 0.0355 183.207
199 3.66888e-08 0.036 183.063
199 3.66888e-08 0.0365 182.912
199 3.66888e-08 0.037 182.743
199 3.66888e-08 0.0375 182.597
199 3.66888e-08 0.038 182.44
199 3.66888e-08 0.0385 182.243
199 3.66888e-08 0.039 182.043
199 3.66888e-08 0.0395 181.884
199 3.66888e-08 0.04 181.676
199 3.66888e-08 0.0405 181.514
199 3.66888e-08 0.041 181.316
199 3.66888e-08 0.0415 181.116
199 3.66888e-08 0.042 180.942
199 3.66888e-08 0.0425 180.79
199 3.66888e-08 0.043 180.57
199 3.66888e-08 0.0435 180.34
199 3.66888e-08 0.044 180.182
199 3.66888e-08 0.0445 180.015
199 3.66888e-08 0.045 179.845
199 3.66888e-08 0.0455 179.683
199 3.66888e-08 0.046 179.527
199 3.66888e-08 0.0465 179.37
199 3.66888e-08 0.047 179.146
199 3.66888e-08 0.0475 178.954
199 3.66888e-08 0.048 178.721
199 3.66888e-08 0.0485 178.495
199 3.66888e-08 0.049 178.295
199 3.66888e-08 0.0495 178.092
199 3.66888e-08 0.05 177.825
199 3.66888e-08 0.0505 177.63
199 3.66888e-08 0.051 177.478
199 3.66888e-08 0.0515 177.318
199 3.66888e-08 0.052 177.102
199 3.66888e-08 0.0525 176.921
199 3.66888e-08 0.053 176.726
199 3.66888e-08 0.0535 176.517
199 3.66888e-08 0.054 176.316
199 3.66888e-08 0.0545 176.103
199 3.66888e-08 0.055 175.905
199 3.66888e-08 0.0555 175.716
199 3.66888e-08 0.056 175.499
199 3.66888e-08 0.0565 175.272
199 3.66888e-08 0.057 175.087
199 3.66888e-08 0.0575 174.902
199 3.66888e-08 0.058 174.636
199 3.66888e-08 0.0585 174.431
199 3.66888e-08 0.059 174.283
199 3.66888e-08 0.0595 174.056
199 3.66888e-08 0.06 173.787
199 3.66888e-08 0.0605 173.582
199 3.66888e-08 0.061 173.354
199 3.66888e-08 0.0615 173.182
199 3.66888e-08 0.062 172.977
199 3.66888e-08 0.0625 172.77
199 3.66888e-08 0.063 172.592
199 3.66888e-08 0.0635 172.381
199 3.66888e-08 0.064 172.153
199 3.66888e-08 0.0645 171.958
199 3.66888e-08 0.065 171.76
199 3.66888e-08 0.0655 171.517
199 3.66888e-08 0.066 171.265
199 3.66888e-08 0.0665 171.1
199 3.66888e-08 0.067 170.891
199 3.66888e-08 0.0675 170.693
199 3.66888e-08 0.068 170.498
199 3.66888e-08 0.0685 170.266
199 3.66888e-08 0.069 170.047
199 3.66888e-08 0.0695 169.859
199 3.66888e-08 0.07 169.655
199 3.66888e-08 0.0705 169.444
199 3.66888e-08 0.071 169.232
199 3.66888e-08 0.0715 169.018
199 3.66888e-08 0.072 168.833
199 3.66888e-08 0.0725 168.672
199 3.66888e-08 0.073 168.48
199 3.66888e-08 0.0735 168.273
199 3.66888e-08 0.074 168.058
199 3.66888e-08 0.0745 167.852
199 3.66888e-08 0.075 167.622
199 3.66888e-08 0.0755 167.44
199 3.66888e-08 0.076 167.252
199 3.66888e-08 0.0765 167.107
199 3.66888e-08 0.077 166.932
199 3.66888e-08 0.0775 166.714
199 3.66888e-08 0.078 166.536
199 3.66888e-08 0.0785 166.398
199 3.66888e-08 0.079 166.211
199 3.66888e-08 0.0795 166.067
199 3.66888e-08 0.08 165.862
199 3.66888e-08 0.0805 165.637
199 3.66888e-08 0.081 165.486
199 3.66888e-08 0.0815 165.308
199 3.66888e-08 0.082 165.128
199 3.66888e-08 0.0825 164.945
199 3.66888e-08 0.083 164.799
199 3.66888e-08 0.0835 164.69
199 3.66888e-08 0.084 164.567
199 3.66888e-08 0.0845 164.401
199 3.66888e-08 0.085 54.7635
199 3.66888e-08 0.0855 0
199 3.66888e-08 0.086 0
199 3.66888e-08 0.0865 0
199 3.66888e-08 0.087 0
199 3.66888e-08 0.0875 0
199 3.66888e-08 0.088 0
199 3.66888e-08 0.0885 0
199 3.66888e-08 0.089 0
199 3.66888e-08 0.0895 0
199 3.66888e-08 0.09 0
199 3.66888e-08 0.0905 0
199 3.66888e-08 0.091 0
199 3.66888e-08 0.0915 0
199 3.66888e-08 0.092 0
199 3.66888e-08 0.0925 0
199 3.66888e-08 0.093 0
199 3.66888e-08 0.0935 0
199 3.66888e-08 0.094 0
199 3.66888e-08 0.0945 0
199 3.66888e-08 0.095 0
224 4.12979e-08 0 0
224 4.12979e-08 0.0005 0
224 4.12979e-08 0.001 0
224 4.12979e-08 0.0015 0
224 4.12979e-08 0.002 0
224 4.12979e-08 0.0025 0
224 4.12979e-08 0.003 0
224 4.12979e-08 0.0035 0
224 4.12979e-08 0.004 0
224 4.12979e-08 0.0045 0
224 4.12979e-08 0.005 0
224 4.12979e-08 0.0055 0
224 4.12979e-08 0.006 0
224 4.12979e-08 0.0065 0
224 4.12979e-08 0.007 0
224 4.12979e-08 0.0075 0
224 4.12979e-08 0.008 0
224 4.12979e-08 0.0085 0
224 4.12979e-08 0.009 0
224 4.12979e-08 0.0095 0
224 4.12979e-08 0.01 30762.9
224 4.12979e-08 0.0105 1204.07
224 4.12979e-08 0.011 1204.13
224 4.12979e-08 0.0115 1204.18
224 4.12979e-08 0.012 1204.23
224 4.12979e-08 0.0125 1204.28
224 4.12979e-08 0.013 1204.34
224 4.12979e-08 0.0135 1204.41
224 4.12979e-08 0.014 1204.36
224 4.12979e-08 0.0145 1204.45
224 4.12979e-08 0.015 1204.5
224 4.12979e-08 0.0155 1204.49
224 4.12979e-08 0.016 1204.47
224 4.12979e-08 0.0165 1204.47
224 4.12979e-08 0.017 1204.49
224 4.12979e-08 0.0175 1204.51
224 4.12979e-08 0.018 1204.48
224 4.12979e-08 0.0185 1204.48
224 4.12979e-08 0.019 1204.4
224 4.12979e-08 0.0195 1204.28
224 4.12979e-08 0.02 1204.19
224 4.12979e-08 0.0205 1204.03
224 4.12979e-08 0.021 1203.92
224 4.12979e-08 0.0215 1203.84
224 4.12979e-08 0.022 1203.68
224 4.12979e-08 0.0225 1203.51
224 4.12979e-08 0.023 1203.39
224 4.12979e-08 0.0235 1203.27
224 4.12979e-08 0.024 1203.18
224 4.12979e-08 0.0245 1203.04
224 4.12979e-08 0.025 1202.93
224 4.12979e-08 0.0255 1202.75
224 4.12979e-08 0.026 1202.62
224 4.12979e-08 0.0265 1202.49
224 4.12979e-08 0.027 1202.37
224 4.12979e-08 0.0275 1202.12
224 4.12979e-08 0.028 1201.92
224 4.12979e-08 0.0285 1201.73
224 4.12979e-08 0.029 1201.56
224 4.12979e-08 0.0295 1201.41
224 4.12979e-08 0.03 1201.27
224 4.12979e-08 0.0305 1201.1
224 4.12979e-08 0.031 1200.94
224 4.12979e-08 0.0315 1200.82
224 4.12979e-08 0.032 1200.69
224 4.12979e-08 0.0325 1200.52
224 4.12979e-08 0.033 1200.35
224 4.12979e-08 0.0335 1200.2
224 4.12979e-08 0.034 1200.02
224 4.12979e-08 0.0345 1199.85
224 4.12979e-08 0.035 1199.69
224 4.12979e-08 0.0355 1199.61
224 4.12979e-08 0.036 1199.47
224 4.12979e-08 0.0365 1199.33
224 4.12979e-08 0.037 1199.13
224 4.12979e-08 0.0375 1198.97
224 4.12979e-08 0.038 1198.81
224 4.12979e-08 0.0385 1198.64
224 4.12979e-08 0.039 1198.41
224 4.12979e-08 0.0395 1198.22
224 4.12979e-08 0.04 1197.99
224 4.12979e-08 0.0405 1197.78
224 4.12979e-08 0.041 1197.55
224 4.12979e-08 0.0415 1197.34
224 4.12979e-08 0.042 1197.14
224 4.12979e-08 0.0425 1196.96
224 4.12979e-08 0.043 1196.76
224 4.12979e-08 0.0435 1196.56
224 4.12979e-08 0.044 1196.38
224 4.12979e-08 0.0445 1196.2
224 4.12979e-08 0.045 1196.06
224 4.12979e-08 0.0455 1195.91
224 4.12979e-08 0.046 1195.75
224 4.12979e-08 0.0465 1195.57
224 4.12979e-08 0.047 1195.35
224 4.12979e-08 0.0475 1195.17
224 4.12979e-08 0.048 1194.97
224 4.12979e-08 0.0485 1194.79
224 4.12979e-08 0.049 1194.6
224 4.12979e-08 0.0495 1194.38
224 4.12979e-08 0.05 1194.13
224 4.12979e-08 0.0505 1193.95
224 4.12979e-08 0.051 1193.79
224 4.12979e-08 0.0515 1193.63
224 4.12979e-08 0.052 1193.41
224 4.12979e-08 0.0525 1193.22
224 4.12979e-08 0.053 1193.03
224 4.12979e-08 0.0535 1192.82
224 4.12979e-08 0.054 1192.58
224 4.12979e-08 0.0545 1192.35
224 4.12979e-08 0.055 1192.14
224 4.12979e-08 0.0555 1191.94
224 4.12979e-08 0.056 1191.73
224 4.12979e-08 0.0565 1191.53
224 4.12979e-08 0.057 1191.37
224 4.12979e-08 0.0575 1191.18
224 4.12979e-08 0.058 1190.94
224 4.12979e-08 0.0585 1190.73
224 4.12979e-08 0.059 1190.6
224 4.12979e-08 0.0595 1190.41
224 4.12979e-08 0.06 1190.16
224 4.12979e-08 0.0605 1189.99
224 4.12979e-08 0.061 1189.78
224 4.12979e-08 0.0615 1189.58
224 4.12979e-08 0.062 1189.37
224 4.12979e-08 0.0625 1189.19
224 4.12979e-08 0.063 1189
224 4.12979e-08 0.0635 1188.82
224 4.12979e-08 0.064 1188.6
224 4.12979e-08 0.0645 1188.41
224 4.12979e-08 0.065 1188.2
224 4.12979e-08 0.0655 1187.94
224 4.12979e-08 0.066 1187.71
224 4.12979e-08 0.0665 1187.58
224 4.12979e-08 0.067 1187.39
224 4.12979e-08 0.0675 1187.23
224 4.12979e-08 0.068 1187.03
224 4.12979e-08 0.0685 1186.78
224 4.12979e-08 0.069 1186.54
224 4.12979e-08 0.0695 1186.34
224 4.12979e-08 0.07 1186.16
224 4.12979e-08 0.0705 1185.96
224 4.12979e-08 0.071 1185.78
224 4.12979e-08 0.0715 1185.58
224 4.12979e-08 0.072 1185.35
224 4.12979e-08 0.0725 1185.14
224 4.12979e-08 0.073 1184.93
224 4.12979e-08 0.0735 1184.7
224 4.12979e-08 0.074 1184.46
224 4.12979e-08 0.0745 1184.25
224 4.12979e-08 0.075 1184
224 4.12979e-08 0.0755 1183.8
224 4.12979e-08 0.076 1183.63
224 4.12979e-08 0.0765 1183.49
224 4.12979e-08 0.077 1183.29
224 4.12979e-08 0.0775 1183.05
224 4.12979e-08 0.078 1182.85
224 4.12979e-08 0.0785 1182.69
224 4.12979e-08 0.079 1182.47
224 4.12979e-08 0.0795 1182.27
224 4.12979e-08 0.08 1182.06
224 4.12979e-08 0.0805 1181.84
224 4.12979e-08 0.081 1181.65
224 4.12979e-08 0.0815 1181.44
224 4.12979e-08 0.082 1181.23
224 4.12979e-08 0.0825 1180.99
224 4.12979e-08 0.083 1180.79
224 4.12979e-08 0.0835 1180.65
224 4.12979e-08 0.084 1180.48
224 4.12979e-08 0.0845 1180.25
224 4.12979e-08 0.085 393.366
224 4.12979e-08 0.0855 0
224 4.12979e-08 0.086 0
224 4.12979e-08 0.0865 0
224 4.12979e-08 0.087 0
224 4.12979e-08 0.0875 0
224 4.12979e-08 0.088 0
224 4.12979e-08 0.0885 0
224 4.12979e-08 0.089 0
224 4.12979e-08 0.0895 0
224 4.12979e-08 0.09 0
224 4.12979e-08 0.0905 0
224 4.12979e-08 0.091 0
224 4.12979e-08 0.0915 0
224 4.12979e-08 0.092 0
224 4.12979e-08 0.0925 0
224 4.12979e-08 0.093 0
224 4.12979e-08 0.0935 0
224 4.12979e-08 0.094 0
224 4.12979e-08 0.0945 0
224 4.12979e-08 0.095 0
249 4.59071e-08 0 0
249 4.59071e-08 0.0005 0
249 4.59071e-08 0.001 0
249 4.59071e-08 0.0015 0
249 4.59071e-08 0.002 0
249 4.59071e-08 0.0025 0
249 4.59071e-08 0.003 0
249 4.59071e-08 0.0035 0
249 4.59071e-08 0.004 0
249 4.59071e-08 0.0045 0
249 4.59071e-08 0.005 0
249 4.59071e-08 0.0055 0
249 4.59071e-08 0.006 0
249 4.59071e-08 0.0065 0
249 4.59071e-08 0.007 0
249 4.59071e-08 0.0075 0
249 4.59071e-08 0.008 0
249 4.59071e-08 0.0085 0
249 4.59071e-08 0.009 0
249 4.59071e-08 0.0095 0
249 4.59071e-08 0.01 42680.6
249 4.59071e-08 0.0105 1669.45
249 4.59071e-08 0.011 1669.4
249 4.59071e-08 0.0115 1669.32
249 4.59071e-08 0.012 1669.22
249 4.59071e-08 0.0125 1669.13
249 4.59071e-08 0.013 1669.05
249 4.59071e-08 0.0135 1668.99
249 4.59071e-08 0.014 1668.84
249 4.59071e-08 0.0145 1668.79
249 4.59071e-08 0.015 1668.69
249 4.59071e-08 0.0155 1668.57
249 4.59071e-08 0.016 1668.45
249 4.59071e-08 0.0165 1668.4
249 4.59071e-08 0.017 1668.29
249 4.59071e-08 0.0175 1668.16
249 4.59071e-08 0.018 1668.01
249 4.59071e-08 0.0185 1667.87
249 4.59071e-08 0.019 1667.72
249 4.59071e-08 0.0195 1667.56
249 4.59071e-08 0.02 1667.39
249 4.59071e-08 0.0205 1667.19
249 4.59071e-08 0.021 1667.07
249 4.59071e-08 0.0215 1666.92
249 4.59071e-08 0.022 1666.72
249 4.59071e-08 0.0225 1666.52
249 4.59071e-08 0.023 1666.37
249 4.59071e-08 0.0235 1666.21
249 4.59071e-08 0.024 1666.08
249 4.59071e-08 0.0245 1665.9
249 4.59071e-08 0.025 1665.78
249 4.59071e-08 0.0255 1665.56
249 4.59071e-08 0.026 1665.38
249 4.59071e-08 0.0265 1665.22
249 4.59071e-08 0.027 1665.04
249 4.59071e-08 0.0275 1664.77
249 4.59071e-08 0.028 1664.56
249 4.59071e-08 0.0285 1664.36
249 4.59071e-08 0.029 1664.19
249 4.59071e-08 0.0295 1664.07
249 4.59071e-08 0.03 1663.89
249 4.59071e-08 0.0305 1663.73
249 4.59071e-08 0.031 1663.57
249 4.59071e-08 0.0315 1663.42
249 4.59071e-08 0.032 1663.26
249 4.59071e-08 0.0325 1663.08
249 4.59071e-08 0.033 1662.89
249 4.59071e-08 0.0335 1662.73
249 4.59071e-08 0.034 1662.59
249 4.59071e-08 0.0345 1662.44
249 4.59071e-08 0.035 1662.28
249 4.59071e-08 0.0355 1662.16
249 4.59071e-08 0.036 1662.01
249 4.59071e-08 0.0365 1661.9
249 4.59071e-08 0.037 1661.75
249 4.59071e-08 0.0375 1661.61
249 4.59071e-08 0.038 1661.48
249 4.59071e-08 0.0385 1661.3
249 4.59071e-08 0.039 1661.09
249 4.59071e-08 0.0395 1660.94
249 4.59071e-08 0.04 1660.75
249 4.59071e-08 0.0405 1660.56
249 4.59071e-08 0.041 1660.37
249 4.59071e-08 0.0415 1660.21
249 4.59071e-08 0.042 1660
249 4.59071e-08 0.0425 1659.82
249 4.59071e-08 0.043 1659.61
249 4.59071e-08 0.0435 1659.36
249 4.59071e-08 0.044 1659.19
249 4.59071e-08 0.0445 1658.97
249 4.59071e-08 0.045 1658.79
249 4.59071e-08 0.0455 1658.64
249 4.59071e-08 0.046 1658.45
249 4.59071e-08 0.0465 1658.28
249 4.59071e-08 0.047 1658.06
249 4.59071e-08 0.0475 1657.87
249 4.59071e-08 0.048 1657.65
249 4.59071e-08 0.0485 1657.44
249 4.59071e-08 0.049 1657.24
249 4.59071e-08 0.0495 1657.01
249 4.59071e-08 0.05 1656.75
249 4.59071e-08 0.0505 1656.56
249 4.59071e-08 0.051 1656.38
249 4.59071e-08 0.0515 1656.21
249 4.59071e-08 0.052 1655.98
249 4.59071e-08 0.0525 1655.78
249 4.59071e-08 0.053 1655.61
249 4.59071e-08 0.0535 1655.4
249 4.59071e-08 0.054 1655.19
249 4.59071e-08 0.0545 1654.96
249 4.59071e-08 0.055 1654.73
249 4.59071e-08 0.0555 1654.55
249 4.59071e-08 0.056 1654.33
249 4.59071e-08 0.0565 1654.08
249 4.59071e-08 0.057 1653.89
249 4.59071e-08 0.0575 1653.71
249 4.59071e-08 0.058 1653.45
249 4.59071e-08 0.0585 1653.23
249 4.59071e-08 0.059 1653.07
249 4.59071e-08 0.0595 1652.86
249 4.59071e-08 0.06 1652.61
249 4.59071e-08 0.0605 1652.4
249 4.59071e-08 0.061 1652.18
249 4.59071e-08 0.0615 1651.99
249 4.59071e-08 0.062 1651.79
249 4.59071e-08 0.0625 1651.6
249 4.59071e-08 0.063 1651.44
249 4.59071e-08 0.0635 1651.23
249 4.59071e-08 0.064 1650.98
249 4.59071e-08 0.0645 1650.78
249 4.59071e-08 0.065 1650.59
249 4.59071e-08 0.0655 1650.35
249 4.59071e-08 0.066 1650.09
249 4.59071e-08 0.0665 1649.93
249 4.59071e-08 0.067 1649.73
249 4.59071e-08 0.0675 1649.54
249 4.59071e-08 0.068 1649.34
249 4.59071e-08 0.0685 1649.08
249 4.59071e-08 0.069 1648.84
249 4.59071e-08 0.0695 1648.66
249 4.59071e-08 0.07 1648.45
249 4.59071e-08 0.0705 1648.25
249 4.59071e-08 0.071 1648.03
249 4.59071e-08 0.0715 1647.81
249 4.59071e-08 0.072 1647.6
249 4.59071e-08 0.0725 1647.41
249 4.59071e-08 0.073 1647.19
249 4.59071e-08 0.0735 1646.94
249 4.59071e-08 0.074 1646.69
249 4.59071e-08 0.0745 1646.49
249 4.59071e-08 0.075 1646.24
249 4.59071e-08 0.0755 1646.03
249 4.59071e-08 0.076 1645.83
249 4.59071e-08 0.0765 1645.67
249 4.59071e-08 0.077 1645.45
249 4.59071e-08 0.0775 1645.19
249 4.59071e-08 0.078 1644.98
249 4.59071e-08 0.0785 1644.82
249 4.59071e-08 0.079 1644.59
249 4.59071e-08 0.0795 1644.39
249 4.59071e-08 0.08 1644.17
249 4.59071e-08 0.0805 1643.92
249 4.59071e-08 0.081 1643.73
249 4.59071e-08 0.0815 1643.48
249 4.59071e-08 0.082 1643.24
249 4.59071e-08 0.0825 1643.01
249 4.59071e-08 0.083 1642.82
249 4.59071e-08 0.0835 1642.62
249 4.59071e-08 0.084 1642.44
249 4.59071e-08 0.0845 1642.2
249 4.59071e-08 0.085 547.35
249 4.59071e-08 0.0855 0
249 4.59071e-08 0.086 0
249 4.59071e-08 0.0865 0
249 4.59071e-08 0.087 0
249 4.59071e-08 0.0875 0
249 4.59071e-08 0.088 0
249 4.59071e-08 0.0885 0
249 4.59071e-08 0.089 0
249 4.59071e-08 0.0895 0
249 4.59071e-08 0.09 0
249 4.59071e-08 0.0905 0
249 4.59071e-08 0.091 0
249 4.59071e-08 0.0915 0
249 4.59071e-08 0.092 0
249 4.59071e-08 0.0925 0
249 4.59071e-08 0.093 0
249 4.59071e-08 0.0935 0
249 4.59071e-08 0.094 0
249 4.59071e-08 0.0945 0
249 4.59071e-08 0.095 0
274 5.05162e-08 0 0
274 5.05162e-08 0.0005 0
274 5.05162e-08 0.001 0
274 5.05162e-08 0.0015 0
274 5.05162e-08 0.002 0
274 5.05162e-08 0.0025 0
274 5.05162e-08 0.003 0
274 5.05162e-08 0.0035 0
274 5.05162e-08 0.004 0
274 5.05162e-08 0.0045 0
274 5.05162e-08 0.005 0
274 5.05162e-08 0.0055 0
274 5.05162e-08 0.006 0
274 5.05162e-08 0.0065 0
274 5.05162e-08 0.007 0
274 5.05162e-08 0.0075 0
274 5.05162e-08 0.008 0
274 5.05162e-08 0.0085 0
274 5.05162e-08 0.009 0
274 5.05162e-08 0.0095 0
274 5.05162e-08 0.01 33773
274 5.05162e-08 0.0105 1324.55
274 5.05162e-08 0.011 1324.44
274 5.05162e-08 0.0115 1324.31
274 5.05162e-08 0.012 1324.13
274 5.05162e-08 0.0125 1323.99
274 5.05162e-08 0.013 1323.88
274 5.05162e-08 0.0135 1323.78
274 5.05162e-08 0.014 1323.63
274 5.05162e-08 0.0145 1323.55
274 5.05162e-08 0.015 1323.43
274 5.05162e-08 0.0155 1323.25
274 5.05162e-08 0.016 1323.09
274 5.05162e-08 0.0165 1322.96
274 5.05162e-08 0.017 1322.8
274 5.05162e-08 0.0175 1322.63
274 5.05162e-08 0.018 1322.5
274 5.05162e-08 0.0185 1322.39
274 5.05162e-08 0.019 1322.24
274 5.05162e-08 0.0195 1322.1
274 5.05162e-08 0.02 1321.9
274 5.05162e-08 0.0205 1321.7
274 5.05162e-08 0.021 1321.57
274 5.05162e-08 0.0215 1321.41
274 5.05162e-08 0.022 1321.2
274 5.05162e-08 0.0225 1321.03
274 5.05162e-08 0.023 1320.89
274 5.05162e-08 0.0235 1320.75
274 5.05162e-08 0.024 1320.66
274 5.05162e-08 0.0245 1320.5
274 5.05162e-08 0.025 1320.37
274 5.05162e-08 0.0255 1320.18
274 5.05162e-08 0.026 1320.02
274 5.05162e-08 0.0265 1319.86
274 5.05162e-08 0.027 1319.68
274 5.05162e-08 0.0275 1319.39
274 5.05162e-08 0.028 1319.19
274 5.05162e-08 0.0285 1318.98
274 5.05162e-08 0.029 1318.78
274 5.05162e-08 0.0295 1318.61
274 5.05162e-08 0.03 1318.4
274 5.05162e-08 0.0305 1318.21
274 5.05162e-08 0.031 1318.02
274 5.05162e-08 0.0315 1317.88
274 5.05162e-08 0.032 1317.73
274 5.05162e-08 0.0325 1317.55
274 5.05162e-08 0.033 1317.35
274 5.05162e-08 0.0335 1317.19
274 5.05162e-08 0.034 1317
274 5.05162e-08 0.0345 1316.84
274 5.05162e-08 0.035 1316.67
274 5.05162e-08 0.0355 1316.56
274 5.05162e-08 0.036 1316.39
274 5.05162e-08 0.0365 1316.23
274 5.05162e-08 0.037 1316.04
274 5.05162e-08 0.0375 1315.88
274 5.05162e-08 0.038 1315.73
274 5.05162e-08 0.0385 1315.54
274 5.05162e-08 0.039 1315.32
274 5.05162e-08 0.0395 1315.16
274 5.05162e-08 0.04 1314.93
274 5.05162e-08 0.0405 1314.75
274 5.05162e-08 0.041 1314.54
274 5.05162e-08 0.0415 1314.33
274 5.05162e-08 0.042 1314.11
274 5.05162e-08 0.0425 1313.92
274 5.05162e-08 0.043 1313.69
274 5.05162e-08 0.0435 1313.45
274 5.05162e-08 0.044 1313.26
274 5.05162e-08 0.0445 1313.07
274 5.05162e-08 0.045 1312.91
274 5.05162e-08 0.0455 1312.73
274 5.05162e-08 0.046 1312.57
274 5.05162e-08 0.0465 1312.35
274 5.05162e-08 0.047 1312.07
274 5.05162e-08 0.0475 1311.84
274 5.05162e-08 0.048 1311.61
274 5.05162e-08 0.0485 1311.38
274 5.05162e-08 0.049 1311.18
274 5.05162e-08 0.0495 1310.94
274 5.05162e-08 0.05 1310.67
274 5.05162e-08 0.0505 1310.47
274 5.05162e-08 0.051 1310.29
274 5.05162e-08 0.0515 1310.09
274 5.05162e-08 0.052 1309.83
274 5.05162e-08 0.0525 1309.64
274 5.05162e-08 0.053 1309.47
274 5.05162e-08 0.0535 1309.25
274 5.05162e-08 0.054 1309.04
274 5.05162e-08 0.0545 1308.79
274 5.05162e-08 0.055 1308.56
274 5.05162e-08 0.0555 1308.37
274 5.05162e-08 0.056 1308.17
274 5.05162e-08 0.0565 1307.94
274 5.05162e-08 0.057 1307.74
274 5.05162e-08 0.0575 1307.54
274 5.05162e-08 0.058 1307.25
274 5.05162e-08 0.0585 1307.03
274 5.05162e-08 0.059 1306.86
274 5.05162e-08 0.0595 1306.64
274 5.05162e-08 0.06 1306.37
274 5.05162e-08 0.0605 1306.14
274 5.05162e-08 0.061 1305.91
274 5.05162e-08 0.0615 1305.71
274 5.05162e-08 0.062 1305.47
274 5.05162e-08 0.0625 1305.28
274 5.05162e-08 0.063 1305.09
274 5.05162e-08 0.0635 1304.87
274 5.05162e-08 0.064 1304.64
274 5.05162e-08 0.0645 1304.44
274 5.05162e-08 0.065 1304.23
274 5.05162e-08 0.0655 1303.97
274 5.05162e-08 0.066 1303.7
274 5.05162e-08 0.0665 1303.53
274 5.05162e-08 0.067 1303.32
274 5.05162e-08 0.0675 1303.11
274 5.05162e-08 0.068 1302.89
274 5.05162e-08 0.0685 1302.62
274 5.05162e-08 0.069 1302.38
274 5.05162e-08 0.0695 1302.15
274 5.05162e-08 0.07 1301.95
274 5.05162e-08 0.0705 1301.72
274 5.05162e-08 0.071 1301.49
274 5.05162e-08 0.0715 1301.27
274 5.05162e-08 0.072 1301.05
274 5.05162e-08 0.0725 1300.85
274 5.05162e-08 0.073 1300.63
274 5.05162e-08 0.0735 1300.39
274 5.05162e-08 0.074 1300.14
274 5.05162e-08 0.0745 1299.92
274 5.05162e-08 0.075 1299.68
274 5.05162e-08 0.0755 1299.48
274 5.05162e-08 0.076 1299.27
274 5.05162e-08 0.0765 1299.1
274 5.05162e-08 0.077 1298.85
274 5.05162e-08 0.0775 1298.61
274 5.05162e-08 0.078 1298.42
274 5.05162e-08 0.0785 1298.24
274 5.05162e-08 0.079 1297.98
274 5.05162e-08 0.0795 1297.77
274 5.05162e-08 0.08 1297.52
274 5.05162e-08 0.0805 1297.27
274 5.05162e-08 0.081 1297.07
274 5.05162e-08 0.0815 1296.84
274 5.05162e-08 0.082 1296.58
274 5.05162e-08 0.0825 1296.35
274 5.05162e-08 0.083 1296.14
274 5.05162e-08 0.0835 1295.93
274 5.05162e-08 0.084 1295.72
274 5.05162e-08 0.0845 1295.47
274 5.05162e-08 0.085 431.769
274 5.05162e-08 0.0855 0
274 5.05162e-08 0.086 0
274 5.05162e-08 0.0865 0
274 5.05162e-08 0.087 0
274 5.05162e-08 0.0875 0
274 5.05162e-08 0.088 0
274 5.05162e-08 0.0885 0
274 5.05162e-08 0.089 0
274 5.05162e-08 0.0895 0
274 5.05162e-08 0.09 0
274 5.05162e-08 0.0905 0
274 5.05162e-08 0.091 0
274 5.05162e-08 0.0915 0
274 5.05162e-08 0.092 0
274 5.05162e-08 0.0925 0
274 5.05162e-08 0.093 0
274 5.05162e-08 0.0935 0
274 5.05162e-08 0.094 0
274 5.05162e-08 0.0945 0
274 5.05162e-08 0.095 0
299 5.51254e-08 0 0
299 5.51254e-08 0.0005 0
299 5.51254e-08 0.001 0
299 5.51254e-08 0.0015 0
299 5.51254e-08 0.002 0
299 5.51254e-08 0.0025 0
299 5.51254e-08 0.003 0
299 5.51254e-08 0.0035 0
299 5.51254e-08 0.004 0
299 5.51254e-08 0.0045 0
299 5.51254e-08 0.005 0
299 5.51254e-08 0.0055 0
299 5.51254e-08 0.006 0
299 5.51254e-08 0.0065 0
299 5.51254e-08 0.007 0
299 5.51254e-08 0.0075 0
299 5.51254e-08 0.008 0
299 5.51254e-08 0.0085 0
299 5.51254e-08 0.009 0
299 5.51254e-08 0.0095 0
299 5.51254e-08 0.01 9677.14
299 5.51254e-08 0.0105 389.417
299 5.51254e-08 0.011 389.246
299 5.51254e-08 0.0115 389.082
299 5.51254e-08 0.012 388.906
299 5.51254e-08 0.0125 388.748
299 5.51254e-08 0.013 388.627
299 5.51254e-08 0.0135 388.486
299 5.51254e-08 0.014 388.3
299 5.51254e-08 0.0145 388.183
299 5.51254e-08 0.015 388.003
299 5.51254e-08 0.0155 387.83
299 5.51254e-08 0.016 387.679
299 5.51254e-08 0.0165 387.576
299 5.51254e-08 0.017 387.426
299 5.51254e-08 0.0175 387.301
299 5.51254e-08 0.018 387.187
299 5.51254e-08 0.0185 387.053
299 5.51254e-08 0.019 386.89
299 5.51254e-08 0.0195 386.689
299 5.51254e-08 0.02 386.52
299 5.51254e-08 0.0205 386.312
299 5.51254e-08 0.021 386.178
299 5.51254e-08 0.0215 386.033
299 5.51254e-08 0.022 385.824
299 5.51254e-08 0.0225 385.639
299 5.51254e-08 0.023 385.489
299 5.51254e-08 0.0235 385.34
299 5.51254e-08 0.024 385.193
299 5.51254e-08 0.0245 385.037
299 5.51254e-08 0.025 384.906
299 5.51254e-08 0.0255 384.72
299 5.51254e-08 0.026 384.534
299 5.51254e-08 0.0265 384.367
299 5.51254e-08 0.027 384.213
299 5.51254e-08 0.0275 383.948
299 5.51254e-08 0.028 383.767
299 5.51254e-08 0.0285 383.587
299 5.51254e-08 0.029 383.41
299 5.51254e-08 0.0295 383.268
299 5.51254e-08 0.03 383.075
299 5.51254e-08 0.0305 382.865
299 5.51254e-08 0.031 382.7
299 5.51254e-08 0.0315 382.555
299 5.51254e-08 0.032 382.395
299 5.51254e-08 0.0325 382.223
299 5.51254e-08 0.033 382.013
299 5.51254e-08 0.0335 381.847
299 5.51254e-08 0.034 381.653
299 5.51254e-08 0.0345 381.456
299 5.51254e-08 0.035 381.277
299 5.51254e-08 0.0355 381.169
299 5.51254e-08 0.036 380.991
299 5.51254e-08 0.0365 380.811
299 5.51254e-08 0.037 380.616
299 5.51254e-08 0.0375 380.449
299 5.51254e-08 0.038 380.239
299 5.51254e-08 0.0385 380.019
299 5.51254e-08 0.039 379.775
299 5.51254e-08 0.0395 379.562
299 5.51254e-08 0.04 379.323
299 5.51254e-08 0.0405 379.092
299 5.51254e-08 0.041 378.842
299 5.51254e-08 0.0415 378.618
299 5.51254e-08 0.042 378.393
299 5.51254e-08 0.0425 378.171
299 5.51254e-08 0.043 377.947
299 5.51254e-08 0.0435 377.702
299 5.51254e-08 0.044 377.519
299 5.51254e-08 0.0445 377.32
299 5.51254e-08 0.045 377.142
299 5.51254e-08 0.0455 376.955
299 5.51254e-08 0.046 376.764
299 5.51254e-08 0.0465 376.547
299 5.51254e-08 0.047 376.301
299 5.51254e-08 0.0475 376.072
299 5.51254e-08 0.048 375.809
299 5.51254e-08 0.0485 375.568
299 5.51254e-08 0.049 375.348
299 5.51254e-08 0.0495 375.116
299 5.51254e-08 0.05 374.839
299 5.51254e-08 0.0505 374.624
299 5.51254e-08 0.051 374.432
299 5.51254e-08 0.0515 374.252
299 5.51254e-08 0.052 374.017
299 5.51254e-08 0.0525 373.826
299 5.51254e-08 0.053 373.638
299 5.51254e-08 0.0535 373.427
299 5.51254e-08 0.054 373.211
299 5.51254e-08 0.0545 372.953
299 5.51254e-08 0.055 372.706
299 5.51254e-08 0.0555 372.482
299 5.51254e-08 0.056 372.238
299 5.51254e-08 0.0565 371.991
299 5.51254e-08 0.057 371.78
299 5.51254e-08 0.0575 371.567
299 5.51254e-08 0.058 371.291
299 5.51254e-08 0.0585 371.069
299 5.51254e-08 0.059 370.893
299 5.51254e-08 0.0595 370.647
299 5.51254e-08 0.06 370.359
299 5.51254e-08 0.0605 370.133
299 5.51254e-08 0.061 369.903
299 5.51254e-08 0.0615 369.695
299 5.51254e-08 0.062 369.446
299 5.51254e-08 0.0625 369.225
299 5.51254e-08 0.063 369.015
299 5.51254e-08 0.0635 368.794
299 5.51254e-08 0.064 368.555
299 5.51254e-08 0.0645 368.34
299 5.51254e-08 0.065 368.119
299 5.51254e-08 0.0655 367.861
299 5.51254e-08 0.066 367.599
299 5.51254e-08 0.0665 367.414
299 5.51254e-08 0.067 367.178
299 5.51254e-08 0.0675 366.965
299 5.51254e-08 0.068 366.745
299 5.51254e-08 0.0685 366.473
299 5.51254e-08 0.069 366.23
299 5.51254e-08 0.0695 366.014
299 5.51254e-08 0.07 365.801
299 5.51254e-08 0.0705 365.572
299 5.51254e-08 0.071 365.35
299 5.51254e-08 0.0715 365.127
299 5.51254e-08 0.072 364.907
299 5.51254e-08 0.0725 364.702
299 5.51254e-08 0.073 364.457
299 5.51254e-08 0.0735 364.189
299 5.51254e-08 0.074 363.94
299 5.51254e-08 0.0745 363.682
299 5.51254e-08 0.075 363.411
299 5.51254e-08 0.0755 363.184
299 5.51254e-08 0.076 362.967
299 5.51254e-08 0.0765 362.79
299 5.51254e-08 0.077 362.545
299 5.51254e-08 0.0775 362.269
299 5.51254e-08 0.078 362.043
299 5.51254e-08 0.0785 361.845
299 5.51254e-08 0.079 361.597
299 5.51254e-08 0.0795 361.388
299 5.51254e-08 0.08 361.129
299 5.51254e-08 0.0805 360.858
299 5.51254e-08 0.081 360.637
299 5.51254e-08 0.0815 360.388
299 5.51254e-08 0.082 360.134
299 5.51254e-08 0.0825 359.891
299 5.51254e-08 0.083 359.677
299 5.51254e-08 0.0835 359.469
299 5.51254e-08 0.084 359.251
299 5.51254e-08 0.0845 358.984
299 5.51254e-08 0.085 119.603
299 5.51254e-08 0.0855 0
299 5.51254e-08 0.086 0
299 5.51254e-08 0.0865 0
299 5.51254e-08 0.087 0
299 5.51254e-08 0.0875 0
299 5.51254e-08 0.088 0
299 5.51254e-08 0.0885 0
299 5.51254e-08 0.089 0
299 5.51254e-08 0.0895 0
299 5.51254e-08 0.09 0
299 5.51254e-08 0.0905 0
299 5.51254e-08 0.091 0
299 5.51254e-08 0.0915 0
299 5.51254e-08 0.092 0
299 5.51254e-08 0.0925 0
299 5.51254e-08 0.093 0
299 5.51254e-08 0.0935 0
299 5.51254e-08 0.094 0
299 5.51254e-08 0.0945 0
299 5.51254e-08 0.095 0
324 5.97345e-08 0 0
324 5.97345e-08 0.0005 0
324 5.97345e-08 0.001 0
324 5.97345e-08 0.0015 0
324 5.97345e-08 0.002 0
324 5.97345e-08 0.0025 0
324 5.97345e-08 0.003 0
324 5.97345e-08 0.0035 0
324 5.97345e-08 0.004 0
324 5.97345e-08 0.0045 0
324 5.97345e-08 0.005 0
324 5.97345e-08 0.0055 0
324 5.97345e-08 0.006 0
324 5.97345e-08 0.0065 0
324 5.97345e-08 0.007 0
324 5.97345e-08 0.0075 0
324 5.97345e-08 0.008 0
324 5.97345e-08 0.0085 0
324 5.97345e-08 0.009 0
324 5.97345e-08 0.0095 0
324 5.97345e-08 0.01 -15073.8
324 5.97345e-08 0.0105 -571.163
324 5.97345e-08 0.011 -571.323
324 5.97345e-08 0.0115 -571.516
324 5.97345e-08 0.012 -571.722
324 5.97345e-08 0.0125 -571.882
324 5.97345e-08 0.013 -571.998
324 5.97345e-08 0.0135 -572.143
324 5.97345e-08 0.014 -572.35
324 5.97345e-08 0.0145 -572.516
324 5.97345e-08 0.015 -572.7
324 5.97345e-08 0.0155 -572.912
324 5.97345e-08 0.016 -573.089
324 5.97345e-08 0.0165 -573.203
324 5.97345e-08 0.017 -573.365
324 5.97345e-08 0.0175 -573.509
324 5.97345e-08 0.018 -573.694
324 5.97345e-08 0.0185 -573.839
324 5.97345e-08 0.019 -574
324 5.97345e-08 0.0195 -574.194
324 5.97345e-08 0.02 -574.365
324 5.97345e-08 0.0205 -574.571
324 5.97345e-08 0.021 -574.704
324 5.97345e-08 0.0215 -574.844
324 5.97345e-08 0.022 -575.03
324 5.97345e-08 0.0225 -575.191
324 5.97345e-08 0.023 -575.324
324 5.97345e-08 0.0235 -575.497
324 5.97345e-08 0.024 -575.662
324 5.97345e-08 0.0245 -575.847
324 5.97345e-08 0.025 -575.966
324 5.97345e-08 0.0255 -576.143
324 5.97345e-08 0.026 -576.346
324 5.97345e-08 0.0265 -576.512
324 5.97345e-08 0.027 -576.686
324 5.97345e-08 0.0275 -576.959
324 5.97345e-08 0.028 -577.149
324 5.97345e-08 0.0285 -577.368
324 5.97345e-08 0.029 -577.559
324 5.97345e-08 0.0295 -577.725
324 5.97345e-08 0.03 -577.923
324 5.97345e-08 0.0305 -578.137
324 5.97345e-08 0.031 -578.333
324 5.97345e-08 0.0315 -578.513
324 5.97345e-08 0.032 -578.695
324 5.97345e-08 0.0325 -578.912
324 5.97345e-08 0.033 -579.149
324 5.97345e-08 0.0335 -579.332
324 5.97345e-08 0.034 -579.52
324 5.97345e-08 0.0345 -579.708
324 5.97345e-08 0.035 -579.891
324 5.97345e-08 0.0355 -580.032
324 5.97345e-08 0.036 -580.206
324 5.97345e-08 0.0365 -580.354
324 5.97345e-08 0.037 -580.553
324 5.97345e-08 0.0375 -580.739
324 5.97345e-08 0.038 -580.919
324 5.97345e-08 0.0385 -581.127
324 5.97345e-08 0.039 -581.369
324 5.97345e-08 0.0395 -581.583
324 5.97345e-08 0.04 -581.835
324 5.97345e-08 0.0405 -582.028
324 5.97345e-08 0.041 -582.262
324 5.97345e-08 0.0415 -582.488
324 5.97345e-08 0.042 -582.71
324 5.97345e-08 0.0425 -582.921
324 5.97345e-08 0.043 -583.173
324 5.97345e-08 0.0435 -583.426
324 5.97345e-08 0.044 -583.599
324 5.97345e-08 0.0445 -583.807
324 5.97345e-08 0.045 -583.977
324 5.97345e-08 0.0455 -584.18
324 5.97345e-08 0.046 -584.388
324 5.97345e-08 0.0465 -584.589
324 5.97345e-08 0.047 -584.846
324 5.97345e-08 0.0475 -585.067
324 5.97345e-08 0.048 -585.323
324 5.97345e-08 0.0485 -585.582
324 5.97345e-08 0.049 -585.825
324 5.97345e-08 0.0495 -586.074
324 5.97345e-08 0.05 -586.351
324 5.97345e-08 0.0505 -586.578
324 5.97345e-08 0.051 -586.78
324 5.97345e-08 0.0515 -586.963
324 5.97345e-08 0.052 -587.226
324 5.97345e-08 0.0525 -587.435
324 5.97345e-08 0.053 -587.644
324 5.97345e-08 0.0535 -587.884
324 5.97345e-08 0.054 -588.119
324 5.97345e-08 0.0545 -588.388
324 5.97345e-08 0.055 -588.636
324 5.97345e-08 0.0555 -588.856
324 5.97345e-08 0.056 -589.106
324 5.97345e-08 0.0565 -589.367
324 5.97345e-08 0.057 -589.588
324 5.97345e-08 0.0575 -589.808
324 5.97345e-08 0.058 -590.091
324 5.97345e-08 0.0585 -590.307
324 5.97345e-08 0.059 -590.494
324 5.97345e-08 0.0595 -590.756
324 5.97345e-08 0.06 -591.033
324 5.97345e-08 0.0605 -591.275
324 5.97345e-08 0.061 -591.522
324 5.97345e-08 0.0615 -591.73
324 5.97345e-08 0.062 -591.979
324 5.97345e-08 0.0625 -592.196
324 5.97345e-08 0.063 -592.396
324 5.97345e-08 0.0635 -592.633
324 5.97345e-08 0.064 -592.878
324 5.97345e-08 0.0645 -593.106
324 5.97345e-08 0.065 -593.335
324 5.97345e-08 0.0655 -593.586
324 5.97345e-08 0.066 -593.857
324 5.97345e-08 0.0665 -594.041
324 5.97345e-08 0.067 -594.28
324 5.97345e-08 0.0675 -594.52
324 5.97345e-08 0.068 -594.75
324 5.97345e-08 0.0685 -595.021
324 5.97345e-08 0.069 -595.266
324 5.97345e-08 0.0695 -595.501
324 5.97345e-08 0.07 -595.723
324 5.97345e-08 0.0705 -595.962
324 5.97345e-08 0.071 -596.199
324 5.97345e-08 0.0715 -596.441
324 5.97345e-08 0.072 -596.676
324 5.97345e-08 0.0725 -596.896
324 5.97345e-08 0.073 -597.163
324 5.97345e-08 0.0735 -597.43
324 5.97345e-08 0.074 -597.689
324 5.97345e-08 0.0745 -597.949
324 5.97345e-08 0.075 -598.234
324 5.97345e-08 0.0755 -598.466
324 5.97345e-08 0.076 -598.69
324 5.97345e-08 0.0765 -598.867
324 5.97345e-08 0.077 -599.109
324 5.97345e-08 0.0775 -599.39
324 5.97345e-08 0.078 -599.609
324 5.97345e-08 0.0785 -599.802
324 5.97345e-08 0.079 -600.056
324 5.97345e-08 0.0795 -600.288
324 5.97345e-08 0.08 -600.546
324 5.97345e-08 0.0805 -600.813
324 5.97345e-08 0.081 -601.04
324 5.97345e-08 0.0815 -601.301
324 5.97345e-08 0.082 -601.558
324 5.97345e-08 0.0825 -601.803
324 5.97345e-08 0.083 -602.022
324 5.97345e-08 0.0835 -602.236
324 5.97345e-08 0.084 -602.445
324 5.97345e-08 0.0845 -602.716
324 5.97345e-08 0.085 -200.963
324 5.97345e-08 0.0855 0
324 5.97345e-08 0.086 0
324 5.97345e-08 0.0865 0
324 5.97345e-08 0.087 0
324 5.97345e-08 0.0875 0
324 5.97345e-08 0.088 0
324 5.97345e-08 0.0885 0
324 5.97345e-08 0.089 0
324 5.97345e-08 0.0895 0
324 5.97345e-08 0.09 0
324 5.97345e-08 0.0905 0
324 5.97345e-08 0.091 0
324 5.97345e-08 0.0915 0
324 5.97345e-08 0.092 0
324 5.97345e-08 0.0925 0
324 5.97345e-08 0.093 0
324 5.97345e-08 0.0935 0
324 5.97345e-08 0.094 0
324 5.97345e-08 0.0945 0
324 5.97345e-08 0.095 0
349 6.43437e-08 0 0
349 6.43437e-08 0.0005 0
349 6.43437e-08 0.001 0
349 6.43437e-08 0.0015 0
349 6.43437e-08 0.002 0
349 6.43437e-08 0.0025 0
349 6.43437e-08 0.003 0
349 6.43437e-08 0.0035 0
349 6.43437e-08 0.004 0
349 6.43437e-08 0.0045 0
349 6.43437e-08 0.005 0
349 6.43437e-08 0.0055 0
349 6.43437e-08 0.006 0
349 6.43437e-08 0.0065 0
349 6.43437e-08 0.007 0
349 6.43437e-08 0.0075 0
349 6.43437e-08 0.008 0
349 6.43437e-08 0.0085 0
349 6.43437e-08 0.009 0
349 6.43437e-08 0.0095 0
349 6.43437e-08 0.01 -25563.4
349 6.43437e-08 0.0105 -978.094
349 6.43437e-08 0.011 -978.251
349 6.43437e-08 0.0115 -978.425
349 6.43437e-08 0.012 -978.632
349 6.43437e-08 0.0125 -978.778
349 6.43437e-08 0.013 -978.915
349 6.43437e-08 0.0135 -979.077
349 6.43437e-08 0.014 -979.318
349 6.43437e-08 0.0145 -979.463
349 6.43437e-08 0.015 -979.641
349 6.43437e-08 0.0155 -979.838
349 6.43437e-08 0.016 -980.023
349 6.43437e-08 0.0165 -980.166
349 6.43437e-08 0.017 -980.355
349 6.43437e-08 0.0175 -980.539
349 6.43437e-08 0.018 -980.715
349 6.43437e-08 0.0185 -980.873
349 6.43437e-08 0.019 -981.076
349 6.43437e-08 0.0195 -981.307
349 6.43437e-08 0.02 -981.534
349 6.43437e-08 0.0205 -981.763
349 6.43437e-08 0.021 -981.939
349 6.43437e-08 0.0215 -982.102
349 6.43437e-08 0.022 -982.33
349 6.43437e-08 0.0225 -982.526
349 6.43437e-08 0.023 -982.695
349 6.43437e-08 0.0235 -982.862
349 6.43437e-08 0.024 -982.976
349 6.43437e-08 0.0245 -983.121
349 6.43437e-08 0.025 -983.253
349 6.43437e-08 0.0255 -983.475
349 6.43437e-08 0.026 -983.691
349 6.43437e-08 0.0265 -983.88
349 6.43437e-08 0.027 -984.083
349 6.43437e-08 0.0275 -984.389
349 6.43437e-08 0.028 -984.628
349 6.43437e-08 0.0285 -984.869
349 6.43437e-08 0.029 -985.071
349 6.43437e-08 0.0295 -985.231
349 6.43437e-08 0.03 -985.409
349 6.43437e-08 0.0305 -985.583
349 6.43437e-08 0.031 -985.757
349 6.43437e-08 0.0315 -985.909
349 6.43437e-08 0.032 -986.088
349 6.43437e-08 0.0325 -986.299
349 6.43437e-08 0.033 -986.523
349 6.43437e-08 0.0335 -986.689
349 6.43437e-08 0.034 -986.896
349 6.43437e-08 0.0345 -987.088
349 6.43437e-08 0.035 -987.29
349 6.43437e-08 0.0355 -987.419
349 6.43437e-08 0.036 -987.607
349 6.43437e-08 0.0365 -987.776
349 6.43437e-08 0.037 -987.958
349 6.43437e-08 0.0375 -988.104
349 6.43437e-08 0.038 -988.295
349 6.43437e-08 0.0385 -988.504
349 6.43437e-08 0.039 -988.746
349 6.43437e-08 0.0395 -988.95
349 6.43437e-08 0.04 -989.209
349 6.43437e-08 0.0405 -989.442
349 6.43437e-08 0.041 -989.676
349 6.43437e-08 0.0415 -989.905
349 6.43437e-08 0.042 -990.135
349 6.43437e-08 0.0425 -990.329
349 6.43437e-08 0.043 -990.57
349 6.43437e-08 0.0435 -990.834
349 6.43437e-08 0.044 -991.017
349 6.43437e-08 0.0445 -991.244
349 6.43437e-08 0.045 -991.43
349 6.43437e-08 0.0455 -991.632
349 6.43437e-08 0.046 -991.845
349 6.43437e-08 0.0465 -992.04
349 6.43437e-08 0.047 -992.283
349 6.43437e-08 0.0475 -992.514
349 6.43437e-08 0.048 -992.779
349 6.43437e-08 0.0485 -993.027
349 6.43437e-08 0.049 -993.243
349 6.43437e-08 0.0495 -993.484
349 6.43437e-08 0.05 -993.765
349 6.43437e-08 0.0505 -993.997
349 6.43437e-08 0.051 -994.188
349 6.43437e-08 0.0515 -994.369
349 6.43437e-08 0.052 -994.61
349 6.43437e-08 0.0525 -994.8
349 6.43437e-08 0.053 -995.01
349 6.43437e-08 0.0535 -995.25
349 6.43437e-08 0.054 -995.492
349 6.43437e-08 0.0545 -995.764
349 6.43437e-08 0.055 -996.01
349 6.43437e-08 0.0555 -996.225
349 6.43437e-08 0.056 -996.472
349 6.43437e-08 0.0565 -996.739
349 6.43437e-08 0.057 -996.97
349 6.43437e-08 0.0575 -997.176
349 6.43437e-08 0.058 -997.47
349 6.43437e-08 0.0585 -997.719
349 6.43437e-08 0.059 -997.909
349 6.43437e-08 0.0595 -998.167
349 6.43437e-08 0.06 -998.462
349 6.43437e-08 0.0605 -998.702
349 6.43437e-08 0.061 -998.956
349 6.43437e-08 0.0615 -999.169
349 6.43437e-08 0.062 -999.423
349 6.43437e-08 0.0625 -999.655
349 6.43437e-08 0.063 -999.881
349 6.43437e-08 0.0635 -1000.11
349 6.43437e-08 0.064 -1000.37
349 6.43437e-08 0.0645 -1000.59
349 6.43437e-08 0.065 -1000.81
349 6.43437e-08 0.0655 -1001.09
349 6.43437e-08 0.066 -1001.38
349 6.43437e-08 0.0665 -1001.57
349 6.43437e-08 0.067 -1001.8
349 6.43437e-08 0.0675 -1002.03
349 6.43437e-08 0.068 -1002.26
349 6.43437e-08 0.0685 -1002.53
349 6.43437e-08 0.069 -1002.78
349 6.43437e-08 0.0695 -1003.01
349 6.43437e-08 0.07 -1003.24
349 6.43437e-08 0.0705 -1003.49
349 6.43437e-08 0.071 -1003.73
349 6.43437e-08 0.0715 -1003.98
349 6.43437e-08 0.072 -1004.21
349 6.43437e-08 0.0725 -1004.43
349 6.43437e-08 0.073 -1004.69
349 6.43437e-08 0.0735 -1004.96
349 6.43437e-08 0.074 -1005.24
349 6.43437e-08 0.0745 -1005.5
349 6.43437e-08 0.075 -1005.77
349 6.43437e-08 0.0755 -1006
349 6.43437e-08 0.076 -1006.21
349 6.43437e-08 0.0765 -1006.39
349 6.43437e-08 0.077 -1006.64
349 6.43437e-08 0.0775 -1006.91
349 6.43437e-08 0.078 -1007.15
349 6.43437e-08 0.0785 -1007.35
349 6.43437e-08 0.079 -1007.6
349 6.43437e-08 0.0795 -1007.83
349 6.43437e-08 0.08 -1008.09
349 6.43437e-08 0.0805 -1008.36
349 6.43437e-08 0.081 -1008.58
349 6.43437e-08 0.0815 -1008.85
349 6.43437e-08 0.082 -1009.11
349 6.43437e-08 0.0825 -1009.36
349 6.43437e-08 0.083 -1009.6
349 6.43437e-08 0.0835 -1009.82
349 6.43437e-08 0.084 -1010.04
349 6.43437e-08 0.0845 -1010.3
349 6.43437e-08 0.085 -336.823
349 6.43437e-08 0.0855 0
349 6.43437e-08 0.086 0
349 6.43437e-08 0.0865 0
349 6.43437e-08 0.087 0
349 6.43437e-08 0.0875 0
349 6.43437e-08 0.088 0
349 6.43437e-08 0.0885 0
349 6.43437e-08 0.089 0
349 6.43437e-08 0.0895 0
349 6.43437e-08 0.09 0
349 6.43437e-08 0.0905 0
349 6.43437e-08 0.091 0
349 6.43437e-08 0.0915 0
349 6.43437e-08 0.092 0
349 6.43437e-08 0.0925 0
349 6.43437e-08 0.093 0
349 6.43437e-08 0.0935 0
349 6.43437e-08 0.094 0
349 6.43437e-08 0.0945 0
349 6.43437e-08 0.095 0
374 6.89528e-08 0 0
374 6.89528e-08 0.0005 0
374 6.89528e-08 0.001 0
374 6.89528e-08 0.0015 0
374 6.89528e-08 0.002 0
374 6.89528e-08 0.0025 0
374 6.89528e-08 0.003 0
374 6.89528e-08 0.0035 0
374 6.89528e-08 0.004 0
374 6.89528e-08 0.0045 0
374 6.89528e-08 0.005 0
374 6.89528e-08 0.0055 0
374 6.89528e-08 0.006 0
374 6.89528e-08 0.0065 0
374 6.89528e-08 0.007 0
374 6.89528e-08 0.0075 0
374 6.89528e-08 0.008 0
374 6.89528e-08 0.0085 0
374 6.89528e-08 0.009 0
374 6.89528e-08 0.0095 0
374 6.89528e-08 0.01 -15230
374 6.89528e-08 0.0105 -576.599
374 6.89528e-08 0.011 -576.77
374 6.89528e-08 0.0115 -576.945
374 6.89528e-08 0.012 -577.162
374 6.89528e-08 0.0125 -577.327
374 6.89528e-08 0.013 -577.478
374 6.89528e-08 0.0135 -577.651
374 6.89528e-08 0.014 -577.885
374 6.89528e-08 0.0145 -578.014
374 6.89528e-08 0.015 -578.192
374 6.89528e-08 0.0155 -578.385
374 6.89528e-08 0.016 -578.57
374 6.89528e-08 0.0165 -578.699
374 6.89528e-08 0.017 -578.895
374 6.89528e-08 0.0175 -579.085
374 6.89528e-08 0.018 -579.276
374 6.89528e-08 0.0185 -579.402
374 6.89528e-08 0.019 -579.589
374 6.89528e-08 0.0195 -579.817
374 6.89528e-08 0.02 -580.04
374 6.89528e-08 0.0205 -580.275
374 6.89528e-08 0.021 -580.428
374 6.89528e-08 0.0215 -580.593
374 6.89528e-08 0.022 -580.83
374 6.89528e-08 0.0225 -581.068
374 6.89528e-08 0.023 -581.245
374 6.89528e-08 0.0235 -581.422
374 6.89528e-08 0.024 -581.58
374 6.89528e-08 0.0245 -581.788
374 6.89528e-08 0.025 -581.991
374 6.89528e-08 0.0255 -582.235
374 6.89528e-08 0.026 -582.431
374 6.89528e-08 0.0265 -582.61
374 6.89528e-08 0.027 -582.803
374 6.89528e-08 0.0275 -583.065
374 6.89528e-08 0.028 -583.271
374 6.89528e-08 0.0285 -583.51
374 6.89528e-08 0.029 -583.737
374 6.89528e-08 0.0295 -583.921
374 6.89528e-08 0.03 -584.123
374 6.89528e-08 0.0305 -584.342
374 6.89528e-08 0.031 -584.516
374 6.89528e-08 0.0315 -584.685
374 6.89528e-08 0.032 -584.882
374 6.89528e-08 0.0325 -585.091
374 6.89528e-08 0.033 -585.307
374 6.89528e-08 0.0335 -585.497
374 6.89528e-08 0.034 -585.706
374 6.89528e-08 0.0345 -585.906
374 6.89528e-08 0.035 -586.099
374 6.89528e-08 0.0355 -586.238
374 6.89528e-08 0.036 -586.44
374 6.89528e-08 0.0365 -586.613
374 6.89528e-08 0.037 -586.79
374 6.89528e-08 0.0375 -586.975
374 6.89528e-08 0.038 -587.177
374 6.89528e-08 0.0385 -587.402
374 6.89528e-08 0.039 -587.643
374 6.89528e-08 0.0395 -587.85
374 6.89528e-08 0.04 -588.086
374 6.89528e-08 0.0405 -588.307
374 6.89528e-08 0.041 -588.538
374 6.89528e-08 0.0415 -588.769
374 6.89528e-08 0.042 -588.992
374 6.89528e-08 0.0425 -589.186
374 6.89528e-08 0.043 -589.431
374 6.89528e-08 0.0435 -589.688
374 6.89528e-08 0.044 -589.883
374 6.89528e-08 0.0445 -590.118
374 6.89528e-08 0.045 -590.304
374 6.89528e-08 0.0455 -590.486
374 6.89528e-08 0.046 -590.675
374 6.89528e-08 0.0465 -590.873
374 6.89528e-08 0.047 -591.132
374 6.89528e-08 0.0475 -591.347
374 6.89528e-08 0.048 -591.595
374 6.89528e-08 0.0485 -591.826
374 6.89528e-08 0.049 -592.038
374 6.89528e-08 0.0495 -592.289
374 6.89528e-08 0.05 -592.567
374 6.89528e-08 0.0505 -592.792
374 6.89528e-08 0.051 -593
374 6.89528e-08 0.0515 -593.191
374 6.89528e-08 0.052 -593.436
374 6.89528e-08 0.0525 -593.638
374 6.89528e-08 0.053 -593.833
374 6.89528e-08 0.0535 -594.072
374 6.89528e-08 0.054 -594.295
374 6.89528e-08 0.0545 -594.55
374 6.89528e-08 0.055 -594.806
374 6.89528e-08 0.0555 -595.035
374 6.89528e-08 0.056 -595.273
374 6.89528e-08 0.0565 -595.521
374 6.89528e-08 0.057 -595.751
374 6.89528e-08 0.0575 -595.977
374 6.89528e-08 0.058 -596.274
374 6.89528e-08 0.0585 -596.499
374 6.89528e-08 0.059 -596.672
374 6.89528e-08 0.0595 -596.915
374 6.89528e-08 0.06 -597.189
374 6.89528e-08 0.0605 -597.428
374 6.89528e-08 0.061 -597.665
374 6.89528e-08 0.0615 -597.895
374 6.89528e-08 0.062 -598.159
374 6.89528e-08 0.0625 -598.372
374 6.89528e-08 0.063 -598.6
374 6.89528e-08 0.0635 -598.847
374 6.89528e-08 0.064 -599.105
374 6.89528e-08 0.0645 -599.316
374 6.89528e-08 0.065 -599.547
374 6.89528e-08 0.0655 -599.805
374 6.89528e-08 0.066 -600.075
374 6.89528e-08 0.0665 -600.267
374 6.89528e-08 0.067 -600.507
374 6.89528e-08 0.0675 -600.751
374 6.89528e-08 0.068 -600.986
374 6.89528e-08 0.0685 -601.277
374 6.89528e-08 0.069 -601.532
374 6.89528e-08 0.0695 -601.759
374 6.89528e-08 0.07 -601.956
374 6.89528e-08 0.0705 -602.199
374 6.89528e-08 0.071 -602.438
374 6.89528e-08 0.0715 -602.688
374 6.89528e-08 0.072 -602.933
374 6.89528e-08 0.0725 -603.136
374 6.89528e-08 0.073 -603.381
374 6.89528e-08 0.0735 -603.641
374 6.89528e-08 0.074 -603.904
374 6.89528e-08 0.0745 -604.16
374 6.89528e-08 0.075 -604.43
374 6.89528e-08 0.0755 -604.658
374 6.89528e-08 0.076 -604.87
374 6.89528e-08 0.0765 -605.067
374 6.89528e-08 0.077 -605.321
374 6.89528e-08 0.0775 -605.59
374 6.89528e-08 0.078 -605.811
374 6.89528e-08 0.0785 -605.993
374 6.89528e-08 0.079 -606.243
374 6.89528e-08 0.0795 -606.467
374 6.89528e-08 0.08 -606.715
374 6.89528e-08 0.0805 -606.989
374 6.89528e-08 0.081 -607.22
374 6.89528e-08 0.0815 -607.464
374 6.89528e-08 0.082 -607.709
374 6.89528e-08 0.0825 -607.959
374 6.89528e-08 0.083 -608.171
374 6.89528e-08 0.0835 -608.386
374 6.89528e-08 0.084 -608.603
374 6.89528e-08 0.0845 -608.865
374 6.89528e-08 0.085 -203.012
374 6.89528e-08 0.0855 0
374 6.89528e-08 0.086 0
374 6.89528e-08 0.0865 0
374 6.89528e-08 0.087 0
374 6.89528e-08 0.0875 0
374 6.89528e-08 0.088 0
374 6.89528e-08 0.0885 0
374 6.89528e-08 0.089 0
374 6.89528e-08 0.0895 0
374 6.89528e-08 0.09 0
374 6.89528e-08 0.0905 0
374 6.89528e-08 0.091 0
374 6.89528e-08 0.0915 0
374 6.89528e-08 0.092 0
374 6.89528e-08 0.0925 0
374 6.89528e-08 0.093 0
374 6.89528e-08 0.0935 0
374 6.89528e-08 0.094 0
374 6.89528e-08 0.0945 0
374 6.89528e-08 0.095 0
399 7.35619e-08 0 0
399 7.35619e-08 0.0005 0
399 7.35619e-08 0.001 0
399 7.35619e-08 0.0015 0
399 7.35619e-08 0.002 0
399 7.35619e-08 0.0025 0
399 7.35619e-08 0.003 0
399 7.35619e-08 0.0035 0
399 7.35619e-08 0.004 0
399 7.35619e-08 0.0045 0
399 7.35619e-08 0.005 0
399 7.35619e-08 0.0055 0
399 7.35619e-08 0.006 0
399 7.35619e-08 0.0065 0
399 7.35619e-08 0.007 0
399 7.35619e-08 0.0075 0
399 7.35619e-08 0.008 0
399 7.35619e-08 0.0085 0
399 7.35619e-08 0.009 0
399 7.35619e-08 0.0095 0
399 7.35619e-08 0.01 10290.3
399 7.35619e-08 0.0105 414.882
399 7.35619e-08 0.011 414.673
399 7.35619e-08 0.0115 414.457
399 7.35619e-08 0.012 414.234
399 7.35619e-08 0.0125 414.053
399 7.35619e-08 0.013 413.869
399 7.35619e-08 0.0135 413.687
399 7.35619e-08 0.014 413.449
399 7.35619e-08 0.0145 413.298
399 7.35619e-08 0.015 413.105
399 7.35619e-08 0.0155 412.887
399 7.35619e-08 0.016 412.691
399 7.35619e-08 0.0165 412.54
399 7.35619e-08 0.017 412.314
399 7.35619e-08 0.0175 412.115
399 7.35619e-08 0.018 411.91
399 7.35619e-08 0.0185 411.754
399 7.35619e-08 0.019 411.547
399 7.35619e-08 0.0195 411.334
399 7.35619e-08 0.02 411.103
399 7.35619e-08 0.0205 410.883
399 7.35619e-08 0.021 410.71
399 7.35619e-08 0.0215 410.531
399 7.35619e-08 0.022 410.288
399 7.35619e-08 0.0225 410.059
399 7.35619e-08 0.023 409.884
399 7.35619e-08 0.0235 409.717
399 7.35619e-08 0.024 409.557
399 7.35619e-08 0.0245 409.363
399 7.35619e-08 0.025 409.197
399 7.35619e-08 0.0255 408.975
399 7.35619e-08 0.026 408.771
399 7.35619e-08 0.0265 408.574
399 7.35619e-08 0.027 408.356
399 7.35619e-08 0.0275 408.082
399 7.35619e-08 0.028 407.861
399 7.35619e-08 0.0285 407.619
399 7.35619e-08 0.029 407.405
399 7.35619e-08 0.0295 407.226
399 7.35619e-08 0.03 407.01
399 7.35619e-08 0.0305 406.792
399 7.35619e-08 0.031 406.588
399 7.35619e-08 0.0315 406.411
399 7.35619e-08 0.032 406.212
399 7.35619e-08 0.0325 406.003
399 7.35619e-08 0.033 405.78
399 7.35619e-08 0.0335 405.578
399 7.35619e-08 0.034 405.366
399 7.35619e-08 0.0345 405.169
399 7.35619e-08 0.035 404.961
399 7.35619e-08 0.0355 404.809
399 7.35619e-08 0.036 404.609
399 7.35619e-08 0.0365 404.423
399 7.35619e-08 0.037 404.224
399 7.35619e-08 0.0375 404.039
399 7.35619e-08 0.038 403.83
399 7.35619e-08 0.0385 403.618
399 7.35619e-08 0.039 403.355
399 7.35619e-08 0.0395 403.143
399 7.35619e-08 0.04 402.909
399 7.35619e-08 0.0405 402.703
399 7.35619e-08 0.041 402.454
399 7.35619e-08 0.0415 402.227
399 7.35619e-08 0.042 401.998
399 7.35619e-08 0.0425 401.779
399 7.35619e-08 0.043 401.531
399 7.35619e-08 0.0435 401.265
399 7.35619e-08 0.044 401.069
399 7.35619e-08 0.0445 400.847
399 7.35619e-08 0.045 400.666
399 7.35619e-08 0.0455 400.487
399 7.35619e-08 0.046 400.287
399 7.35619e-08 0.0465 400.088
399 7.35619e-08 0.047 399.826
399 7.35619e-08 0.0475 399.605
399 7.35619e-08 0.048 399.332
399 7.35619e-08 0.0485 399.078
399 7.35619e-08 0.049 398.856
399 7.35619e-08 0.0495 398.621
399 7.35619e-08 0.05 398.334
399 7.35619e-08 0.0505 398.106
399 7.35619e-08 0.051 397.909
399 7.35619e-08 0.0515 397.718
399 7.35619e-08 0.052 397.463
399 7.35619e-08 0.0525 397.265
399 7.35619e-08 0.053 397.082
399 7.35619e-08 0.0535 396.846
399 7.35619e-08 0.054 396.61
399 7.35619e-08 0.0545 396.335
399 7.35619e-08 0.055 396.074
399 7.35619e-08 0.0555 395.836
399 7.35619e-08 0.056 395.592
399 7.35619e-08 0.0565 395.343
399 7.35619e-08 0.057 395.13
399 7.35619e-08 0.0575 394.919
399 7.35619e-08 0.058 394.626
399 7.35619e-08 0.0585 394.395
399 7.35619e-08 0.059 394.232
399 7.35619e-08 0.0595 393.993
399 7.35619e-08 0.06 393.708
399 7.35619e-08 0.0605 393.474
399 7.35619e-08 0.061 393.235
399 7.35619e-08 0.0615 393.015
399 7.35619e-08 0.062 392.769
399 7.35619e-08 0.0625 392.55
399 7.35619e-08 0.063 392.352
399 7.35619e-08 0.0635 392.124
399 7.35619e-08 0.064 391.874
399 7.35619e-08 0.0645 391.654
399 7.35619e-08 0.065 391.436
399 7.35619e-08 0.0655 391.187
399 7.35619e-08 0.066 390.913
399 7.35619e-08 0.0665 390.735
399 7.35619e-08 0.067 390.518
399 7.35619e-08 0.0675 390.295
399 7.35619e-08 0.068 390.065
399 7.35619e-08 0.0685 389.796
399 7.35619e-08 0.069 389.538
399 7.35619e-08 0.0695 389.322
399 7.35619e-08 0.07 389.118
399 7.35619e-08 0.0705 388.872
399 7.35619e-08 0.071 388.62
399 7.35619e-08 0.0715 388.376
399 7.35619e-08 0.072 388.131
399 7.35619e-08 0.0725 387.906
399 7.35619e-08 0.073 387.659
399 7.35619e-08 0.0735 387.38
399 7.35619e-08 0.074 387.112
399 7.35619e-08 0.0745 386.873
399 7.35619e-08 0.075 386.602
399 7.35619e-08 0.0755 386.372
399 7.35619e-08 0.076 386.171
399 7.35619e-08 0.0765 386.005
399 7.35619e-08 0.077 385.771
399 7.35619e-08 0.0775 385.501
399 7.35619e-08 0.078 385.306
399 7.35619e-08 0.0785 385.135
399 7.35619e-08 0.079 384.885
399 7.35619e-08 0.0795 384.658
399 7.35619e-08 0.08 384.414
399 7.35619e-08 0.0805 384.154
399 7.35619e-08 0.081 383.943
399 7.35619e-08 0.0815 383.716
399 7.35619e-08 0.082 383.466
399 7.35619e-08 0.0825 383.213
399 7.35619e-08 0.083 383.001
399 7.35619e-08 0.0835 382.798
399 7.35619e-08 0.084 382.596
399 7.35619e-08 0.0845 382.342
399 7.35619e-08 0.085 127.392
399 7.35619e-08 0.0855 0
399 7.35619e-08 0.086 0
399 7.35619e-08 0.0865 0
399 7.35619e-08 0.087 0
399 7.35619e-08 0.0875 0
399 7.35619e-08 0.088 0
399 7.35619e-08 0.0885 0
399 7.35619e-08 0.089 0
399 7.35619e-08 0.0895 0
399 7.35619e-08 0.09 0
399 7.35619e-08 0.0905 0
399 7.35619e-08 0.091 0
399 7.35619e-08 0.0915 0
399 7.35619e-08 0.092 0
399 7.35619e-08 0.0925 0
399 7.35619e-08 0.093 0
399 7.35619e-08 0.0935 0
399 7.35619e-08 0.094 0
399 7.35619e-08 0.0945 0
399 7.35619e-08 0.095 0
