Iteration / Neutral Density / Excited Density / Ion Density / Electron Density
24 7.25662e+19 3.61608e+15 5.43085e+14 5.37328e+14
49 7.26785e+19 3.61201e+15 5.43085e+14 5.16582e+14
74 7.27681e+19 3.60825e+15 5.43085e+14 4.91655e+14
99 7.28443e+19 3.60492e+15 5.43085e+14 4.90731e+14
124 7.29114e+19 3.60153e+15 5.42922e+14 4.9046e+14
149 7.29718e+19 3.59839e+15 5.42922e+14 4.90731e+14
174 7.3027e+19 3.59535e+15 5.42705e+14 4.90949e+14
199 7.30781e+19 3.59236e+15 5.4265e+14 4.90894e+14
224 7.31258e+19 3.58945e+15 5.42324e+14 4.91057e+14
249 7.31706e+19 3.58673e+15 5.42216e+14 4.90351e+14
274 7.32129e+19 3.58419e+15 5.42161e+14 4.9046e+14
299 7.32531e+19 3.58144e+15 5.42053e+14 4.90677e+14
324 7.32914e+19 3.57901e+15 5.41999e+14 4.91003e+14
349 7.3328e+19 3.57676e+15 5.41727e+14 4.91057e+14
374 7.33631e+19 3.57449e+15 5.41564e+14 4.90894e+14
399 7.33969e+19 3.57239e+15 5.41401e+14 4.91383e+14
424 7.34294e+19 3.57038e+15 5.40804e+14 4.91763e+14
449 7.34608e+19 3.56836e+15 5.40369e+14 4.92035e+14
474 7.34912e+19 3.56611e+15 5.40261e+14 4.91437e+14
499 7.35207e+19 3.56406e+15 5.39881e+14 4.91872e+14
524 7.35493e+19 3.56182e+15 5.39337e+14 4.9198e+14
549 7.3577e+19 3.55973e+15 5.3912e+14 4.92143e+14
574 7.36041e+19 3.55773e+15 5.3874e+14 4.92469e+14
599 7.36304e+19 3.55559e+15 5.38306e+14 4.92632e+14
624 7.3656e+19 3.55365e+15 5.37328e+14 4.93067e+14
649 7.36811e+19 3.55178e+15 5.36839e+14 4.89102e+14
674 7.37056e+19 3.55e+15 5.36296e+14 4.88831e+14
699 7.37295e+19 3.54819e+15 5.36025e+14 4.89374e+14
724 7.37529e+19 3.5463e+15 5.35373e+14 4.90297e+14
749 7.37758e+19 3.54454e+15 5.34884e+14 4.90514e+14
774 7.37983e+19 3.54269e+15 5.34287e+14 4.90894e+14
799 7.38203e+19 3.54092e+15 5.33744e+14 4.91383e+14
824 7.38419e+19 3.53923e+15 5.33092e+14 4.9122e+14
849 7.38631e+19 3.5375e+15 5.32712e+14 4.89591e+14
874 7.38839e+19 3.53579e+15 5.32223e+14 4.88722e+14
899 7.39044e+19 3.53421e+15 5.31789e+14 4.88668e+14
924 7.39245e+19 3.53248e+15 5.3092e+14 4.89428e+14
949 7.39443e+19 3.53099e+15 5.30485e+14 4.89699e+14
974 7.39637e+19 3.52931e+15 5.29833e+14 4.9008e+14
999 7.39829e+19 3.52774e+15 5.29453e+14 4.90568e+14
1024 7.40017e+19 3.52652e+15 5.29019e+14 4.90677e+14
1049 7.40203e+19 3.52488e+15 5.28367e+14 4.84214e+14
1074 7.40386e+19 3.52342e+15 5.27715e+14 4.82314e+14
1099 7.40567e+19 3.52198e+15 5.27118e+14 4.82531e+14
1124 7.40745e+19 3.5206e+15 5.26521e+14 4.82802e+14
1149 7.4092e+19 3.51924e+15 5.2614e+14 4.83128e+14
1174 7.41093e+19 3.51773e+15 5.25815e+14 4.83291e+14
1199 7.41264e+19 3.51623e+15 5.2538e+14 4.83834e+14
1224 7.41433e+19 3.51497e+15 5.24783e+14 4.83345e+14
1249 7.416e+19 3.51377e+15 5.24131e+14 4.81336e+14
1274 7.41764e+19 3.51226e+15 5.23642e+14 4.80576e+14
1299 7.41927e+19 3.51092e+15 5.23099e+14 4.80413e+14
1324 7.42088e+19 3.50938e+15 5.22448e+14 4.80467e+14
1349 7.42247e+19 3.50774e+15 5.21796e+14 4.80793e+14
1374 7.42404e+19 3.50628e+15 5.21307e+14 4.81173e+14
1399 7.42559e+19 3.50472e+15 5.20927e+14 4.8177e+14
1424 7.42713e+19 3.50328e+15 5.20438e+14 4.8139e+14
1449 7.42865e+19 3.5019e+15 5.19841e+14 4.76448e+14
1474 7.43015e+19 3.50043e+15 5.19569e+14 4.74602e+14
1499 7.43164e+19 3.49896e+15 5.18917e+14 4.74765e+14
1524 7.43311e+19 3.49767e+15 5.18266e+14 4.75199e+14
1549 7.43457e+19 3.49639e+15 5.17994e+14 4.75416e+14
1574 7.43601e+19 3.49502e+15 5.17723e+14 4.75742e+14
1599 7.43744e+19 3.49376e+15 5.1718e+14 4.76122e+14
1624 7.43886e+19 3.49245e+15 5.16745e+14 4.75416e+14
1649 7.44026e+19 3.49105e+15 5.16148e+14 4.73027e+14
1674 7.44165e+19 3.4896e+15 5.15713e+14 4.72104e+14
1699 7.44302e+19 3.48815e+15 5.15442e+14 4.72266e+14
1724 7.44439e+19 3.48678e+15 5.14627e+14 4.72647e+14
1749 7.44574e+19 3.48541e+15 5.1441e+14 4.7281e+14
1774 7.44708e+19 3.48416e+15 5.14138e+14 4.73244e+14
1799 7.44841e+19 3.48313e+15 5.13867e+14 4.73624e+14
1824 7.44973e+19 3.48178e+15 5.13432e+14 4.72972e+14
1849 7.45104e+19 3.48045e+15 5.12944e+14 4.69334e+14
1874 7.45233e+19 3.47917e+15 5.12455e+14 4.68248e+14
1899 7.45362e+19 3.4778e+15 5.11912e+14 4.68193e+14
1924 7.45489e+19 3.4767e+15 5.11531e+14 4.68519e+14
1949 7.45616e+19 3.4754e+15 5.11151e+14 4.69062e+14
1974 7.45741e+19 3.47431e+15 5.10771e+14 4.69225e+14
1999 7.45866e+19 3.47313e+15 5.10445e+14 4.69388e+14
2024 7.4599e+19 3.47206e+15 5.10065e+14 4.69171e+14
2049 7.46112e+19 3.47089e+15 5.09739e+14 4.65967e+14
2074 7.46234e+19 3.46979e+15 5.09359e+14 4.64935e+14
2099 7.46355e+19 3.46852e+15 5.0887e+14 4.65098e+14
2124 7.46475e+19 3.46721e+15 5.0849e+14 4.65206e+14
2149 7.46594e+19 3.46607e+15 5.08056e+14 4.65478e+14
2174 7.46712e+19 3.46471e+15 5.07676e+14 4.65587e+14
2199 7.4683e+19 3.46348e+15 5.07187e+14 4.66075e+14
2224 7.46947e+19 3.4623e+15 5.06807e+14 4.65749e+14
2249 7.47063e+19 3.46118e+15 5.06427e+14 4.62762e+14
2274 7.47178e+19 3.46001e+15 5.06209e+14 4.61459e+14
2299 7.47292e+19 3.45891e+15 5.05883e+14 4.61568e+14
2324 7.47406e+19 3.45775e+15 5.05232e+14 4.61676e+14
2349 7.47519e+19 3.45644e+15 5.04852e+14 4.61785e+14
2374 7.47631e+19 3.45541e+15 5.04308e+14 4.62274e+14
2399 7.47743e+19 3.45432e+15 5.03711e+14 4.62545e+14
2424 7.47854e+19 3.45325e+15 5.03277e+14 4.62219e+14
2449 7.47965e+19 3.45196e+15 5.03005e+14 4.5945e+14
2474 7.48074e+19 3.45078e+15 5.02353e+14 4.58092e+14
2499 7.48184e+19 3.44972e+15 5.01973e+14 4.58038e+14
2524 7.48292e+19 3.44856e+15 5.01376e+14 4.58364e+14
2549 7.484e+19 3.44739e+15 5.00941e+14 4.58418e+14
2574 7.48507e+19 3.44639e+15 5.00615e+14 4.58526e+14
2599 7.48614e+19 3.44535e+15 5.0029e+14 4.58526e+14
2624 7.4872e+19 3.4442e+15 4.99747e+14 4.57875e+14
2649 7.48826e+19 3.44317e+15 4.99203e+14 4.56354e+14
2674 7.48931e+19 3.44214e+15 4.98878e+14 4.54779e+14
2699 7.49035e+19 3.44096e+15 4.98769e+14 4.54671e+14
2724 7.49139e+19 3.43989e+15 4.98552e+14 4.54779e+14
2749 7.49242e+19 3.43861e+15 4.98172e+14 4.54996e+14
2774 7.49345e+19 3.43744e+15 4.979e+14 4.54996e+14
2799 7.49447e+19 3.43627e+15 4.97683e+14 4.55214e+14
2824 7.49548e+19 3.43506e+15 4.97031e+14 4.55051e+14
2849 7.49649e+19 3.43385e+15 4.96325e+14 4.53747e+14
2874 7.4975e+19 3.43286e+15 4.95999e+14 4.52444e+14
2899 7.4985e+19 3.43161e+15 4.95673e+14 4.52661e+14
2924 7.4995e+19 3.43058e+15 4.95239e+14 4.52987e+14
2949 7.50049e+19 3.42949e+15 4.94913e+14 4.5315e+14
2974 7.50148e+19 3.42842e+15 4.94316e+14 4.53259e+14
2999 7.50246e+19 3.42729e+15 4.9399e+14 4.53313e+14
3024 7.50344e+19 3.42627e+15 4.93773e+14 4.52824e+14
3049 7.50442e+19 3.4251e+15 4.93338e+14 4.50489e+14
3074 7.50539e+19 3.42415e+15 4.93121e+14 4.49348e+14
3099 7.50635e+19 3.42309e+15 4.92849e+14 4.49403e+14
3124 7.50731e+19 3.4222e+15 4.92469e+14 4.49566e+14
3149 7.50827e+19 3.42099e+15 4.9198e+14 4.49674e+14
3174 7.50922e+19 3.41989e+15 4.91546e+14 4.49946e+14
3199 7.51017e+19 3.41879e+15 4.91166e+14 4.50054e+14
3224 7.51112e+19 3.41792e+15 4.90677e+14 4.50054e+14
3249 7.51206e+19 3.41688e+15 4.90243e+14 4.47991e+14
3274 7.513e+19 3.41574e+15 4.90134e+14 4.4685e+14
3299 7.51393e+19 3.41476e+15 4.89862e+14 4.46904e+14
3324 7.51486e+19 3.41368e+15 4.89537e+14 4.47122e+14
3349 7.51578e+19 3.41266e+15 4.89048e+14 4.47393e+14
3374 7.51671e+19 3.41154e+15 4.8845e+14 4.47556e+14
3399 7.51762e+19 3.41042e+15 4.88287e+14 4.47773e+14
3424 7.51854e+19 3.40947e+15 4.87853e+14 4.47556e+14
3449 7.51945e+19 3.40846e+15 4.87527e+14 4.45981e+14
3474 7.52036e+19 3.40741e+15 4.87364e+14 4.44243e+14
3499 7.52126e+19 3.40635e+15 4.87038e+14 4.44243e+14
3524 7.52216e+19 3.40525e+15 4.86767e+14 4.44352e+14
3549 7.52306e+19 3.40415e+15 4.8655e+14 4.44406e+14
3574 7.52395e+19 3.40306e+15 4.86332e+14 4.44515e+14
3599 7.52484e+19 3.40197e+15 4.86115e+14 4.44895e+14
3624 7.52573e+19 3.40093e+15 4.85572e+14 4.44841e+14
3649 7.52661e+19 3.40001e+15 4.85355e+14 4.42723e+14
3674 7.52749e+19 3.39909e+15 4.84975e+14 4.41908e+14
3699 7.52837e+19 3.39818e+15 4.84649e+14 4.42017e+14
3724 7.52924e+19 3.39716e+15 4.84269e+14 4.42071e+14
3749 7.53011e+19 3.39614e+15 4.83943e+14 4.42125e+14
3774 7.53098e+19 3.39518e+15 4.83563e+14 4.42234e+14
3799 7.53185e+19 3.39411e+15 4.834e+14 4.42288e+14
3824 7.53271e+19 3.39311e+15 4.83074e+14 4.4218e+14
3849 7.53357e+19 3.39205e+15 4.82748e+14 4.4055e+14
3874 7.53442e+19 3.39094e+15 4.82422e+14 4.39681e+14
3899 7.53528e+19 3.39005e+15 4.82151e+14 4.39518e+14
3924 7.53613e+19 3.389e+15 4.81988e+14 4.39518e+14
3949 7.53698e+19 3.388e+15 4.81445e+14 4.39681e+14
3974 7.53782e+19 3.38707e+15 4.81173e+14 4.39736e+14
3999 7.53867e+19 3.38597e+15 4.80847e+14 4.40007e+14
4024 7.53951e+19 3.38499e+15 4.80521e+14 4.3979e+14
4049 7.54034e+19 3.38389e+15 4.80196e+14 4.37998e+14
4074 7.54118e+19 3.38292e+15 4.79978e+14 4.37183e+14
4099 7.54201e+19 3.38183e+15 4.79815e+14 4.37238e+14
4124 7.54284e+19 3.38086e+15 4.79381e+14 4.37292e+14
4149 7.54367e+19 3.38e+15 4.79109e+14 4.37292e+14
4174 7.54449e+19 3.37919e+15 4.78566e+14 4.37292e+14
4199 7.54531e+19 3.37844e+15 4.78512e+14 4.37292e+14
4224 7.54613e+19 3.37754e+15 4.78186e+14 4.374e+14
4249 7.54695e+19 3.37669e+15 4.77969e+14 4.3588e+14
4274 7.54777e+19 3.37573e+15 4.77317e+14 4.35282e+14
4299 7.54858e+19 3.37488e+15 4.76991e+14 4.35445e+14
4324 7.54939e+19 3.37382e+15 4.7672e+14 4.35445e+14
4349 7.5502e+19 3.37277e+15 4.76448e+14 4.355e+14
4374 7.55101e+19 3.37182e+15 4.76177e+14 4.35717e+14
4399 7.55181e+19 3.37099e+15 4.75851e+14 4.36043e+14
4424 7.55261e+19 3.37015e+15 4.75742e+14 4.35934e+14
4449 7.55341e+19 3.36916e+15 4.75579e+14 4.34468e+14
4474 7.55421e+19 3.36812e+15 4.75145e+14 4.3349e+14
4499 7.555e+19 3.36724e+15 4.74765e+14 4.33436e+14
4524 7.5558e+19 3.36647e+15 4.74493e+14 4.33382e+14
4549 7.55659e+19 3.36565e+15 4.74276e+14 4.33436e+14
4574 7.55737e+19 3.36478e+15 4.7395e+14 4.3349e+14
4599 7.55816e+19 3.36402e+15 4.7357e+14 4.33653e+14
4624 7.55895e+19 3.36321e+15 4.73298e+14 4.33653e+14
4649 7.55973e+19 3.36218e+15 4.73081e+14 4.32458e+14
4674 7.56051e+19 3.36137e+15 4.72755e+14 4.31481e+14
4699 7.56129e+19 3.36041e+15 4.72321e+14 4.31698e+14
4724 7.56207e+19 3.35949e+15 4.71995e+14 4.31861e+14
4749 7.56284e+19 3.35859e+15 4.71669e+14 4.31861e+14
4774 7.56362e+19 3.35757e+15 4.71398e+14 4.32241e+14
4799 7.56439e+19 3.35667e+15 4.7118e+14 4.32404e+14
4824 7.56516e+19 3.35582e+15 4.71072e+14 4.32404e+14
4849 7.56592e+19 3.35486e+15 4.70583e+14 4.3072e+14
4874 7.56669e+19 3.35402e+15 4.7042e+14 4.30232e+14
4899 7.56745e+19 3.35313e+15 4.70311e+14 4.30177e+14
4924 7.56822e+19 3.35223e+15 4.70203e+14 4.30232e+14
4949 7.56897e+19 3.35123e+15 4.7004e+14 4.30286e+14
4974 7.56973e+19 3.3504e+15 4.69768e+14 4.30286e+14
4999 7.57049e+19 3.34946e+15 4.6966e+14 4.30395e+14
5024 7.57124e+19 3.34852e+15 4.69442e+14 4.30449e+14
5049 7.57199e+19 3.34758e+15 4.69225e+14 4.29363e+14
5074 7.57274e+19 3.34665e+15 4.68899e+14 4.2844e+14
5099 7.57349e+19 3.34572e+15 4.68628e+14 4.28494e+14
5124 7.57424e+19 3.34479e+15 4.68411e+14 4.28548e+14
5149 7.57498e+19 3.34391e+15 4.68139e+14 4.28657e+14
5174 7.57572e+19 3.34299e+15 4.67922e+14 4.28928e+14
5199 7.57647e+19 3.34201e+15 4.67596e+14 4.29037e+14
5224 7.57721e+19 3.34108e+15 4.67324e+14 4.28983e+14
5249 7.57794e+19 3.34027e+15 4.67161e+14 4.27679e+14
5274 7.57868e+19 3.33952e+15 4.66944e+14 4.26973e+14
5299 7.57942e+19 3.3386e+15 4.66727e+14 4.27299e+14
5324 7.58015e+19 3.33763e+15 4.66455e+14 4.27462e+14
5349 7.58088e+19 3.33671e+15 4.66075e+14 4.27462e+14
5374 7.58161e+19 3.33586e+15 4.65804e+14 4.27625e+14
5399 7.58234e+19 3.335e+15 4.65532e+14 4.27788e+14
5424 7.58307e+19 3.33426e+15 4.65315e+14 4.27788e+14
5449 7.5838e+19 3.33351e+15 4.64881e+14 4.26267e+14
5474 7.58452e+19 3.33277e+15 4.64663e+14 4.25833e+14
5499 7.58525e+19 3.33193e+15 4.64337e+14 4.26104e+14
5524 7.58597e+19 3.33103e+15 4.6412e+14 4.26104e+14
5549 7.58669e+19 3.33024e+15 4.64012e+14 4.2605e+14
5574 7.58741e+19 3.32935e+15 4.63794e+14 4.26213e+14
5599 7.58813e+19 3.3284e+15 4.63631e+14 4.26213e+14
5624 7.58885e+19 3.32767e+15 4.63469e+14 4.26213e+14
5649 7.58956e+19 3.32684e+15 4.63414e+14 4.24909e+14
5674 7.59027e+19 3.32611e+15 4.63251e+14 4.24203e+14
5699 7.59098e+19 3.32533e+15 4.62817e+14 4.24366e+14
5724 7.5917e+19 3.3244e+15 4.626e+14 4.24421e+14
5749 7.5924e+19 3.32362e+15 4.62382e+14 4.24312e+14
5774 7.59311e+19 3.32296e+15 4.62165e+14 4.24421e+14
5799 7.59382e+19 3.32225e+15 4.61894e+14 4.24529e+14
5824 7.59453e+19 3.32137e+15 4.61513e+14 4.24366e+14
5849 7.59523e+19 3.32061e+15 4.61296e+14 4.23497e+14
5874 7.59593e+19 3.31979e+15 4.61133e+14 4.22846e+14
5899 7.59664e+19 3.31886e+15 4.60753e+14 4.22737e+14
5924 7.59734e+19 3.31821e+15 4.60264e+14 4.22846e+14
5949 7.59804e+19 3.31756e+15 4.6021e+14 4.229e+14
5974 7.59874e+19 3.3167e+15 4.59993e+14 4.22954e+14
5999 7.59944e+19 3.31584e+15 4.59776e+14 4.23117e+14
6024 7.60013e+19 3.31503e+15 4.5945e+14 4.23389e+14
6049 7.60083e+19 3.31428e+15 4.59341e+14 4.22303e+14
6074 7.60152e+19 3.31342e+15 4.5907e+14 4.21868e+14
6099 7.60222e+19 3.31267e+15 4.58907e+14 4.22031e+14
6124 7.60291e+19 3.31204e+15 4.58689e+14 4.2214e+14
6149 7.6036e+19 3.31124e+15 4.58364e+14 4.22194e+14
6174 7.60429e+19 3.31039e+15 4.58092e+14 4.22303e+14
6199 7.60498e+19 3.30959e+15 4.57875e+14 4.22303e+14
6224 7.60567e+19 3.30885e+15 4.57603e+14 4.22248e+14
6249 7.60635e+19 3.308e+15 4.57277e+14 4.21217e+14
6274 7.60704e+19 3.30727e+15 4.57114e+14 4.20999e+14
6299 7.60772e+19 3.30659e+15 4.56897e+14 4.21108e+14
6324 7.60841e+19 3.30575e+15 4.56626e+14 4.21054e+14
6349 7.60909e+19 3.30523e+15 4.56354e+14 4.21054e+14
6374 7.60977e+19 3.30434e+15 4.56245e+14 4.21108e+14
6399 7.61045e+19 3.30345e+15 4.55865e+14 4.21162e+14
6424 7.61113e+19 3.30272e+15 4.55757e+14 4.21217e+14
6449 7.61181e+19 3.30195e+15 4.55431e+14 4.2051e+14
6474 7.61249e+19 3.30111e+15 4.55159e+14 4.20022e+14
6499 7.61316e+19 3.30039e+15 4.54888e+14 4.19967e+14
6524 7.61384e+19 3.29967e+15 4.54725e+14 4.20022e+14
6549 7.61451e+19 3.29879e+15 4.54508e+14 4.20022e+14
6574 7.61519e+19 3.29802e+15 4.54399e+14 4.20076e+14
6599 7.61586e+19 3.29725e+15 4.5429e+14 4.20076e+14
6624 7.61653e+19 3.29643e+15 4.54073e+14 4.20076e+14
6649 7.6172e+19 3.29566e+15 4.53693e+14 4.19316e+14
6674 7.61787e+19 3.29489e+15 4.5353e+14 4.18936e+14
6699 7.61854e+19 3.29413e+15 4.53476e+14 4.1899e+14
6724 7.61921e+19 3.29331e+15 4.53204e+14 4.19153e+14
6749 7.61987e+19 3.29255e+15 4.53096e+14 4.19261e+14
6774 7.62054e+19 3.29185e+15 4.52987e+14 4.19316e+14
6799 7.6212e+19 3.29109e+15 4.52987e+14 4.19261e+14
6824 7.62186e+19 3.29028e+15 4.52335e+14 4.1937e+14
6849 7.62253e+19 3.28947e+15 4.52009e+14 4.18501e+14
6874 7.62319e+19 3.28866e+15 4.51738e+14 4.17904e+14
6899 7.62385e+19 3.28796e+15 4.51575e+14 4.17958e+14
6924 7.62451e+19 3.28727e+15 4.51358e+14 4.17958e+14
6949 7.62517e+19 3.28652e+15 4.5114e+14 4.17958e+14
6974 7.62583e+19 3.28588e+15 4.51086e+14 4.18012e+14
6999 7.62649e+19 3.28518e+15 4.5076e+14 4.18175e+14
7024 7.62714e+19 3.2846e+15 4.50706e+14 4.18284e+14
7049 7.6278e+19 3.28397e+15 4.50434e+14 4.17958e+14
7074 7.62846e+19 3.28317e+15 4.5038e+14 4.17361e+14
7099 7.62911e+19 3.28254e+15 4.50163e+14 4.17415e+14
7124 7.62976e+19 3.28191e+15 4.49946e+14 4.17578e+14
7149 7.63042e+19 3.28138e+15 4.49837e+14 4.17632e+14
7174 7.63107e+19 3.2807e+15 4.49837e+14 4.17686e+14
7199 7.63172e+19 3.27997e+15 4.4962e+14 4.17686e+14
7224 7.63237e+19 3.27918e+15 4.49457e+14 4.17849e+14
7249 7.63301e+19 3.2785e+15 4.49403e+14 4.17306e+14
7274 7.63366e+19 3.27771e+15 4.49185e+14 4.17035e+14
7299 7.63431e+19 3.27692e+15 4.49077e+14 4.17143e+14
7324 7.63495e+19 3.27625e+15 4.4886e+14 4.17361e+14
7349 7.6356e+19 3.27562e+15 4.48751e+14 4.17306e+14
7374 7.63624e+19 3.27495e+15 4.48642e+14 4.17361e+14
7399 7.63688e+19 3.27411e+15 4.48154e+14 4.17741e+14
7424 7.63753e+19 3.27344e+15 4.47991e+14 4.18012e+14
7449 7.63817e+19 3.27299e+15 4.47719e+14 4.17035e+14
7474 7.63881e+19 3.27216e+15 4.47502e+14 4.16818e+14
7499 7.63945e+19 3.2716e+15 4.47448e+14 4.16926e+14
7524 7.64009e+19 3.27083e+15 4.4723e+14 4.16926e+14
7549 7.64073e+19 3.27005e+15 4.47176e+14 4.17089e+14
7574 7.64137e+19 3.26934e+15 4.47013e+14 4.17143e+14
7599 7.642e+19 3.26868e+15 4.46959e+14 4.17198e+14
7624 7.64264e+19 3.26801e+15 4.46741e+14 4.17306e+14
7649 7.64328e+19 3.26725e+15 4.46633e+14 4.16926e+14
7674 7.64391e+19 3.26648e+15 4.46416e+14 4.16112e+14
7699 7.64454e+19 3.26593e+15 4.46253e+14 4.16057e+14
7724 7.64518e+19 3.26522e+15 4.46035e+14 4.16166e+14
7749 7.64581e+19 3.26468e+15 4.45981e+14 4.16274e+14
7774 7.64644e+19 3.26414e+15 4.45873e+14 4.16329e+14
7799 7.64707e+19 3.26332e+15 4.45438e+14 4.16492e+14
7824 7.6477e+19 3.26289e+15 4.45275e+14 4.16492e+14
7849 7.64833e+19 3.26219e+15 4.45221e+14 4.1622e+14
7874 7.64896e+19 3.26148e+15 4.45167e+14 4.15786e+14
7899 7.64959e+19 3.26073e+15 4.45004e+14 4.15894e+14
7924 7.65021e+19 3.26008e+15 4.44895e+14 4.16057e+14
7949 7.65084e+19 3.25939e+15 4.44841e+14 4.16112e+14
7974 7.65146e+19 3.25874e+15 4.44786e+14 4.16166e+14
7999 7.65209e+19 3.25799e+15 4.44406e+14 4.16383e+14
8024 7.65271e+19 3.25719e+15 4.44406e+14 4.16437e+14
8049 7.65334e+19 3.25666e+15 4.44243e+14 4.15949e+14
8074 7.65396e+19 3.25618e+15 4.43972e+14 4.15623e+14
8099 7.65458e+19 3.2556e+15 4.43809e+14 4.1584e+14
8124 7.6552e+19 3.25518e+15 4.43646e+14 4.16003e+14
8149 7.65582e+19 3.2546e+15 4.43537e+14 4.16112e+14
8174 7.65644e+19 3.25392e+15 4.43429e+14 4.16112e+14
8199 7.65706e+19 3.25334e+15 4.43157e+14 4.16329e+14
8224 7.65768e+19 3.25271e+15 4.42994e+14 4.16437e+14
8249 7.6583e+19 3.25218e+15 4.42831e+14 4.16112e+14
8274 7.65891e+19 3.25156e+15 4.42723e+14 4.15786e+14
8299 7.65953e+19 3.25082e+15 4.42451e+14 4.16003e+14
8324 7.66015e+19 3.25014e+15 4.42397e+14 4.16112e+14
8349 7.66076e+19 3.24951e+15 4.42288e+14 4.16166e+14
8374 7.66138e+19 3.24883e+15 4.4218e+14 4.16166e+14
8399 7.66199e+19 3.24826e+15 4.41799e+14 4.16437e+14
8424 7.6626e+19 3.24759e+15 4.41636e+14 4.16763e+14
8449 7.66322e+19 3.24702e+15 4.41311e+14 4.16166e+14
8474 7.66383e+19 3.24629e+15 4.41039e+14 4.15731e+14
8499 7.66444e+19 3.24567e+15 4.40768e+14 4.16057e+14
8524 7.66505e+19 3.24511e+15 4.40605e+14 4.16003e+14
8549 7.66567e+19 3.24454e+15 4.40387e+14 4.16112e+14
8574 7.66628e+19 3.24393e+15 4.40387e+14 4.16166e+14
8599 7.66689e+19 3.24337e+15 4.40333e+14 4.16329e+14
8624 7.6675e+19 3.24291e+15 4.40279e+14 4.16437e+14
8649 7.66811e+19 3.24225e+15 4.40224e+14 4.15677e+14
8674 7.66871e+19 3.24147e+15 4.39844e+14 4.15188e+14
8699 7.66932e+19 3.24081e+15 4.3979e+14 4.15351e+14
8724 7.66993e+19 3.24009e+15 4.39681e+14 4.15406e+14
8749 7.67053e+19 3.23959e+15 4.39518e+14 4.15514e+14
8774 7.67114e+19 3.23898e+15 4.3941e+14 4.15677e+14
8799 7.67174e+19 3.23832e+15 4.39356e+14 4.15786e+14
8824 7.67235e+19 3.23771e+15 4.39138e+14 4.1584e+14
8849 7.67295e+19 3.23716e+15 4.39084e+14 4.15731e+14
8874 7.67356e+19 3.2365e+15 4.38758e+14 4.15188e+14
8899 7.67416e+19 3.23595e+15 4.38595e+14 4.15188e+14
8924 7.67476e+19 3.2354e+15 4.38487e+14 4.15406e+14
8949 7.67536e+19 3.23469e+15 4.38324e+14 4.15623e+14
8974 7.67596e+19 3.23436e+15 4.38161e+14 4.15731e+14
8999 7.67657e+19 3.23387e+15 4.37726e+14 4.15786e+14
9024 7.67717e+19 3.23344e+15 4.37618e+14 4.15894e+14
9049 7.67777e+19 3.23278e+15 4.37455e+14 4.15623e+14
9074 7.67837e+19 3.23235e+15 4.37292e+14 4.14971e+14
9099 7.67897e+19 3.2317e+15 4.37129e+14 4.15243e+14
9124 7.67957e+19 3.23132e+15 4.37075e+14 4.15406e+14
9149 7.68017e+19 3.23073e+15 4.36857e+14 4.15568e+14
9174 7.68076e+19 3.23014e+15 4.3664e+14 4.15677e+14
9199 7.68136e+19 3.22982e+15 4.36586e+14 4.15894e+14
9224 7.68196e+19 3.22939e+15 4.36531e+14 4.16057e+14
9249 7.68255e+19 3.22891e+15 4.36477e+14 4.16057e+14
9274 7.68315e+19 3.22843e+15 4.36423e+14 4.15025e+14
9299 7.68374e+19 3.22768e+15 4.36151e+14 4.15188e+14
9324 7.68434e+19 3.2272e+15 4.36043e+14 4.15297e+14
9349 7.68493e+19 3.22662e+15 4.36043e+14 4.15351e+14
9374 7.68552e+19 3.22641e+15 4.3588e+14 4.15568e+14
9399 7.68612e+19 3.22577e+15 4.35771e+14 4.15731e+14
9424 7.68671e+19 3.2253e+15 4.35717e+14 4.1584e+14
9449 7.6873e+19 3.22477e+15 4.35663e+14 4.15949e+14
9474 7.68789e+19 3.22419e+15 4.35608e+14 4.15568e+14
9499 7.68848e+19 3.22377e+15 4.355e+14 4.15731e+14
9524 7.68907e+19 3.22325e+15 4.35337e+14 4.15786e+14
9549 7.68966e+19 3.22294e+15 4.35228e+14 4.15949e+14
9574 7.69025e+19 3.22242e+15 4.35174e+14 4.15894e+14
9599 7.69083e+19 3.22174e+15 4.35119e+14 4.16003e+14
9624 7.69142e+19 3.22149e+15 4.35011e+14 4.16492e+14
9649 7.69201e+19 3.22124e+15 4.34902e+14 4.16492e+14
9674 7.69259e+19 3.22072e+15 4.34794e+14 4.1584e+14
9699 7.69318e+19 3.22069e+15 4.34576e+14 4.15894e+14
9724 7.69376e+19 3.22023e+15 4.34522e+14 4.16112e+14
9749 7.69435e+19 3.21976e+15 4.34413e+14 4.16003e+14
9774 7.69493e+19 3.21925e+15 4.34305e+14 4.15568e+14
9799 7.69552e+19 3.21879e+15 4.34251e+14 4.15731e+14
9824 7.6961e+19 3.21849e+15 4.34088e+14 4.16003e+14
9849 7.69668e+19 3.21809e+15 4.34033e+14 4.16003e+14
9874 7.69726e+19 3.21801e+15 4.33925e+14 4.15894e+14
9899 7.69785e+19 3.2175e+15 4.33762e+14 4.16166e+14
9924 7.69843e+19 3.21709e+15 4.33545e+14 4.16274e+14
9949 7.69901e+19 3.21713e+15 4.33436e+14 4.14482e+14
9974 7.69959e+19 3.21689e+15 4.33436e+14 4.13776e+14
9999 7.70017e+19 3.21692e+15 4.33436e+14 4.13831e+14
10024 7.70075e+19 3.21685e+15 4.33327e+14 4.14428e+14
10049 7.70133e+19 3.21662e+15 4.33164e+14 4.1508e+14
10074 7.7019e+19 3.21611e+15 4.33056e+14 4.15623e+14
10099 7.70248e+19 3.21582e+15 4.32947e+14 4.15786e+14
10124 7.70306e+19 3.21586e+15 4.32947e+14 4.15894e+14
10149 7.70364e+19 3.21563e+15 4.32893e+14 4.12473e+14
10174 7.70421e+19 3.21535e+15 4.32839e+14 4.10789e+14
10199 7.70479e+19 3.21522e+15 4.32839e+14 4.10952e+14
10224 7.70536e+19 3.21537e+15 4.32784e+14 4.11821e+14
10249 7.70593e+19 3.21547e+15 4.3273e+14 4.12364e+14
10274 7.70651e+19 3.21541e+15 4.32567e+14 4.12744e+14
10299 7.70708e+19 3.21518e+15 4.32567e+14 4.13125e+14
10324 7.70765e+19 3.21501e+15 4.32458e+14 4.13613e+14
10349 7.70823e+19 3.21468e+15 4.32295e+14 4.10301e+14
10374 7.7088e+19 3.21434e+15 4.32187e+14 4.08182e+14
10399 7.70937e+19 3.21396e+15 4.3197e+14 4.08563e+14
10424 7.70994e+19 3.21422e+15 4.31915e+14 4.09106e+14
10449 7.71051e+19 3.214e+15 4.31807e+14 4.09323e+14
10474 7.71108e+19 3.21416e+15 4.31807e+14 4.09975e+14
10499 7.71165e+19 3.214e+15 4.31481e+14 4.10355e+14
10524 7.71222e+19 3.21383e+15 4.31264e+14 4.10626e+14
10549 7.71279e+19 3.21383e+15 4.30992e+14 4.08128e+14
10574 7.71336e+19 3.21356e+15 4.30883e+14 4.05956e+14
10599 7.71393e+19 3.2134e+15 4.30829e+14 4.06173e+14
10624 7.71449e+19 3.21318e+15 4.30666e+14 4.07096e+14
10649 7.71506e+19 3.21318e+15 4.30666e+14 4.07748e+14
10674 7.71563e+19 3.21308e+15 4.30612e+14 4.08237e+14
10699 7.7162e+19 3.21286e+15 4.30232e+14 4.08454e+14
10724 7.71676e+19 3.2127e+15 4.30014e+14 4.08726e+14
10749 7.71733e+19 3.2126e+15 4.2996e+14 4.05793e+14
10774 7.7179e+19 3.21244e+15 4.2996e+14 4.03295e+14
10799 7.71846e+19 3.21267e+15 4.29852e+14 4.03403e+14
10824 7.71903e+19 3.21262e+15 4.29689e+14 4.04218e+14
10849 7.71959e+19 3.21236e+15 4.29471e+14 4.04761e+14
10874 7.72016e+19 3.21215e+15 4.29254e+14 4.0525e+14
10899 7.72072e+19 3.21221e+15 4.29037e+14 4.05521e+14
10924 7.72129e+19 3.21206e+15 4.28928e+14 4.06173e+14
10949 7.72185e+19 3.21212e+15 4.28765e+14 4.03946e+14
10974 7.72242e+19 3.21181e+15 4.28494e+14 4.0172e+14
10999 7.72298e+19 3.21171e+15 4.28494e+14 4.01883e+14
11024 7.72355e+19 3.21167e+15 4.28385e+14 4.02534e+14
11049 7.72411e+19 3.21168e+15 4.28222e+14 4.03132e+14
11074 7.72467e+19 3.21148e+15 4.28114e+14 4.03403e+14
11099 7.72523e+19 3.21133e+15 4.28005e+14 4.03838e+14
11124 7.7258e+19 3.21151e+15 4.27951e+14 4.04055e+14
11149 7.72636e+19 3.2112e+15 4.27679e+14 4.01774e+14
11174 7.72692e+19 3.21089e+15 4.27571e+14 3.99276e+14
11199 7.72748e+19 3.21031e+15 4.27462e+14 3.99656e+14
11224 7.72804e+19 3.21017e+15 4.27299e+14 3.99873e+14
11249 7.7286e+19 3.2104e+15 4.27245e+14 4.00525e+14
11274 7.72917e+19 3.21015e+15 4.26973e+14 4.01068e+14
11299 7.72973e+19 3.21017e+15 4.26865e+14 4.01394e+14
11324 7.73029e+19 3.2097e+15 4.26865e+14 4.01774e+14
11349 7.73085e+19 3.20972e+15 4.26865e+14 3.99493e+14
11374 7.7314e+19 3.20931e+15 4.26865e+14 3.97266e+14
11399 7.73196e+19 3.20928e+15 4.26647e+14 3.97429e+14
11424 7.73252e+19 3.20909e+15 4.26593e+14 3.97918e+14
11449 7.73308e+19 3.20906e+15 4.26539e+14 3.9819e+14
11474 7.73364e+19 3.20897e+15 4.2643e+14 3.98624e+14
11499 7.73419e+19 3.20862e+15 4.2643e+14 3.99059e+14
11524 7.73475e+19 3.20827e+15 4.26322e+14 3.99004e+14
11549 7.73531e+19 3.20813e+15 4.26213e+14 3.97158e+14
11574 7.73586e+19 3.20789e+15 4.2605e+14 3.94986e+14
11599 7.73642e+19 3.20786e+15 4.2605e+14 3.95257e+14
11624 7.73697e+19 3.20756e+15 4.25778e+14 3.95366e+14
11649 7.73753e+19 3.20721e+15 4.25561e+14 3.95746e+14
11674 7.73808e+19 3.20724e+15 4.25507e+14 3.96072e+14
11699 7.73864e+19 3.20722e+15 4.25453e+14 3.96398e+14
11724 7.73919e+19 3.20709e+15 4.25398e+14 3.96615e+14
11749 7.73975e+19 3.20696e+15 4.25344e+14 3.94931e+14
11774 7.7403e+19 3.20666e+15 4.25235e+14 3.92759e+14
11799 7.74085e+19 3.20643e+15 4.25018e+14 3.93139e+14
11824 7.7414e+19 3.2063e+15 4.24964e+14 3.93411e+14
11849 7.74196e+19 3.20601e+15 4.24801e+14 3.93573e+14
11874 7.74251e+19 3.20588e+15 4.24747e+14 3.94171e+14
11899 7.74306e+19 3.20559e+15 4.24692e+14 3.94497e+14
11924 7.74361e+19 3.20519e+15 4.24638e+14 3.94768e+14
11949 7.74416e+19 3.20458e+15 4.24312e+14 3.93302e+14
11974 7.74472e+19 3.2044e+15 4.24203e+14 3.90532e+14
11999 7.74527e+19 3.20406e+15 4.24149e+14 3.90749e+14
12024 7.74582e+19 3.20388e+15 4.23769e+14 3.91184e+14
12049 7.74637e+19 3.20376e+15 4.23606e+14 3.91673e+14
12074 7.74692e+19 3.20363e+15 4.23497e+14 3.91944e+14
12099 7.74747e+19 3.20324e+15 4.2328e+14 3.92053e+14
12124 7.74802e+19 3.20312e+15 4.23226e+14 3.92216e+14
12149 7.74857e+19 3.20305e+15 4.23009e+14 3.90912e+14
12174 7.74912e+19 3.20283e+15 4.229e+14 3.88686e+14
12199 7.74967e+19 3.20249e+15 4.22791e+14 3.88686e+14
12224 7.75022e+19 3.20264e+15 4.22683e+14 3.89012e+14
12249 7.75077e+19 3.20242e+15 4.22574e+14 3.89392e+14
12274 7.75132e+19 3.20208e+15 4.2252e+14 3.89609e+14
12299 7.75187e+19 3.20191e+15 4.22466e+14 3.89935e+14
12324 7.75242e+19 3.20191e+15 4.22357e+14 3.90152e+14
12349 7.75296e+19 3.20174e+15 4.22085e+14 3.8912e+14
12374 7.75351e+19 3.2014e+15 4.2176e+14 3.87437e+14
12399 7.75406e+19 3.20102e+15 4.21705e+14 3.87871e+14
12424 7.75461e+19 3.20053e+15 4.21488e+14 3.88251e+14
12449 7.75516e+19 3.20047e+15 4.21217e+14 3.88523e+14
12474 7.7557e+19 3.20009e+15 4.21108e+14 3.89066e+14
12499 7.75625e+19 3.19976e+15 4.20945e+14 3.89229e+14
12524 7.7568e+19 3.19954e+15 4.20836e+14 3.89392e+14
12549 7.75735e+19 3.19927e+15 4.20619e+14 3.87437e+14
12574 7.75789e+19 3.19889e+15 4.2051e+14 3.85482e+14
12599 7.75844e+19 3.19856e+15 4.20293e+14 3.85644e+14
12624 7.75899e+19 3.19856e+15 4.20293e+14 3.86025e+14
12649 7.75953e+19 3.19818e+15 4.20239e+14 3.86242e+14
12674 7.76008e+19 3.19786e+15 4.20239e+14 3.86513e+14
12699 7.76063e+19 3.19781e+15 4.2013e+14 3.87056e+14
12724 7.76117e+19 3.19754e+15 4.20076e+14 3.87437e+14
12749 7.76172e+19 3.19727e+15 4.20022e+14 3.85862e+14
12774 7.76226e+19 3.19706e+15 4.19859e+14 3.83689e+14
12799 7.76281e+19 3.19652e+15 4.19642e+14 3.83852e+14
12824 7.76335e+19 3.19647e+15 4.19424e+14 3.8407e+14
12849 7.76389e+19 3.19604e+15 4.19261e+14 3.84287e+14
12874 7.76444e+19 3.19572e+15 4.19098e+14 3.84776e+14
12899 7.76498e+19 3.19546e+15 4.18827e+14 3.85101e+14
12924 7.76553e+19 3.1952e+15 4.18773e+14 3.85482e+14
12949 7.76607e+19 3.19526e+15 4.18555e+14 3.83146e+14
12974 7.76662e+19 3.19505e+15 4.18284e+14 3.81734e+14
12999 7.76716e+19 3.1949e+15 4.18067e+14 3.81843e+14
13024 7.76771e+19 3.19469e+15 4.17849e+14 3.82114e+14
13049 7.76825e+19 3.19443e+15 4.17415e+14 3.82712e+14
13074 7.7688e+19 3.19423e+15 4.17415e+14 3.83092e+14
13099 7.76934e+19 3.19397e+15 4.17306e+14 3.83689e+14
13124 7.76988e+19 3.19382e+15 4.17252e+14 3.8407e+14
13149 7.77043e+19 3.19351e+15 4.17035e+14 3.81517e+14
13174 7.77097e+19 3.19325e+15 4.16926e+14 3.79996e+14
13199 7.77152e+19 3.19305e+15 4.16655e+14 3.79942e+14
13224 7.77206e+19 3.19301e+15 4.166e+14 3.80322e+14
13249 7.7726e+19 3.19286e+15 4.16329e+14 3.80431e+14
13274 7.77315e+19 3.19244e+15 4.1622e+14 3.80702e+14
13299 7.77369e+19 3.19224e+15 4.16166e+14 3.80974e+14
13324 7.77423e+19 3.19205e+15 4.16057e+14 3.81245e+14
13349 7.77478e+19 3.19163e+15 4.15786e+14 3.79399e+14
13374 7.77532e+19 3.19132e+15 4.15786e+14 3.78259e+14
13399 7.77586e+19 3.19113e+15 4.15568e+14 3.78421e+14
13424 7.7764e+19 3.19071e+15 4.1546e+14 3.78802e+14
13449 7.77695e+19 3.19057e+15 4.15351e+14 3.79127e+14
13474 7.77749e+19 3.19037e+15 4.15134e+14 3.79562e+14
13499 7.77803e+19 3.19002e+15 4.14917e+14 3.79888e+14
13524 7.77858e+19 3.18988e+15 4.14808e+14 3.79888e+14
13549 7.77912e+19 3.18979e+15 4.14537e+14 3.78476e+14
13574 7.77966e+19 3.18938e+15 4.14428e+14 3.76955e+14
13599 7.7802e+19 3.18919e+15 4.14265e+14 3.76955e+14
13624 7.78075e+19 3.18894e+15 4.14156e+14 3.77227e+14
13649 7.78129e+19 3.1888e+15 4.14048e+14 3.77552e+14
13674 7.78183e+19 3.18861e+15 4.13885e+14 3.77824e+14
13699 7.78237e+19 3.18858e+15 4.13722e+14 3.78259e+14
13724 7.78291e+19 3.18845e+15 4.13505e+14 3.78476e+14
13749 7.78346e+19 3.18826e+15 4.13342e+14 3.76792e+14
13774 7.784e+19 3.18796e+15 4.1307e+14 3.75597e+14
13799 7.78454e+19 3.18783e+15 4.12799e+14 3.75815e+14
13824 7.78508e+19 3.18747e+15 4.12744e+14 3.76195e+14
13849 7.78562e+19 3.1874e+15 4.12581e+14 3.76792e+14
13874 7.78617e+19 3.1871e+15 4.12419e+14 3.77227e+14
13899 7.78671e+19 3.18697e+15 4.11984e+14 3.77607e+14
13924 7.78725e+19 3.18651e+15 4.11821e+14 3.77552e+14
13949 7.78779e+19 3.18616e+15 4.1155e+14 3.75163e+14
13974 7.78834e+19 3.18593e+15 4.11169e+14 3.73588e+14
13999 7.78888e+19 3.18552e+15 4.11007e+14 3.73642e+14
14024 7.78942e+19 3.18529e+15 4.10898e+14 3.7386e+14
14049 7.78997e+19 3.185e+15 4.10735e+14 3.7424e+14
14074 7.79051e+19 3.18476e+15 4.10681e+14 3.74566e+14
14099 7.79105e+19 3.18458e+15 4.10192e+14 3.75054e+14
14124 7.7916e+19 3.18429e+15 4.10029e+14 3.75272e+14
14149 7.79214e+19 3.18406e+15 4.10029e+14 3.73642e+14
14174 7.79268e+19 3.18426e+15 4.09975e+14 3.71796e+14
14199 7.79322e+19 3.18386e+15 4.09866e+14 3.71904e+14
14224 7.79377e+19 3.18384e+15 4.09649e+14 3.72339e+14
14249 7.79431e+19 3.18356e+15 4.09594e+14 3.72502e+14
14274 7.79485e+19 3.18333e+15 4.09486e+14 3.72773e+14
14299 7.79539e+19 3.1831e+15 4.09377e+14 3.73154e+14
14324 7.79593e+19 3.18292e+15 4.09214e+14 3.73805e+14
14349 7.79648e+19 3.18285e+15 4.08888e+14 3.72285e+14
14374 7.79702e+19 3.18241e+15 4.08726e+14 3.7071e+14
14399 7.79756e+19 3.18202e+15 4.08563e+14 3.7071e+14
14424 7.7981e+19 3.18184e+15 4.084e+14 3.71035e+14
14449 7.79865e+19 3.18151e+15 4.08345e+14 3.71198e+14
14474 7.79919e+19 3.18128e+15 4.08237e+14 3.71687e+14
14499 7.79973e+19 3.18116e+15 4.08128e+14 3.72122e+14
14524 7.80027e+19 3.18083e+15 4.07911e+14 3.72285e+14
14549 7.80081e+19 3.1806e+15 4.07748e+14 3.70601e+14
14574 7.80136e+19 3.18027e+15 4.07585e+14 3.69243e+14
14599 7.8019e+19 3.17988e+15 4.07368e+14 3.69786e+14
14624 7.80244e+19 3.1795e+15 4.07205e+14 3.69895e+14
14649 7.80298e+19 3.17906e+15 4.06988e+14 3.70058e+14
14674 7.80352e+19 3.17851e+15 4.06879e+14 3.70221e+14
14699 7.80407e+19 3.17823e+15 4.0677e+14 3.70438e+14
14724 7.80461e+19 3.17801e+15 4.06662e+14 3.70873e+14
14749 7.80515e+19 3.17774e+15 4.06553e+14 3.69515e+14
14774 7.80569e+19 3.17741e+15 4.06336e+14 3.6794e+14
14799 7.80623e+19 3.17719e+15 4.06119e+14 3.68211e+14
14824 7.80677e+19 3.17686e+15 4.05902e+14 3.68537e+14
14849 7.80732e+19 3.17643e+15 4.05739e+14 3.68863e+14
14874 7.80786e+19 3.17621e+15 4.05739e+14 3.69135e+14
14899 7.8084e+19 3.17594e+15 4.05576e+14 3.69189e+14
14924 7.80894e+19 3.17556e+15 4.05467e+14 3.69298e+14
14949 7.80948e+19 3.1754e+15 4.0525e+14 3.68049e+14
14974 7.81003e+19 3.17507e+15 4.05033e+14 3.66799e+14
14999 7.81057e+19 3.1748e+15 4.0487e+14 3.67071e+14
15024 7.81111e+19 3.17459e+15 4.04761e+14 3.67288e+14
15049 7.81165e+19 3.17443e+15 4.04707e+14 3.67614e+14
15074 7.81219e+19 3.17411e+15 4.04435e+14 3.67723e+14
15099 7.81273e+19 3.17411e+15 4.04164e+14 3.67831e+14
15124 7.81328e+19 3.17374e+15 4.03892e+14 3.68049e+14
15149 7.81382e+19 3.17358e+15 4.03838e+14 3.67288e+14
15174 7.81436e+19 3.17315e+15 4.03621e+14 3.65985e+14
15199 7.8149e+19 3.17305e+15 4.03458e+14 3.66419e+14
15224 7.81544e+19 3.17306e+15 4.03403e+14 3.66962e+14
15249 7.81599e+19 3.17285e+15 4.0324e+14 3.67125e+14
15274 7.81653e+19 3.17269e+15 4.03132e+14 3.67288e+14
15299 7.81707e+19 3.17238e+15 4.02969e+14 3.6756e+14
15324 7.81761e+19 3.17206e+15 4.02697e+14 3.6756e+14
15349 7.81816e+19 3.17191e+15 4.02534e+14 3.66419e+14
15374 7.8187e+19 3.17208e+15 4.02534e+14 3.6479e+14
15399 7.81924e+19 3.17171e+15 4.02263e+14 3.65062e+14
15424 7.81978e+19 3.17145e+15 4.01991e+14 3.65442e+14
15449 7.82032e+19 3.17125e+15 4.0172e+14 3.65605e+14
15474 7.82087e+19 3.17104e+15 4.01611e+14 3.65822e+14
15499 7.82141e+19 3.17067e+15 4.01557e+14 3.66256e+14
15524 7.82195e+19 3.17058e+15 4.0134e+14 3.66311e+14
15549 7.82249e+19 3.17021e+15 4.01122e+14 3.64899e+14
15574 7.82304e+19 3.17001e+15 4.01014e+14 3.63541e+14
15599 7.82358e+19 3.16986e+15 4.00797e+14 3.6365e+14
15624 7.82412e+19 3.16944e+15 4.00416e+14 3.63975e+14
15649 7.82467e+19 3.16919e+15 4.00145e+14 3.64193e+14
15674 7.82521e+19 3.16904e+15 3.99928e+14 3.6441e+14
15699 7.82575e+19 3.16852e+15 3.9971e+14 3.64627e+14
15724 7.8263e+19 3.16832e+15 3.99547e+14 3.64681e+14
15749 7.82684e+19 3.16801e+15 3.99493e+14 3.6403e+14
15774 7.82739e+19 3.16776e+15 3.9933e+14 3.62726e+14
15799 7.82793e+19 3.1674e+15 3.99113e+14 3.62726e+14
15824 7.82847e+19 3.16736e+15 3.98896e+14 3.63161e+14
15849 7.82902e+19 3.16717e+15 3.98841e+14 3.63487e+14
15874 7.82956e+19 3.16703e+15 3.98678e+14 3.63758e+14
15899 7.83011e+19 3.16667e+15 3.98353e+14 3.63975e+14
15924 7.83065e+19 3.16626e+15 3.98081e+14 3.64084e+14
15949 7.8312e+19 3.16622e+15 3.9781e+14 3.63106e+14
15974 7.83174e+19 3.16603e+15 3.97538e+14 3.6202e+14
15999 7.83229e+19 3.16589e+15 3.97484e+14 3.6202e+14
16024 7.83283e+19 3.16597e+15 3.97429e+14 3.61966e+14
16049 7.83338e+19 3.16567e+15 3.97158e+14 3.624e+14
16074 7.83392e+19 3.16537e+15 3.97049e+14 3.62618e+14
16099 7.83447e+19 3.16518e+15 3.96778e+14 3.63052e+14
16124 7.83501e+19 3.16488e+15 3.9656e+14 3.63324e+14
16149 7.83556e+19 3.16458e+15 3.96398e+14 3.62238e+14
16174 7.8361e+19 3.1645e+15 3.95963e+14 3.61314e+14
16199 7.83665e+19 3.16425e+15 3.95854e+14 3.61586e+14
16224 7.8372e+19 3.16417e+15 3.95637e+14 3.61694e+14
16249 7.83774e+19 3.16382e+15 3.95474e+14 3.62075e+14
16274 7.83829e+19 3.16353e+15 3.95257e+14 3.62238e+14
16299 7.83884e+19 3.16339e+15 3.9504e+14 3.62292e+14
16324 7.83938e+19 3.16315e+15 3.94877e+14 3.624e+14
16349 7.83993e+19 3.1628e+15 3.94823e+14 3.61857e+14
16374 7.84048e+19 3.16251e+15 3.94768e+14 3.60337e+14
16399 7.84102e+19 3.16216e+15 3.94714e+14 3.60337e+14
16424 7.84157e+19 3.16187e+15 3.94551e+14 3.60554e+14
16449 7.84212e+19 3.16157e+15 3.9428e+14 3.60988e+14
16474 7.84266e+19 3.16123e+15 3.94062e+14 3.61206e+14
16499 7.84321e+19 3.16093e+15 3.93954e+14 3.61369e+14
16524 7.84376e+19 3.16059e+15 3.93845e+14 3.61586e+14
16549 7.84431e+19 3.1603e+15 3.93791e+14 3.6088e+14
16574 7.84485e+19 3.16001e+15 3.93519e+14 3.59957e+14
16599 7.8454e+19 3.15972e+15 3.93465e+14 3.60011e+14
16624 7.84595e+19 3.15932e+15 3.93465e+14 3.60282e+14
16649 7.84649e+19 3.1593e+15 3.93139e+14 3.605e+14
16674 7.84704e+19 3.15912e+15 3.92813e+14 3.6088e+14
16699 7.84759e+19 3.15894e+15 3.92705e+14 3.61206e+14
16724 7.84814e+19 3.1586e+15 3.92542e+14 3.61369e+14
16749 7.84868e+19 3.15848e+15 3.92379e+14 3.60934e+14
16774 7.84923e+19 3.15797e+15 3.92216e+14 3.59631e+14
16799 7.84978e+19 3.15769e+15 3.92107e+14 3.59739e+14
16824 7.85033e+19 3.15751e+15 3.92107e+14 3.59794e+14
16849 7.85088e+19 3.15728e+15 3.91944e+14 3.60011e+14
16874 7.85142e+19 3.15705e+15 3.91673e+14 3.60282e+14
16899 7.85197e+19 3.15682e+15 3.91673e+14 3.60554e+14
16924 7.85252e+19 3.15659e+15 3.91455e+14 3.60717e+14
16949 7.85307e+19 3.15631e+15 3.91238e+14 3.60391e+14
16974 7.85361e+19 3.15619e+15 3.91075e+14 3.58979e+14
16999 7.85416e+19 3.15601e+15 3.90804e+14 3.59033e+14
17024 7.85471e+19 3.15562e+15 3.90641e+14 3.59413e+14
17049 7.85526e+19 3.15529e+15 3.90532e+14 3.59468e+14
17074 7.85581e+19 3.15501e+15 3.90315e+14 3.59522e+14
17099 7.85636e+19 3.15478e+15 3.90206e+14 3.59631e+14
17124 7.85691e+19 3.15461e+15 3.89935e+14 3.59957e+14
17149 7.85746e+19 3.15439e+15 3.89663e+14 3.59685e+14
17174 7.85801e+19 3.154e+15 3.89609e+14 3.58762e+14
17199 7.85855e+19 3.15367e+15 3.89392e+14 3.58979e+14
17224 7.8591e+19 3.15366e+15 3.89229e+14 3.59196e+14
17249 7.85965e+19 3.15344e+15 3.89012e+14 3.59251e+14
17274 7.8602e+19 3.15343e+15 3.88794e+14 3.59631e+14
17299 7.86075e+19 3.15332e+15 3.88794e+14 3.59685e+14
17324 7.8613e+19 3.1531e+15 3.88794e+14 3.59739e+14
17349 7.86185e+19 3.15277e+15 3.88686e+14 3.59088e+14
17374 7.8624e+19 3.15244e+15 3.88469e+14 3.58056e+14
17399 7.86295e+19 3.15205e+15 3.8836e+14 3.5811e+14
17424 7.8635e+19 3.15189e+15 3.88197e+14 3.58219e+14
17449 7.86405e+19 3.15178e+15 3.88088e+14 3.5849e+14
17474 7.8646e+19 3.15139e+15 3.87871e+14 3.58653e+14
17499 7.86515e+19 3.15112e+15 3.87817e+14 3.5887e+14
17524 7.8657e+19 3.15085e+15 3.87545e+14 3.59088e+14
17549 7.86625e+19 3.15047e+15 3.87328e+14 3.5887e+14
17574 7.8668e+19 3.15036e+15 3.87165e+14 3.57839e+14
17599 7.86735e+19 3.15036e+15 3.87056e+14 3.58056e+14
17624 7.8679e+19 3.15015e+15 3.86894e+14 3.58056e+14
17649 7.86845e+19 3.15009e+15 3.86785e+14 3.58545e+14
17674 7.869e+19 3.14988e+15 3.86622e+14 3.58653e+14
17699 7.86956e+19 3.14988e+15 3.86513e+14 3.58707e+14
17724 7.87011e+19 3.14977e+15 3.86296e+14 3.58979e+14
17749 7.87066e+19 3.14945e+15 3.86242e+14 3.5887e+14
17774 7.87121e+19 3.14929e+15 3.86079e+14 3.58164e+14
17799 7.87176e+19 3.14892e+15 3.85916e+14 3.58273e+14
17824 7.87231e+19 3.1487e+15 3.85753e+14 3.58273e+14
17849 7.87286e+19 3.14855e+15 3.85699e+14 3.58382e+14
17874 7.87341e+19 3.14839e+15 3.85427e+14 3.58979e+14
17899 7.87396e+19 3.14823e+15 3.85264e+14 3.59142e+14
17924 7.87452e+19 3.14797e+15 3.85156e+14 3.59196e+14
17949 7.87507e+19 3.14776e+15 3.85101e+14 3.58762e+14
17974 7.87562e+19 3.14738e+15 3.85047e+14 3.5811e+14
17999 7.87617e+19 3.14712e+15 3.84884e+14 3.58382e+14
18024 7.87672e+19 3.14675e+15 3.84721e+14 3.58653e+14
18049 7.87727e+19 3.14649e+15 3.84667e+14 3.58925e+14
18074 7.87782e+19 3.14628e+15 3.84558e+14 3.59196e+14
18099 7.87838e+19 3.14602e+15 3.8445e+14 3.59468e+14
18124 7.87893e+19 3.14565e+15 3.84341e+14 3.59631e+14
18149 7.87948e+19 3.14544e+15 3.84287e+14 3.59142e+14
18174 7.88003e+19 3.14496e+15 3.84178e+14 3.58056e+14
18199 7.88058e+19 3.14475e+15 3.83907e+14 3.58001e+14
18224 7.88113e+19 3.1446e+15 3.83852e+14 3.58056e+14
18249 7.88168e+19 3.14429e+15 3.83635e+14 3.5849e+14
18274 7.88224e+19 3.14414e+15 3.83418e+14 3.58762e+14
18299 7.88279e+19 3.14377e+15 3.83364e+14 3.58762e+14
18324 7.88334e+19 3.14362e+15 3.83038e+14 3.59033e+14
18349 7.88389e+19 3.14331e+15 3.82983e+14 3.5887e+14
18374 7.88445e+19 3.143e+15 3.8282e+14 3.57784e+14
18399 7.885e+19 3.14274e+15 3.82657e+14 3.57784e+14
18424 7.88555e+19 3.14254e+15 3.82603e+14 3.58164e+14
18449 7.8861e+19 3.14256e+15 3.82549e+14 3.58273e+14
18474 7.88666e+19 3.14225e+15 3.8244e+14 3.5849e+14
18499 7.88721e+19 3.1421e+15 3.82386e+14 3.58816e+14
18524 7.88776e+19 3.14168e+15 3.82277e+14 3.58925e+14
18549 7.88831e+19 3.14137e+15 3.82169e+14 3.58979e+14
18574 7.88887e+19 3.1409e+15 3.82006e+14 3.57784e+14
18599 7.88942e+19 3.14087e+15 3.81897e+14 3.5811e+14
18624 7.88997e+19 3.1405e+15 3.81843e+14 3.58273e+14
18649 7.89052e+19 3.14031e+15 3.81789e+14 3.58599e+14
18674 7.89107e+19 3.14022e+15 3.81789e+14 3.58762e+14
18699 7.89163e+19 3.14002e+15 3.81734e+14 3.5887e+14
18724 7.89218e+19 3.13966e+15 3.81571e+14 3.59033e+14
18749 7.89273e+19 3.13952e+15 3.81463e+14 3.58925e+14
18774 7.89328e+19 3.13943e+15 3.81354e+14 3.58327e+14
18799 7.89384e+19 3.13912e+15 3.81245e+14 3.58436e+14
18824 7.89439e+19 3.13876e+15 3.81245e+14 3.5887e+14
18849 7.89494e+19 3.13835e+15 3.81191e+14 3.59088e+14
18874 7.89549e+19 3.13821e+15 3.81083e+14 3.59468e+14
18899 7.89604e+19 3.13818e+15 3.80757e+14 3.59739e+14
18924 7.8966e+19 3.13782e+15 3.80648e+14 3.60065e+14
18949 7.89715e+19 3.13747e+15 3.80594e+14 3.59739e+14
18974 7.8977e+19 3.13738e+15 3.80539e+14 3.58653e+14
18999 7.89825e+19 3.13708e+15 3.80431e+14 3.58707e+14
19024 7.8988e+19 3.1371e+15 3.80268e+14 3.58816e+14
19049 7.89936e+19 3.13718e+15 3.80051e+14 3.58925e+14
19074 7.89991e+19 3.1371e+15 3.79888e+14 3.59088e+14
19099 7.90046e+19 3.13707e+15 3.79779e+14 3.59196e+14
19124 7.90102e+19 3.13683e+15 3.79725e+14 3.59305e+14
19149 7.90157e+19 3.1368e+15 3.79616e+14 3.59251e+14
19174 7.90212e+19 3.13639e+15 3.79562e+14 3.5887e+14
19199 7.90267e+19 3.1362e+15 3.79508e+14 3.59088e+14
19224 7.90323e+19 3.13618e+15 3.79399e+14 3.59305e+14
19249 7.90378e+19 3.13604e+15 3.79236e+14 3.59631e+14
19274 7.90433e+19 3.13596e+15 3.79236e+14 3.59739e+14
19299 7.90488e+19 3.13594e+15 3.79073e+14 3.59848e+14
19324 7.90544e+19 3.13586e+15 3.79073e+14 3.60065e+14
19349 7.90599e+19 3.13583e+15 3.78965e+14 3.60065e+14
19374 7.90654e+19 3.13543e+15 3.78747e+14 3.59794e+14
19399 7.9071e+19 3.13508e+15 3.78584e+14 3.59848e+14
19424 7.90765e+19 3.13484e+15 3.7853e+14 3.59957e+14
19449 7.9082e+19 3.13471e+15 3.78367e+14 3.60608e+14
19474 7.90875e+19 3.13436e+15 3.78367e+14 3.60663e+14
19499 7.90931e+19 3.13423e+15 3.78259e+14 3.60988e+14
19524 7.90986e+19 3.1341e+15 3.77987e+14 3.61206e+14
19549 7.91041e+19 3.13413e+15 3.7777e+14 3.60771e+14
19574 7.91097e+19 3.13389e+15 3.77661e+14 3.6088e+14
19599 7.91152e+19 3.13392e+15 3.77607e+14 3.60934e+14
19624 7.91208e+19 3.13385e+15 3.77444e+14 3.61097e+14
19649 7.91263e+19 3.13383e+15 3.7739e+14 3.61477e+14
19674 7.91318e+19 3.1337e+15 3.7739e+14 3.61857e+14
19699 7.91374e+19 3.13346e+15 3.77281e+14 3.61966e+14
19724 7.91429e+19 3.13328e+15 3.77227e+14 3.62183e+14
19749 7.91484e+19 3.1332e+15 3.77172e+14 3.61097e+14
19774 7.9154e+19 3.13302e+15 3.77172e+14 3.605e+14
19799 7.91595e+19 3.13289e+15 3.77009e+14 3.6088e+14
19824 7.9165e+19 3.13304e+15 3.76846e+14 3.61314e+14
19849 7.91706e+19 3.13291e+15 3.76846e+14 3.61694e+14
19874 7.91761e+19 3.133e+15 3.76738e+14 3.6202e+14
19899 7.91816e+19 3.13282e+15 3.76629e+14 3.62183e+14
19924 7.91872e+19 3.1327e+15 3.76466e+14 3.62455e+14
19949 7.91927e+19 3.13252e+15 3.76466e+14 3.61749e+14
19974 7.91982e+19 3.13256e+15 3.76466e+14 3.61206e+14
19999 7.92038e+19 3.13259e+15 3.76412e+14 3.61369e+14
20024 7.92093e+19 3.13269e+15 3.76358e+14 3.61749e+14
20049 7.92148e+19 3.13251e+15 3.76358e+14 3.6164e+14
20074 7.92204e+19 3.13222e+15 3.76249e+14 3.61586e+14
20099 7.92259e+19 3.13237e+15 3.76195e+14 3.61749e+14
20124 7.92314e+19 3.13263e+15 3.76086e+14 3.62292e+14
20149 7.9237e+19 3.13262e+15 3.76086e+14 3.61912e+14
20174 7.92425e+19 3.13255e+15 3.75978e+14 3.62075e+14
20199 7.9248e+19 3.1327e+15 3.75869e+14 3.624e+14
20224 7.92535e+19 3.1329e+15 3.75815e+14 3.62455e+14
20249 7.92591e+19 3.13305e+15 3.7576e+14 3.60825e+14
20274 7.92646e+19 3.13292e+15 3.75652e+14 3.60391e+14
20299 7.92701e+19 3.13264e+15 3.75489e+14 3.60934e+14
20324 7.92756e+19 3.13262e+15 3.7538e+14 3.61586e+14
20349 7.92812e+19 3.13277e+15 3.75272e+14 3.61803e+14
20374 7.92867e+19 3.13287e+15 3.75272e+14 3.61966e+14
20399 7.92922e+19 3.13285e+15 3.75109e+14 3.62835e+14
20424 7.92978e+19 3.13311e+15 3.75054e+14 3.62998e+14
20449 7.93033e+19 3.13305e+15 3.75e+14 3.59794e+14
20474 7.93088e+19 3.13309e+15 3.74891e+14 3.58273e+14
20499 7.93144e+19 3.1333e+15 3.74837e+14 3.58816e+14
20524 7.93199e+19 3.1334e+15 3.74728e+14 3.59196e+14
20549 7.93254e+19 3.13344e+15 3.7462e+14 3.59685e+14
20574 7.93309e+19 3.13343e+15 3.7462e+14 3.60282e+14
20599 7.93365e+19 3.13342e+15 3.74566e+14 3.60934e+14
20624 7.9342e+19 3.13363e+15 3.74566e+14 3.61151e+14
20649 7.93475e+19 3.13346e+15 3.74457e+14 3.58001e+14
20674 7.93531e+19 3.13389e+15 3.74294e+14 3.56318e+14
20699 7.93586e+19 3.13393e+15 3.7424e+14 3.56915e+14
20724 7.93641e+19 3.13409e+15 3.7424e+14 3.57241e+14
20749 7.93696e+19 3.13413e+15 3.74077e+14 3.5773e+14
20774 7.93752e+19 3.13423e+15 3.74077e+14 3.58056e+14
20799 7.93807e+19 3.13428e+15 3.74022e+14 3.58327e+14
20824 7.93862e+19 3.13427e+15 3.7386e+14 3.58599e+14
20849 7.93918e+19 3.13427e+15 3.7386e+14 3.56372e+14
20874 7.93973e+19 3.13421e+15 3.73751e+14 3.55232e+14
20899 7.94028e+19 3.13409e+15 3.73642e+14 3.55503e+14
20924 7.94083e+19 3.13425e+15 3.73479e+14 3.56155e+14
20949 7.94139e+19 3.1343e+15 3.73371e+14 3.56589e+14
20974 7.94194e+19 3.1344e+15 3.73316e+14 3.56861e+14
20999 7.94249e+19 3.1345e+15 3.73154e+14 3.5735e+14
21024 7.94305e+19 3.13472e+15 3.73099e+14 3.57404e+14
21049 7.9436e+19 3.13488e+15 3.73099e+14 3.55014e+14
21074 7.94415e+19 3.13493e+15 3.72882e+14 3.53331e+14
21099 7.94471e+19 3.13471e+15 3.72773e+14 3.53602e+14
21124 7.94526e+19 3.13487e+15 3.72665e+14 3.54037e+14
21149 7.94581e+19 3.13492e+15 3.7261e+14 3.54526e+14
21174 7.94637e+19 3.13519e+15 3.72502e+14 3.5496e+14
21199 7.94692e+19 3.13524e+15 3.72502e+14 3.55177e+14
21224 7.94747e+19 3.13513e+15 3.72448e+14 3.54797e+14
21249 7.94803e+19 3.13513e+15 3.72393e+14 3.53657e+14
21274 7.94858e+19 3.13529e+15 3.72339e+14 3.51919e+14
21299 7.94913e+19 3.13523e+15 3.72339e+14 3.52299e+14
21324 7.94969e+19 3.1354e+15 3.72285e+14 3.52734e+14
21349 7.95024e+19 3.13523e+15 3.72176e+14 3.53114e+14
21374 7.95079e+19 3.13512e+15 3.72013e+14 3.53385e+14
21399 7.95135e+19 3.13512e+15 3.7185e+14 3.5382e+14
21424 7.9519e+19 3.13491e+15 3.71796e+14 3.53602e+14
21449 7.95245e+19 3.13496e+15 3.71741e+14 3.52462e+14
21474 7.95301e+19 3.1348e+15 3.71687e+14 3.50507e+14
21499 7.95356e+19 3.13469e+15 3.71579e+14 3.50778e+14
21524 7.95411e+19 3.13448e+15 3.71579e+14 3.5105e+14
21549 7.95467e+19 3.13443e+15 3.71524e+14 3.51267e+14
21574 7.95522e+19 3.13432e+15 3.7147e+14 3.51376e+14
21599 7.95577e+19 3.13432e+15 3.71416e+14 3.51756e+14
21624 7.95633e+19 3.13421e+15 3.71416e+14 3.5181e+14
21649 7.95688e+19 3.13389e+15 3.71307e+14 3.50724e+14
21674 7.95743e+19 3.13384e+15 3.71253e+14 3.49312e+14
21699 7.95799e+19 3.13368e+15 3.71144e+14 3.49421e+14
21724 7.95854e+19 3.13374e+15 3.70981e+14 3.49584e+14
21749 7.95909e+19 3.13369e+15 3.70873e+14 3.50127e+14
21774 7.95965e+19 3.13396e+15 3.70818e+14 3.50453e+14
21799 7.9602e+19 3.13397e+15 3.70818e+14 3.50778e+14
21824 7.96075e+19 3.13365e+15 3.70764e+14 3.50561e+14
21849 7.96131e+19 3.13349e+15 3.70764e+14 3.49312e+14
21874 7.96186e+19 3.13371e+15 3.70764e+14 3.47954e+14
21899 7.96241e+19 3.13355e+15 3.7071e+14 3.48009e+14
21924 7.96297e+19 3.13356e+15 3.7071e+14 3.4828e+14
21949 7.96352e+19 3.13367e+15 3.70655e+14 3.48443e+14
21974 7.96407e+19 3.13352e+15 3.70601e+14 3.48497e+14
21999 7.96462e+19 3.13341e+15 3.70547e+14 3.48606e+14
22024 7.96518e+19 3.1332e+15 3.70384e+14 3.48878e+14
22049 7.96573e+19 3.13305e+15 3.70384e+14 3.47954e+14
22074 7.96628e+19 3.133e+15 3.70329e+14 3.46651e+14
22099 7.96684e+19 3.13296e+15 3.70167e+14 3.46705e+14
22124 7.96739e+19 3.13275e+15 3.70004e+14 3.46868e+14
22149 7.96794e+19 3.13275e+15 3.69949e+14 3.47085e+14
22174 7.96849e+19 3.13282e+15 3.69949e+14 3.47737e+14
22199 7.96905e+19 3.13277e+15 3.69949e+14 3.479e+14
22224 7.9696e+19 3.13278e+15 3.69841e+14 3.48117e+14
22249 7.97015e+19 3.13268e+15 3.69732e+14 3.46651e+14
22274 7.97071e+19 3.13237e+15 3.69678e+14 3.45185e+14
22299 7.97126e+19 3.13243e+15 3.69623e+14 3.45348e+14
22324 7.97181e+19 3.13239e+15 3.69569e+14 3.45565e+14
22349 7.97237e+19 3.13213e+15 3.69569e+14 3.45945e+14
22374 7.97292e+19 3.13224e+15 3.69569e+14 3.46162e+14
22399 7.97347e+19 3.13226e+15 3.69515e+14 3.46542e+14
22424 7.97402e+19 3.1321e+15 3.69461e+14 3.46434e+14
22449 7.97458e+19 3.13206e+15 3.69406e+14 3.45293e+14
22474 7.97513e+19 3.13235e+15 3.69352e+14 3.43827e+14
22499 7.97568e+19 3.13214e+15 3.69298e+14 3.4399e+14
22524 7.97624e+19 3.13204e+15 3.6908e+14 3.44098e+14
22549 7.97679e+19 3.132e+15 3.69026e+14 3.44261e+14
22574 7.97734e+19 3.13212e+15 3.68917e+14 3.44316e+14
22599 7.97789e+19 3.13203e+15 3.68917e+14 3.4437e+14
22624 7.97845e+19 3.13193e+15 3.687e+14 3.44533e+14
22649 7.979e+19 3.132e+15 3.687e+14 3.43936e+14
22674 7.97955e+19 3.1318e+15 3.68592e+14 3.42958e+14
22699 7.98011e+19 3.13149e+15 3.68429e+14 3.42958e+14
22724 7.98066e+19 3.13161e+15 3.68429e+14 3.43067e+14
22749 7.98122e+19 3.13141e+15 3.68266e+14 3.43175e+14
22774 7.98177e+19 3.13132e+15 3.68103e+14 3.4323e+14
22799 7.98232e+19 3.13128e+15 3.6794e+14 3.43338e+14
22824 7.98288e+19 3.13124e+15 3.67886e+14 3.4361e+14
22849 7.98343e+19 3.1312e+15 3.67614e+14 3.42904e+14
22874 7.98399e+19 3.131e+15 3.67614e+14 3.41492e+14
22899 7.98454e+19 3.13069e+15 3.6756e+14 3.41546e+14
22924 7.9851e+19 3.13065e+15 3.6756e+14 3.416e+14
22949 7.98565e+19 3.13067e+15 3.67505e+14 3.41763e+14
22974 7.98621e+19 3.13074e+15 3.67505e+14 3.42089e+14
22999 7.98676e+19 3.1306e+15 3.67451e+14 3.42306e+14
23024 7.98731e+19 3.13035e+15 3.67343e+14 3.42306e+14
23049 7.98787e+19 3.13015e+15 3.67288e+14 3.416e+14
23074 7.98842e+19 3.1299e+15 3.6718e+14 3.4008e+14
23099 7.98898e+19 3.12981e+15 3.67125e+14 3.40134e+14
23124 7.98953e+19 3.12983e+15 3.67071e+14 3.40351e+14
23149 7.99009e+19 3.12979e+15 3.66908e+14 3.4046e+14
23174 7.99064e+19 3.13003e+15 3.66799e+14 3.40623e+14
23199 7.9912e+19 3.12989e+15 3.66745e+14 3.4084e+14
23224 7.99175e+19 3.12991e+15 3.66636e+14 3.4122e+14
23249 7.99231e+19 3.12993e+15 3.66582e+14 3.40134e+14
23274 7.99286e+19 3.12962e+15 3.66474e+14 3.39319e+14
23299 7.99342e+19 3.12937e+15 3.66365e+14 3.39211e+14
23324 7.99397e+19 3.12918e+15 3.66256e+14 3.39319e+14
23349 7.99453e+19 3.12893e+15 3.66148e+14 3.39537e+14
23374 7.99508e+19 3.12884e+15 3.66093e+14 3.39917e+14
23399 7.99564e+19 3.12875e+15 3.66093e+14 3.4008e+14
23424 7.99619e+19 3.12856e+15 3.65985e+14 3.40025e+14
23449 7.99675e+19 3.12826e+15 3.65985e+14 3.39211e+14
23474 7.9973e+19 3.12806e+15 3.65822e+14 3.38125e+14
23499 7.99786e+19 3.12776e+15 3.65822e+14 3.38396e+14
23524 7.99842e+19 3.12784e+15 3.65713e+14 3.3845e+14
23549 7.99897e+19 3.12754e+15 3.65496e+14 3.38559e+14
23574 7.99953e+19 3.1274e+15 3.65387e+14 3.38668e+14
23599 8.00008e+19 3.12748e+15 3.65224e+14 3.38885e+14
23624 8.00064e+19 3.12729e+15 3.65224e+14 3.38993e+14
23649 8.0012e+19 3.12698e+15 3.65116e+14 3.38287e+14
23674 8.00175e+19 3.12668e+15 3.65062e+14 3.37201e+14
23699 8.00231e+19 3.12644e+15 3.64953e+14 3.37527e+14
23724 8.00287e+19 3.12625e+15 3.64844e+14 3.3769e+14
23749 8.00342e+19 3.12622e+15 3.64627e+14 3.3807e+14
23774 8.00398e+19 3.12592e+15 3.64627e+14 3.38396e+14
23799 8.00454e+19 3.12578e+15 3.64518e+14 3.38559e+14
23824 8.00509e+19 3.12581e+15 3.64464e+14 3.38722e+14
23849 8.00565e+19 3.12567e+15 3.64356e+14 3.3731e+14
23874 8.00621e+19 3.12559e+15 3.64301e+14 3.36115e+14
23899 8.00676e+19 3.12535e+15 3.64301e+14 3.36115e+14
23924 8.00732e+19 3.12521e+15 3.64247e+14 3.36332e+14
23949 8.00788e+19 3.12491e+15 3.64084e+14 3.36658e+14
23974 8.00844e+19 3.12483e+15 3.63975e+14 3.36984e+14
23999 8.00899e+19 3.12475e+15 3.63812e+14 3.37038e+14
24024 8.00955e+19 3.12462e+15 3.63704e+14 3.37093e+14
24049 8.01011e+19 3.12465e+15 3.63595e+14 3.36495e+14
24074 8.01067e+19 3.1243e+15 3.63595e+14 3.35246e+14
24099 8.01122e+19 3.12411e+15 3.63541e+14 3.35138e+14
24124 8.01178e+19 3.12409e+15 3.63378e+14 3.35463e+14
24149 8.01234e+19 3.12395e+15 3.63215e+14 3.35626e+14
24174 8.0129e+19 3.12377e+15 3.63215e+14 3.35844e+14
24199 8.01346e+19 3.1238e+15 3.63215e+14 3.36115e+14
24224 8.01401e+19 3.12356e+15 3.63215e+14 3.36224e+14
24249 8.01457e+19 3.12337e+15 3.63161e+14 3.35681e+14
24274 8.01513e+19 3.12313e+15 3.63106e+14 3.34486e+14
24299 8.01569e+19 3.12289e+15 3.62944e+14 3.34649e+14
24324 8.01624e+19 3.1226e+15 3.62835e+14 3.35029e+14
24349 8.0168e+19 3.12236e+15 3.62672e+14 3.35192e+14
24374 8.01736e+19 3.12233e+15 3.62563e+14 3.35355e+14
24399 8.01792e+19 3.12204e+15 3.62563e+14 3.35463e+14
24424 8.01848e+19 3.12169e+15 3.62563e+14 3.35626e+14
24449 8.01904e+19 3.12151e+15 3.62509e+14 3.34812e+14
24474 8.01959e+19 3.12127e+15 3.624e+14 3.334e+14
24499 8.02015e+19 3.12098e+15 3.62292e+14 3.33508e+14
24524 8.02071e+19 3.12096e+15 3.62292e+14 3.33671e+14
24549 8.02127e+19 3.12094e+15 3.62183e+14 3.33997e+14
24574 8.02183e+19 3.1207e+15 3.62075e+14 3.3416e+14
24599 8.02239e+19 3.12073e+15 3.6202e+14 3.34377e+14
24624 8.02295e+19 3.12044e+15 3.61966e+14 3.34377e+14
24649 8.0235e+19 3.12026e+15 3.61912e+14 3.33888e+14
24674 8.02406e+19 3.12013e+15 3.61803e+14 3.32802e+14
24699 8.02462e+19 3.12006e+15 3.61803e+14 3.32911e+14
24724 8.02518e+19 3.1202e+15 3.61749e+14 3.33182e+14
24749 8.02574e+19 3.12013e+15 3.61694e+14 3.33454e+14
24774 8.0263e+19 3.11978e+15 3.61694e+14 3.33671e+14
24799 8.02686e+19 3.11949e+15 3.61586e+14 3.33834e+14
24824 8.02741e+19 3.11909e+15 3.61586e+14 3.33726e+14
24849 8.02797e+19 3.1188e+15 3.61369e+14 3.33291e+14
24874 8.02853e+19 3.11868e+15 3.61314e+14 3.31608e+14
24899 8.02909e+19 3.11866e+15 3.61151e+14 3.31879e+14
24924 8.02965e+19 3.11837e+15 3.61097e+14 3.31988e+14
24949 8.03021e+19 3.11835e+15 3.61097e+14 3.32042e+14
24974 8.03077e+19 3.11817e+15 3.61097e+14 3.32151e+14
24999 8.03133e+19 3.11783e+15 3.61097e+14 3.32151e+14
25024 8.03189e+19 3.11749e+15 3.60934e+14 3.32368e+14
25049 8.03245e+19 3.11753e+15 3.60717e+14 3.32368e+14
25074 8.03301e+19 3.11746e+15 3.60608e+14 3.31064e+14
25099 8.03357e+19 3.11734e+15 3.605e+14 3.31119e+14
25124 8.03413e+19 3.11705e+15 3.60337e+14 3.31336e+14
25149 8.03469e+19 3.11693e+15 3.60228e+14 3.31662e+14
25174 8.03525e+19 3.11669e+15 3.60228e+14 3.31825e+14
25199 8.03581e+19 3.11646e+15 3.60174e+14 3.31933e+14
25224 8.03637e+19 3.11623e+15 3.59957e+14 3.31988e+14
25249 8.03693e+19 3.11605e+15 3.59957e+14 3.31336e+14
25274 8.03749e+19 3.11582e+15 3.59848e+14 3.30413e+14
25299 8.03805e+19 3.11576e+15 3.59739e+14 3.30576e+14
25324 8.03861e+19 3.11553e+15 3.59739e+14 3.3063e+14
25349 8.03917e+19 3.11579e+15 3.59631e+14 3.30793e+14
25374 8.03973e+19 3.11545e+15 3.59576e+14 3.30902e+14
25399 8.04029e+19 3.11511e+15 3.59359e+14 3.31173e+14
25424 8.04085e+19 3.11477e+15 3.59305e+14 3.3139e+14
25449 8.04141e+19 3.11476e+15 3.59088e+14 3.30902e+14
25474 8.04198e+19 3.11431e+15 3.59088e+14 3.29761e+14
25499 8.04254e+19 3.11413e+15 3.59033e+14 3.30141e+14
25524 8.0431e+19 3.1139e+15 3.5887e+14 3.30304e+14
25549 8.04366e+19 3.11367e+15 3.5887e+14 3.30467e+14
25574 8.04422e+19 3.11355e+15 3.58816e+14 3.30739e+14
25599 8.04478e+19 3.11353e+15 3.58762e+14 3.30847e+14
25624 8.04535e+19 3.11352e+15 3.58545e+14 3.31064e+14
25649 8.04591e+19 3.11357e+15 3.58545e+14 3.30413e+14
25674 8.04647e+19 3.11339e+15 3.5849e+14 3.29109e+14
25699 8.04703e+19 3.11316e+15 3.58327e+14 3.29218e+14
25724 8.04759e+19 3.11288e+15 3.58219e+14 3.29272e+14
25749 8.04816e+19 3.11298e+15 3.5811e+14 3.29381e+14
25774 8.04872e+19 3.11292e+15 3.58001e+14 3.2949e+14
25799 8.04928e+19 3.11291e+15 3.5773e+14 3.29761e+14
25824 8.04985e+19 3.11279e+15 3.57458e+14 3.30033e+14
25849 8.05041e+19 3.1124e+15 3.57295e+14 3.29598e+14
25874 8.05097e+19 3.11228e+15 3.57241e+14 3.28349e+14
25899 8.05154e+19 3.11211e+15 3.57078e+14 3.28729e+14
25924 8.0521e+19 3.11205e+15 3.5697e+14 3.29055e+14
25949 8.05267e+19 3.11172e+15 3.56861e+14 3.29109e+14
25974 8.05323e+19 3.1116e+15 3.56752e+14 3.29272e+14
25999 8.0538e+19 3.11154e+15 3.56589e+14 3.29381e+14
26024 8.05436e+19 3.11115e+15 3.56535e+14 3.29435e+14
26049 8.05493e+19 3.11098e+15 3.56535e+14 3.29001e+14
26074 8.05549e+19 3.11059e+15 3.56372e+14 3.28023e+14
26099 8.05606e+19 3.11021e+15 3.56372e+14 3.28132e+14
26124 8.05662e+19 3.11009e+15 3.56318e+14 3.28403e+14
26149 8.05719e+19 3.10976e+15 3.56101e+14 3.29001e+14
26174 8.05775e+19 3.10981e+15 3.55992e+14 3.29327e+14
26199 8.05832e+19 3.10964e+15 3.55775e+14 3.29598e+14
26224 8.05889e+19 3.10936e+15 3.55612e+14 3.29815e+14
26249 8.05945e+19 3.10941e+15 3.55503e+14 3.28946e+14
26274 8.06002e+19 3.10919e+15 3.5534e+14 3.2786e+14
26299 8.06059e+19 3.10892e+15 3.55286e+14 3.28023e+14
26324 8.06115e+19 3.10875e+15 3.55232e+14 3.28186e+14
26349 8.06172e+19 3.10864e+15 3.55123e+14 3.28458e+14
26374 8.06229e+19 3.10842e+15 3.55069e+14 3.28838e+14
26399 8.06286e+19 3.10841e+15 3.55069e+14 3.28838e+14
26424 8.06342e+19 3.10841e+15 3.55014e+14 3.28892e+14
26449 8.06399e+19 3.10813e+15 3.5496e+14 3.28349e+14
26474 8.06456e+19 3.10802e+15 3.54797e+14 3.27263e+14
26499 8.06512e+19 3.10791e+15 3.5458e+14 3.27317e+14
26524 8.06569e+19 3.10769e+15 3.54526e+14 3.27534e+14
26549 8.06626e+19 3.10747e+15 3.54526e+14 3.27752e+14
26574 8.06683e+19 3.10731e+15 3.54526e+14 3.27969e+14
26599 8.06739e+19 3.10725e+15 3.54417e+14 3.28512e+14
26624 8.06796e+19 3.10709e+15 3.542e+14 3.28566e+14
26649 8.06853e+19 3.10698e+15 3.53983e+14 3.2824e+14
26674 8.0691e+19 3.10676e+15 3.53983e+14 3.27154e+14
26699 8.06967e+19 3.10644e+15 3.53928e+14 3.27317e+14
26724 8.07024e+19 3.10627e+15 3.53765e+14 3.27643e+14
26749 8.0708e+19 3.10595e+15 3.53765e+14 3.27806e+14
26774 8.07137e+19 3.10578e+15 3.53657e+14 3.27969e+14
26799 8.07194e+19 3.10546e+15 3.53548e+14 3.2824e+14
26824 8.07251e+19 3.10535e+15 3.53494e+14 3.28295e+14
26849 8.07308e+19 3.10535e+15 3.53331e+14 3.27969e+14
26874 8.07365e+19 3.10519e+15 3.53168e+14 3.26991e+14
26899 8.07422e+19 3.10514e+15 3.53059e+14 3.271e+14
26924 8.07479e+19 3.10492e+15 3.52951e+14 3.27371e+14
26949 8.07536e+19 3.10482e+15 3.52896e+14 3.2748e+14
26974 8.07593e+19 3.10449e+15 3.52842e+14 3.27534e+14
26999 8.0765e+19 3.10422e+15 3.52788e+14 3.27697e+14
27024 8.07707e+19 3.10396e+15 3.52571e+14 3.27915e+14
27049 8.07764e+19 3.1039e+15 3.52462e+14 3.2748e+14
27074 8.07821e+19 3.10385e+15 3.52408e+14 3.26177e+14
27099 8.07878e+19 3.10375e+15 3.52299e+14 3.26231e+14
27124 8.07935e+19 3.10359e+15 3.5219e+14 3.26285e+14
27149 8.07992e+19 3.10343e+15 3.52028e+14 3.26774e+14
27174 8.08049e+19 3.10321e+15 3.52028e+14 3.26828e+14
27199 8.08106e+19 3.10306e+15 3.51919e+14 3.26991e+14
27224 8.08163e+19 3.10295e+15 3.51756e+14 3.27154e+14
27249 8.0822e+19 3.10274e+15 3.51702e+14 3.26828e+14
27274 8.08278e+19 3.10253e+15 3.51647e+14 3.26014e+14
27299 8.08335e+19 3.10231e+15 3.51539e+14 3.26014e+14
27324 8.08392e+19 3.1021e+15 3.5143e+14 3.26285e+14
27349 8.08449e+19 3.10222e+15 3.51267e+14 3.26557e+14
27374 8.08506e+19 3.1019e+15 3.51159e+14 3.26828e+14
27399 8.08563e+19 3.1019e+15 3.5105e+14 3.26774e+14
27424 8.08621e+19 3.10158e+15 3.50996e+14 3.26937e+14
27449 8.08678e+19 3.10142e+15 3.50833e+14 3.26828e+14
27474 8.08735e+19 3.10127e+15 3.50778e+14 3.26068e+14
27499 8.08792e+19 3.10111e+15 3.50724e+14 3.26068e+14
27524 8.0885e+19 3.10101e+15 3.50561e+14 3.26122e+14
27549 8.08907e+19 3.1008e+15 3.50561e+14 3.26285e+14
27574 8.08964e+19 3.10065e+15 3.50453e+14 3.26503e+14
27599 8.09022e+19 3.10054e+15 3.5029e+14 3.26611e+14
27624 8.09079e+19 3.1005e+15 3.50127e+14 3.26883e+14
27649 8.09136e+19 3.10024e+15 3.50018e+14 3.26883e+14
27674 8.09194e+19 3.10008e+15 3.49964e+14 3.26394e+14
27699 8.09251e+19 3.09982e+15 3.49801e+14 3.26448e+14
27724 8.09308e+19 3.0995e+15 3.49801e+14 3.26611e+14
27749 8.09366e+19 3.09951e+15 3.49747e+14 3.27046e+14
27774 8.09423e+19 3.09941e+15 3.49638e+14 3.27209e+14
27799 8.09481e+19 3.0992e+15 3.49584e+14 3.27263e+14
27824 8.09538e+19 3.0991e+15 3.49475e+14 3.27589e+14
27849 8.09596e+19 3.09911e+15 3.49366e+14 3.2748e+14
27874 8.09653e+19 3.09891e+15 3.49312e+14 3.26231e+14
27899 8.0971e+19 3.0987e+15 3.49203e+14 3.26394e+14
27924 8.09768e+19 3.09849e+15 3.49149e+14 3.26503e+14
27949 8.09825e+19 3.09823e+15 3.49041e+14 3.26774e+14
27974 8.09883e+19 3.09803e+15 3.48986e+14 3.271e+14
27999 8.0994e+19 3.09782e+15 3.48823e+14 3.27209e+14
28024 8.09998e+19 3.09767e+15 3.48823e+14 3.27209e+14
28049 8.10055e+19 3.09757e+15 3.48715e+14 3.27154e+14
28074 8.10113e+19 3.09775e+15 3.48552e+14 3.26285e+14
28099 8.1017e+19 3.09765e+15 3.48443e+14 3.26394e+14
28124 8.10228e+19 3.09761e+15 3.48389e+14 3.2672e+14
28149 8.10286e+19 3.09746e+15 3.48335e+14 3.26883e+14
28174 8.10343e+19 3.09726e+15 3.4828e+14 3.27046e+14
28199 8.10401e+19 3.09705e+15 3.4828e+14 3.27317e+14
28224 8.10458e+19 3.09707e+15 3.4828e+14 3.27643e+14
28249 8.10516e+19 3.09719e+15 3.4828e+14 3.27371e+14
28274 8.10573e+19 3.09704e+15 3.48117e+14 3.26828e+14
28299 8.10631e+19 3.09684e+15 3.48117e+14 3.26991e+14
28324 8.10688e+19 3.09653e+15 3.48063e+14 3.27263e+14
28349 8.10746e+19 3.09643e+15 3.48009e+14 3.27534e+14
28374 8.10804e+19 3.09634e+15 3.47791e+14 3.27643e+14
28399 8.10861e+19 3.09635e+15 3.47791e+14 3.27752e+14
28424 8.10919e+19 3.09621e+15 3.47629e+14 3.28023e+14
28449 8.10976e+19 3.0959e+15 3.47411e+14 3.27643e+14
28474 8.11034e+19 3.09591e+15 3.47303e+14 3.26937e+14
28499 8.11092e+19 3.09577e+15 3.47194e+14 3.27209e+14
28524 8.11149e+19 3.09578e+15 3.47085e+14 3.27589e+14
28549 8.11207e+19 3.09553e+15 3.46977e+14 3.27915e+14
28574 8.11265e+19 3.09533e+15 3.46977e+14 3.28077e+14
28599 8.11323e+19 3.09513e+15 3.46977e+14 3.28295e+14
28624 8.1138e+19 3.09498e+15 3.46923e+14 3.28729e+14
28649 8.11438e+19 3.09483e+15 3.4676e+14 3.2824e+14
28674 8.11496e+19 3.0948e+15 3.46597e+14 3.27317e+14
28699 8.11554e+19 3.09498e+15 3.46542e+14 3.27371e+14
28724 8.11611e+19 3.09489e+15 3.46488e+14 3.27643e+14
28749 8.11669e+19 3.09485e+15 3.46434e+14 3.28132e+14
28774 8.11727e+19 3.09465e+15 3.46325e+14 3.28349e+14
28799 8.11785e+19 3.09462e+15 3.46271e+14 3.28729e+14
28824 8.11843e+19 3.09453e+15 3.46217e+14 3.28838e+14
28849 8.119e+19 3.09433e+15 3.46108e+14 3.28023e+14
28874 8.11958e+19 3.09413e+15 3.45999e+14 3.2748e+14
28899 8.12016e+19 3.09426e+15 3.45945e+14 3.27534e+14
28924 8.12074e+19 3.09422e+15 3.45836e+14 3.2786e+14
28949 8.12132e+19 3.09413e+15 3.45836e+14 3.28186e+14
28974 8.1219e+19 3.09421e+15 3.45836e+14 3.28512e+14
28999 8.12247e+19 3.09428e+15 3.45565e+14 3.28675e+14
29024 8.12305e+19 3.09419e+15 3.45565e+14 3.29001e+14
29049 8.12363e+19 3.09405e+15 3.4551e+14 3.28458e+14
29074 8.12421e+19 3.09396e+15 3.45402e+14 3.27806e+14
29099 8.12479e+19 3.09398e+15 3.45293e+14 3.27969e+14
29124 8.12537e+19 3.09379e+15 3.45239e+14 3.28458e+14
29149 8.12595e+19 3.09354e+15 3.45185e+14 3.28729e+14
29174 8.12653e+19 3.09356e+15 3.45076e+14 3.28783e+14
29199 8.12711e+19 3.09347e+15 3.44967e+14 3.29164e+14
29224 8.12769e+19 3.09344e+15 3.44913e+14 3.2949e+14
29249 8.12827e+19 3.09329e+15 3.44804e+14 3.28892e+14
29274 8.12885e+19 3.09304e+15 3.4475e+14 3.27752e+14
29299 8.12943e+19 3.09307e+15 3.4475e+14 3.27752e+14
29324 8.13001e+19 3.09287e+15 3.44587e+14 3.27969e+14
29349 8.13059e+19 3.09267e+15 3.44479e+14 3.28295e+14
29374 8.13117e+19 3.09259e+15 3.44479e+14 3.28621e+14
29399 8.13175e+19 3.09245e+15 3.44479e+14 3.28946e+14
29424 8.13233e+19 3.09252e+15 3.44424e+14 3.29164e+14
29449 8.13291e+19 3.09238e+15 3.44261e+14 3.29001e+14
29474 8.13349e+19 3.0923e+15 3.44261e+14 3.29001e+14
29499 8.13407e+19 3.09194e+15 3.44261e+14 3.2949e+14
29524 8.13465e+19 3.09185e+15 3.44153e+14 3.29815e+14
29549 8.13523e+19 3.09166e+15 3.44153e+14 3.30033e+14
29574 8.13581e+19 3.09174e+15 3.4399e+14 3.30467e+14
29599 8.13639e+19 3.09165e+15 3.43936e+14 3.30902e+14
29624 8.13697e+19 3.09146e+15 3.43827e+14 3.31119e+14
29649 8.13755e+19 3.09154e+15 3.43773e+14 3.30033e+14
29674 8.13813e+19 3.09172e+15 3.4361e+14 3.29164e+14
29699 8.13871e+19 3.09164e+15 3.4361e+14 3.2949e+14
29724 8.13929e+19 3.09161e+15 3.43501e+14 3.30033e+14
29749 8.13987e+19 3.09174e+15 3.43447e+14 3.3025e+14
29774 8.14046e+19 3.09171e+15 3.43338e+14 3.30684e+14
29799 8.14104e+19 3.09157e+15 3.43284e+14 3.31064e+14
29824 8.14162e+19 3.09159e+15 3.43284e+14 3.3139e+14
29849 8.1422e+19 3.09134e+15 3.43284e+14 3.30304e+14
29874 8.14278e+19 3.09148e+15 3.43284e+14 3.2987e+14
29899 8.14336e+19 3.09166e+15 3.43284e+14 3.3025e+14
29924 8.14394e+19 3.09201e+15 3.43284e+14 3.30847e+14
29949 8.14452e+19 3.09204e+15 3.43175e+14 3.30521e+14
29974 8.1451e+19 3.0919e+15 3.43121e+14 3.29761e+14
29999 8.14568e+19 3.09215e+15 3.42904e+14 3.30141e+14
30024 8.14627e+19 3.09223e+15 3.42795e+14 3.30956e+14
30049 8.14685e+19 3.09225e+15 3.42795e+14 3.30413e+14
30074 8.14743e+19 3.09212e+15 3.42686e+14 3.30847e+14
30099 8.14801e+19 3.09247e+15 3.42578e+14 3.31064e+14
30124 8.14859e+19 3.09233e+15 3.42524e+14 3.31553e+14
30149 8.14917e+19 3.09274e+15 3.42469e+14 3.29327e+14
30174 8.14976e+19 3.09288e+15 3.42415e+14 3.28295e+14
30199 8.15034e+19 3.0935e+15 3.42361e+14 3.28621e+14
30224 8.15092e+19 3.09402e+15 3.42361e+14 3.29055e+14
30249 8.1515e+19 3.09399e+15 3.42361e+14 3.29598e+14
30274 8.15208e+19 3.0938e+15 3.42306e+14 3.30033e+14
30299 8.15267e+19 3.09437e+15 3.42306e+14 3.30304e+14
30324 8.15325e+19 3.09446e+15 3.42306e+14 3.30902e+14
30349 8.15383e+19 3.09465e+15 3.42306e+14 3.2824e+14
30374 8.15441e+19 3.09479e+15 3.42252e+14 3.26285e+14
30399 8.15499e+19 3.09519e+15 3.42143e+14 3.26828e+14
30424 8.15557e+19 3.09544e+15 3.42089e+14 3.27697e+14
30449 8.15616e+19 3.09563e+15 3.42089e+14 3.28132e+14
30474 8.15674e+19 3.09561e+15 3.41926e+14 3.28838e+14
30499 8.15732e+19 3.0958e+15 3.41926e+14 3.29381e+14
30524 8.1579e+19 3.09594e+15 3.41872e+14 3.29924e+14
30549 8.15848e+19 3.09613e+15 3.41872e+14 3.26937e+14
30574 8.15907e+19 3.09616e+15 3.41872e+14 3.25253e+14
30599 8.15965e+19 3.09635e+15 3.41872e+14 3.25851e+14
30624 8.16023e+19 3.0966e+15 3.41872e+14 3.26611e+14
30649 8.16081e+19 3.09685e+15 3.41818e+14 3.27046e+14
30674 8.16139e+19 3.0972e+15 3.41763e+14 3.27915e+14
30699 8.16197e+19 3.09772e+15 3.41709e+14 3.28783e+14
30724 8.16255e+19 3.09781e+15 3.41655e+14 3.29109e+14
30749 8.16314e+19 3.09822e+15 3.416e+14 3.25416e+14
30774 8.16372e+19 3.09863e+15 3.41546e+14 3.2395e+14
30799 8.1643e+19 3.09866e+15 3.41437e+14 3.24385e+14
30824 8.16488e+19 3.09918e+15 3.41329e+14 3.24928e+14
30849 8.16546e+19 3.09948e+15 3.41329e+14 3.25742e+14
30874 8.16605e+19 3.09962e+15 3.4122e+14 3.26285e+14
30899 8.16663e+19 3.10009e+15 3.41112e+14 3.26774e+14
30924 8.16721e+19 3.10023e+15 3.41112e+14 3.26774e+14
30949 8.16779e+19 3.10042e+15 3.41057e+14 3.23733e+14
30974 8.16838e+19 3.10062e+15 3.41057e+14 3.21832e+14
30999 8.16896e+19 3.10103e+15 3.41057e+14 3.22266e+14
31024 8.16954e+19 3.10123e+15 3.41057e+14 3.22918e+14
31049 8.17012e+19 3.10148e+15 3.4084e+14 3.23733e+14
31074 8.1707e+19 3.10135e+15 3.4084e+14 3.24439e+14
31099 8.17129e+19 3.10149e+15 3.40731e+14 3.24765e+14
31124 8.17187e+19 3.10147e+15 3.40623e+14 3.24873e+14
31149 8.17245e+19 3.10177e+15 3.40568e+14 3.22266e+14
31174 8.17303e+19 3.10181e+15 3.40406e+14 3.20474e+14
31199 8.17362e+19 3.10168e+15 3.40406e+14 3.20963e+14
31224 8.1742e+19 3.10177e+15 3.40351e+14 3.2156e+14
31249 8.17478e+19 3.10169e+15 3.40188e+14 3.22158e+14
31274 8.17537e+19 3.10216e+15 3.40134e+14 3.22972e+14
31299 8.17595e+19 3.10231e+15 3.40134e+14 3.23787e+14
31324 8.17653e+19 3.10256e+15 3.4008e+14 3.2319e+14
31349 8.17712e+19 3.10286e+15 3.39917e+14 3.21072e+14
31374 8.1777e+19 3.10295e+15 3.39808e+14 3.19171e+14
31399 8.17829e+19 3.10288e+15 3.39808e+14 3.19225e+14
31424 8.17887e+19 3.10297e+15 3.39808e+14 3.19605e+14
31449 8.17945e+19 3.10301e+15 3.39754e+14 3.20257e+14
31474 8.18004e+19 3.1031e+15 3.39699e+14 3.20583e+14
31499 8.18062e+19 3.10341e+15 3.39537e+14 3.208e+14
31524 8.1812e+19 3.10355e+15 3.39482e+14 3.20692e+14
31549 8.18179e+19 3.10391e+15 3.39428e+14 3.19008e+14
31574 8.18237e+19 3.10368e+15 3.39319e+14 3.1803e+14
31599 8.18296e+19 3.10361e+15 3.39319e+14 3.18139e+14
31624 8.18354e+19 3.1037e+15 3.39319e+14 3.18302e+14
31649 8.18413e+19 3.10374e+15 3.39319e+14 3.18736e+14
31674 8.18471e+19 3.10356e+15 3.39211e+14 3.1928e+14
31699 8.18529e+19 3.10354e+15 3.39156e+14 3.19388e+14
31724 8.18588e+19 3.10363e+15 3.39048e+14 3.19497e+14
31749 8.18646e+19 3.10367e+15 3.38939e+14 3.18628e+14
31774 8.18705e+19 3.10349e+15 3.38831e+14 3.1727e+14
31799 8.18763e+19 3.10321e+15 3.38722e+14 3.17542e+14
31824 8.18822e+19 3.1033e+15 3.38722e+14 3.17542e+14
31849 8.1888e+19 3.10323e+15 3.38668e+14 3.17976e+14
31874 8.18939e+19 3.10321e+15 3.38613e+14 3.18193e+14
31899 8.18997e+19 3.1033e+15 3.38559e+14 3.18682e+14
31924 8.19056e+19 3.10329e+15 3.38559e+14 3.18573e+14
31949 8.19114e+19 3.10311e+15 3.38559e+14 3.1651e+14
31974 8.19173e+19 3.10304e+15 3.38505e+14 3.15695e+14
31999 8.19231e+19 3.10286e+15 3.3845e+14 3.15695e+14
32024 8.1929e+19 3.10323e+15 3.38396e+14 3.16021e+14
32049 8.19348e+19 3.10327e+15 3.38342e+14 3.16455e+14
32074 8.19407e+19 3.10331e+15 3.38342e+14 3.16564e+14
32099 8.19465e+19 3.10329e+15 3.38342e+14 3.16781e+14
32124 8.19524e+19 3.10361e+15 3.38287e+14 3.16781e+14
32149 8.19582e+19 3.10392e+15 3.38287e+14 3.14935e+14
32174 8.19641e+19 3.1039e+15 3.38233e+14 3.14066e+14
32199 8.19699e+19 3.10395e+15 3.38125e+14 3.14337e+14
32224 8.19758e+19 3.10415e+15 3.38125e+14 3.14609e+14
32249 8.19816e+19 3.10419e+15 3.3807e+14 3.14881e+14
32274 8.19875e+19 3.1044e+15 3.3807e+14 3.15261e+14
32299 8.19933e+19 3.10438e+15 3.38016e+14 3.15532e+14
32324 8.19992e+19 3.10437e+15 3.37907e+14 3.15478e+14
32349 8.2005e+19 3.10425e+15 3.37744e+14 3.14066e+14
32374 8.20109e+19 3.10429e+15 3.37744e+14 3.13143e+14
32399 8.20167e+19 3.10444e+15 3.3769e+14 3.13251e+14
32424 8.20226e+19 3.10443e+15 3.3769e+14 3.13469e+14
32449 8.20284e+19 3.10426e+15 3.37636e+14 3.13903e+14
32474 8.20343e+19 3.10419e+15 3.37636e+14 3.1412e+14
32499 8.20402e+19 3.10407e+15 3.37581e+14 3.14283e+14
32524 8.2046e+19 3.10395e+15 3.37527e+14 3.14283e+14
32549 8.20519e+19 3.10378e+15 3.3731e+14 3.13143e+14
32574 8.20577e+19 3.10355e+15 3.37256e+14 3.12165e+14
32599 8.20636e+19 3.10354e+15 3.37093e+14 3.12165e+14
32624 8.20695e+19 3.10337e+15 3.36984e+14 3.12274e+14
32649 8.20753e+19 3.10352e+15 3.3693e+14 3.12437e+14
32674 8.20812e+19 3.10373e+15 3.36875e+14 3.12708e+14
32699 8.2087e+19 3.10361e+15 3.36875e+14 3.12925e+14
32724 8.20929e+19 3.10338e+15 3.36821e+14 3.1298e+14
32749 8.20988e+19 3.10338e+15 3.36658e+14 3.11676e+14
32774 8.21046e+19 3.10331e+15 3.36658e+14 3.11242e+14
32799 8.21105e+19 3.10314e+15 3.36604e+14 3.11133e+14
32824 8.21164e+19 3.10302e+15 3.3655e+14 3.11568e+14
32849 8.21222e+19 3.10301e+15 3.36387e+14 3.11839e+14
32874 8.21281e+19 3.10322e+15 3.36332e+14 3.12111e+14
32899 8.2134e+19 3.10343e+15 3.36332e+14 3.12437e+14
32924 8.21399e+19 3.10326e+15 3.36278e+14 3.12491e+14
32949 8.21457e+19 3.1032e+15 3.36224e+14 3.10699e+14
32974 8.21516e+19 3.10314e+15 3.36169e+14 3.10264e+14
32999 8.21575e+19 3.10313e+15 3.36061e+14 3.10536e+14
33024 8.21634e+19 3.10296e+15 3.36007e+14 3.11025e+14
33049 8.21692e+19 3.1029e+15 3.35952e+14 3.11296e+14
33074 8.21751e+19 3.10289e+15 3.35952e+14 3.11513e+14
33099 8.2181e+19 3.10283e+15 3.35735e+14 3.11676e+14
33124 8.21869e+19 3.10255e+15 3.35735e+14 3.1135e+14
33149 8.21927e+19 3.10265e+15 3.35626e+14 3.09558e+14
33174 8.21986e+19 3.10249e+15 3.35572e+14 3.08364e+14
33199 8.22045e+19 3.10259e+15 3.35518e+14 3.08581e+14
33224 8.22104e+19 3.10275e+15 3.35463e+14 3.08907e+14
33249 8.22163e+19 3.10269e+15 3.35409e+14 3.09232e+14
33274 8.22221e+19 3.10241e+15 3.35355e+14 3.09287e+14
33299 8.2228e+19 3.1024e+15 3.35355e+14 3.09395e+14
33324 8.22339e+19 3.10223e+15 3.35355e+14 3.09504e+14
33349 8.22398e+19 3.10207e+15 3.35355e+14 3.08852e+14
33374 8.22457e+19 3.10185e+15 3.35138e+14 3.07657e+14
33399 8.22515e+19 3.10173e+15 3.35029e+14 3.07929e+14
33424 8.22574e+19 3.10167e+15 3.3492e+14 3.08092e+14
33449 8.22633e+19 3.10156e+15 3.34866e+14 3.08364e+14
33474 8.22692e+19 3.10161e+15 3.34812e+14 3.08581e+14
33499 8.22751e+19 3.10144e+15 3.34812e+14 3.08961e+14
33524 8.2281e+19 3.10128e+15 3.34757e+14 3.08961e+14
33549 8.22869e+19 3.10116e+15 3.34703e+14 3.07983e+14
33574 8.22928e+19 3.10089e+15 3.34703e+14 3.07006e+14
33599 8.22987e+19 3.10067e+15 3.34649e+14 3.07114e+14
33624 8.23045e+19 3.10056e+15 3.34649e+14 3.07332e+14
33649 8.23104e+19 3.10034e+15 3.34649e+14 3.07549e+14
33674 8.23163e+19 3.10055e+15 3.34486e+14 3.07766e+14
33699 8.23222e+19 3.10055e+15 3.34432e+14 3.0782e+14
33724 8.23281e+19 3.10017e+15 3.34377e+14 3.07929e+14
33749 8.2334e+19 3.10017e+15 3.34377e+14 3.0668e+14
33774 8.23399e+19 3.10005e+15 3.34269e+14 3.05865e+14
33799 8.23458e+19 3.09989e+15 3.34269e+14 3.0592e+14
33824 8.23517e+19 3.09989e+15 3.34214e+14 3.06191e+14
33849 8.23576e+19 3.09978e+15 3.34214e+14 3.06463e+14
33874 8.23634e+19 3.09967e+15 3.3416e+14 3.06843e+14
33899 8.23693e+19 3.0995e+15 3.34106e+14 3.07006e+14
33924 8.23752e+19 3.09945e+15 3.33943e+14 3.07006e+14
33949 8.23811e+19 3.09923e+15 3.33834e+14 3.0592e+14
33974 8.2387e+19 3.09923e+15 3.33726e+14 3.05051e+14
33999 8.23929e+19 3.09901e+15 3.33617e+14 3.05159e+14
34024 8.23988e+19 3.09901e+15 3.33617e+14 3.05377e+14
34049 8.24047e+19 3.09885e+15 3.33563e+14 3.05702e+14
34074 8.24106e+19 3.0988e+15 3.33508e+14 3.0592e+14
34099 8.24165e+19 3.09863e+15 3.334e+14 3.06137e+14
34124 8.24224e+19 3.09874e+15 3.33237e+14 3.063e+14
34149 8.24283e+19 3.09874e+15 3.33128e+14 3.04996e+14
34174 8.24342e+19 3.0988e+15 3.3302e+14 3.04127e+14
34199 8.24402e+19 3.09875e+15 3.32911e+14 3.04236e+14
34224 8.24461e+19 3.09858e+15 3.32802e+14 3.04562e+14
34249 8.2452e+19 3.09842e+15 3.32748e+14 3.04779e+14
34274 8.24579e+19 3.09826e+15 3.32694e+14 3.04942e+14
34299 8.24638e+19 3.09816e+15 3.32585e+14 3.05051e+14
34324 8.24697e+19 3.09789e+15 3.32585e+14 3.05268e+14
34349 8.24756e+19 3.09805e+15 3.32531e+14 3.04019e+14
34374 8.24816e+19 3.09789e+15 3.32368e+14 3.0315e+14
34399 8.24875e+19 3.09773e+15 3.32314e+14 3.03313e+14
34424 8.24934e+19 3.09773e+15 3.32259e+14 3.03367e+14
34449 8.24993e+19 3.09768e+15 3.32259e+14 3.03639e+14
34474 8.25052e+19 3.09752e+15 3.32151e+14 3.03856e+14
34499 8.25112e+19 3.09742e+15 3.32096e+14 3.04127e+14
34524 8.25171e+19 3.09742e+15 3.31933e+14 3.0429e+14
34549 8.2523e+19 3.09797e+15 3.31879e+14 3.03476e+14
34574 8.25289e+19 3.09803e+15 3.31716e+14 3.02498e+14
34599 8.25349e+19 3.09787e+15 3.31608e+14 3.0277e+14
34624 8.25408e+19 3.09771e+15 3.3139e+14 3.02878e+14
34649 8.25467e+19 3.09777e+15 3.31336e+14 3.03204e+14
34674 8.25527e+19 3.09777e+15 3.31336e+14 3.03421e+14
34699 8.25586e+19 3.09772e+15 3.31227e+14 3.03693e+14
34724 8.25646e+19 3.09778e+15 3.31173e+14 3.03584e+14
34749 8.25705e+19 3.09789e+15 3.31064e+14 3.0239e+14
34774 8.25764e+19 3.09779e+15 3.31064e+14 3.01358e+14
34799 8.25824e+19 3.09791e+15 3.30956e+14 3.01684e+14
34824 8.25883e+19 3.0978e+15 3.30902e+14 3.02009e+14
34849 8.25943e+19 3.09759e+15 3.3063e+14 3.0239e+14
34874 8.26002e+19 3.09749e+15 3.30576e+14 3.02933e+14
34899 8.26062e+19 3.09755e+15 3.30521e+14 3.03204e+14
34924 8.26121e+19 3.09761e+15 3.30413e+14 3.03041e+14
34949 8.26181e+19 3.09756e+15 3.30304e+14 3.02064e+14
34974 8.2624e+19 3.09746e+15 3.30141e+14 3.0076e+14
34999 8.263e+19 3.0973e+15 3.30033e+14 3.0076e+14
35024 8.26359e+19 3.09747e+15 3.29978e+14 3.00978e+14
35049 8.26419e+19 3.09754e+15 3.29815e+14 3.01249e+14
35074 8.26478e+19 3.09744e+15 3.29707e+14 3.01575e+14
35099 8.26538e+19 3.09723e+15 3.29707e+14 3.01955e+14
35124 8.26598e+19 3.09718e+15 3.29598e+14 3.01792e+14
35149 8.26657e+19 3.09708e+15 3.29598e+14 3.00978e+14
35174 8.26717e+19 3.0972e+15 3.29435e+14 3e+14
35199 8.26777e+19 3.09704e+15 3.29381e+14 3.00272e+14
35224 8.26836e+19 3.09716e+15 3.29272e+14 3.0038e+14
35249 8.26896e+19 3.09695e+15 3.29272e+14 3.00489e+14
35274 8.26956e+19 3.09669e+15 3.29218e+14 3.00652e+14
35299 8.27015e+19 3.09648e+15 3.29164e+14 3.0076e+14
35324 8.27075e+19 3.09638e+15 3.28946e+14 3.01086e+14
35349 8.27135e+19 3.09612e+15 3.28675e+14 3.00489e+14
35374 8.27195e+19 3.09597e+15 3.28566e+14 2.99783e+14
35399 8.27255e+19 3.09565e+15 3.28458e+14 2.99837e+14
35424 8.27314e+19 3.0955e+15 3.28458e+14 3.00054e+14
35449 8.27374e+19 3.09545e+15 3.28403e+14 3.00217e+14
35474 8.27434e+19 3.09535e+15 3.2824e+14 3.00326e+14
35499 8.27494e+19 3.09531e+15 3.28132e+14 3.0038e+14
35524 8.27554e+19 3.09527e+15 3.27915e+14 3.00272e+14
35549 8.27614e+19 3.09512e+15 3.2786e+14 2.99403e+14
35574 8.27674e+19 3.09507e+15 3.27589e+14 2.98805e+14
35599 8.27734e+19 3.0953e+15 3.27426e+14 2.98805e+14
35624 8.27794e+19 3.0952e+15 3.27426e+14 2.98968e+14
35649 8.27854e+19 3.09511e+15 3.27317e+14 2.99403e+14
35674 8.27914e+19 3.09517e+15 3.27046e+14 2.9962e+14
35699 8.27974e+19 3.09508e+15 3.26883e+14 2.99783e+14
35724 8.28034e+19 3.09514e+15 3.26883e+14 2.99891e+14
35749 8.28094e+19 3.09488e+15 3.26774e+14 2.99403e+14
35774 8.28154e+19 3.09473e+15 3.26665e+14 2.98316e+14
35799 8.28215e+19 3.0948e+15 3.26557e+14 2.98642e+14
35824 8.28275e+19 3.09487e+15 3.26394e+14 2.9886e+14
35849 8.28335e+19 3.09477e+15 3.2634e+14 2.98968e+14
35874 8.28395e+19 3.09479e+15 3.2634e+14 2.99185e+14
35899 8.28455e+19 3.09464e+15 3.26285e+14 2.99511e+14
35924 8.28516e+19 3.09443e+15 3.26177e+14 2.99783e+14
35949 8.28576e+19 3.09434e+15 3.26014e+14 2.98914e+14
35974 8.28636e+19 3.09408e+15 3.25959e+14 2.97882e+14
35999 8.28696e+19 3.09377e+15 3.25959e+14 2.97991e+14
36024 8.28757e+19 3.09346e+15 3.25742e+14 2.98316e+14
36049 8.28817e+19 3.09331e+15 3.25688e+14 2.98534e+14
36074 8.28877e+19 3.09322e+15 3.25579e+14 2.9886e+14
36099 8.28938e+19 3.09307e+15 3.25416e+14 2.9924e+14
36124 8.28998e+19 3.09303e+15 3.25362e+14 2.99185e+14
36149 8.29058e+19 3.09283e+15 3.25199e+14 2.98316e+14
36174 8.29119e+19 3.0929e+15 3.25091e+14 2.97828e+14
36199 8.29179e+19 3.09286e+15 3.24982e+14 2.97773e+14
36224 8.2924e+19 3.09309e+15 3.24873e+14 2.97882e+14
36249 8.293e+19 3.09295e+15 3.24819e+14 2.98099e+14
36274 8.29361e+19 3.09275e+15 3.24819e+14 2.98316e+14
36299 8.29421e+19 3.09271e+15 3.24765e+14 2.98534e+14
36324 8.29482e+19 3.09262e+15 3.24656e+14 2.98751e+14
36349 8.29542e+19 3.09236e+15 3.24656e+14 2.97936e+14
36374 8.29603e+19 3.09222e+15 3.24493e+14 2.97013e+14
36399 8.29663e+19 3.09212e+15 3.24493e+14 2.97013e+14
36424 8.29724e+19 3.09203e+15 3.24385e+14 2.9723e+14
36449 8.29784e+19 3.09227e+15 3.24385e+14 2.97339e+14
36474 8.29845e+19 3.09218e+15 3.24276e+14 2.97393e+14
36499 8.29905e+19 3.09203e+15 3.24113e+14 2.9761e+14
36524 8.29966e+19 3.09189e+15 3.24059e+14 2.97828e+14
36549 8.30026e+19 3.09174e+15 3.23896e+14 2.97556e+14
36574 8.30087e+19 3.0916e+15 3.23896e+14 2.96416e+14
36599 8.30148e+19 3.09162e+15 3.23841e+14 2.9647e+14
36624 8.30208e+19 3.09153e+15 3.23787e+14 2.96904e+14
36649 8.30269e+19 3.09149e+15 3.23787e+14 2.97122e+14
36674 8.30329e+19 3.09129e+15 3.23787e+14 2.97176e+14
36699 8.3039e+19 3.09115e+15 3.23678e+14 2.97502e+14
36724 8.30451e+19 3.09122e+15 3.23516e+14 2.97719e+14
36749 8.30511e+19 3.09108e+15 3.23461e+14 2.9723e+14
36774 8.30572e+19 3.09088e+15 3.23298e+14 2.96361e+14
36799 8.30633e+19 3.0909e+15 3.23135e+14 2.96579e+14
36824 8.30693e+19 3.09081e+15 3.23135e+14 2.96959e+14
36849 8.30754e+19 3.09078e+15 3.23135e+14 2.96959e+14
36874 8.30815e+19 3.09075e+15 3.22972e+14 2.97176e+14
36899 8.30876e+19 3.0906e+15 3.22918e+14 2.97285e+14
36924 8.30936e+19 3.09046e+15 3.2281e+14 2.97393e+14
36949 8.30997e+19 3.09054e+15 3.22755e+14 2.97285e+14
36974 8.31058e+19 3.09029e+15 3.22647e+14 2.96416e+14
36999 8.31119e+19 3.09015e+15 3.22592e+14 2.9647e+14
37024 8.3118e+19 3.09006e+15 3.22429e+14 2.96687e+14
37049 8.31241e+19 3.08992e+15 3.22375e+14 2.96796e+14
37074 8.31301e+19 3.08978e+15 3.22266e+14 2.96959e+14
37099 8.31362e+19 3.08974e+15 3.22212e+14 2.97285e+14
37124 8.31423e+19 3.08982e+15 3.22104e+14 2.97393e+14
37149 8.31484e+19 3.0899e+15 3.21886e+14 2.97285e+14
37174 8.31545e+19 3.09014e+15 3.21723e+14 2.96633e+14
37199 8.31606e+19 3.08994e+15 3.21615e+14 2.96796e+14
37224 8.31667e+19 3.08986e+15 3.2156e+14 2.96959e+14
37249 8.31728e+19 3.08993e+15 3.2156e+14 2.97067e+14
37274 8.31789e+19 3.08979e+15 3.21506e+14 2.97067e+14
37299 8.3185e+19 3.08982e+15 3.21343e+14 2.97448e+14
37324 8.31911e+19 3.08968e+15 3.2118e+14 2.97556e+14
37349 8.31972e+19 3.0897e+15 3.21017e+14 2.97122e+14
37374 8.32033e+19 3.08973e+15 3.20746e+14 2.96253e+14
37399 8.32094e+19 3.08991e+15 3.20692e+14 2.9647e+14
37424 8.32156e+19 3.08972e+15 3.20583e+14 2.96524e+14
37449 8.32217e+19 3.08969e+15 3.20583e+14 2.96687e+14
37474 8.32278e+19 3.08961e+15 3.20474e+14 2.97013e+14
37499 8.32339e+19 3.08969e+15 3.20311e+14 2.97502e+14
37524 8.324e+19 3.0896e+15 3.20311e+14 2.9761e+14
37549 8.32462e+19 3.08952e+15 3.20203e+14 2.97122e+14
37574 8.32523e+19 3.08944e+15 3.20094e+14 2.9609e+14
37599 8.32584e+19 3.08957e+15 3.2004e+14 2.96253e+14
37624 8.32645e+19 3.0896e+15 3.19931e+14 2.96361e+14
37649 8.32707e+19 3.08957e+15 3.19823e+14 2.96633e+14
37674 8.32768e+19 3.0897e+15 3.19714e+14 2.96959e+14
37699 8.32829e+19 3.09e+15 3.19551e+14 2.9723e+14
37724 8.32891e+19 3.09008e+15 3.19442e+14 2.97393e+14
37749 8.32952e+19 3.08984e+15 3.1928e+14 2.9685e+14
37774 8.33013e+19 3.0897e+15 3.19062e+14 2.9609e+14
37799 8.33075e+19 3.08978e+15 3.18954e+14 2.96253e+14
37824 8.33136e+19 3.09002e+15 3.18899e+14 2.96198e+14
37849 8.33198e+19 3.08978e+15 3.18845e+14 2.96361e+14
37874 8.33259e+19 3.08981e+15 3.18682e+14 2.96687e+14
37899 8.33321e+19 3.08994e+15 3.18573e+14 2.9685e+14
37924 8.33382e+19 3.09008e+15 3.18356e+14 2.97176e+14
37949 8.33444e+19 3.08989e+15 3.18302e+14 2.96796e+14
37974 8.33506e+19 3.0897e+15 3.18302e+14 2.96579e+14
37999 8.33567e+19 3.08951e+15 3.18248e+14 2.96796e+14
38024 8.33629e+19 3.08943e+15 3.18193e+14 2.96959e+14
38049 8.3369e+19 3.08919e+15 3.18139e+14 2.97176e+14
38074 8.33752e+19 3.08917e+15 3.1803e+14 2.97448e+14
38099 8.33814e+19 3.08909e+15 3.17922e+14 2.97828e+14
38124 8.33875e+19 3.08901e+15 3.17759e+14 2.98262e+14
38149 8.33937e+19 3.08887e+15 3.17705e+14 2.96959e+14
38174 8.33999e+19 3.08874e+15 3.1765e+14 2.95981e+14
38199 8.3406e+19 3.08861e+15 3.17487e+14 2.9647e+14
38224 8.34122e+19 3.08874e+15 3.17433e+14 2.96741e+14
38249 8.34184e+19 3.08861e+15 3.17433e+14 2.96687e+14
38274 8.34246e+19 3.08853e+15 3.17433e+14 2.9685e+14
38299 8.34307e+19 3.08867e+15 3.17324e+14 2.97067e+14
38324 8.34369e+19 3.08859e+15 3.17216e+14 2.97285e+14
38349 8.34431e+19 3.08852e+15 3.17216e+14 2.97013e+14
38374 8.34493e+19 3.08833e+15 3.17161e+14 2.96307e+14
38399 8.34554e+19 3.08825e+15 3.17107e+14 2.96361e+14
38424 8.34616e+19 3.08845e+15 3.16944e+14 2.96633e+14
38449 8.34678e+19 3.08831e+15 3.1689e+14 2.97067e+14
38474 8.3474e+19 3.08829e+15 3.1689e+14 2.97339e+14
38499 8.34802e+19 3.08832e+15 3.16836e+14 2.9761e+14
38524 8.34863e+19 3.08852e+15 3.16781e+14 2.97882e+14
38549 8.34925e+19 3.08855e+15 3.16781e+14 2.9723e+14
38574 8.34987e+19 3.08864e+15 3.16727e+14 2.96904e+14
38599 8.35049e+19 3.08861e+15 3.16618e+14 2.96904e+14
38624 8.35111e+19 3.0887e+15 3.16618e+14 2.97176e+14
38649 8.35172e+19 3.08852e+15 3.16564e+14 2.97393e+14
38674 8.35234e+19 3.0885e+15 3.16455e+14 2.97773e+14
38699 8.35296e+19 3.08842e+15 3.16455e+14 2.97991e+14
38724 8.35358e+19 3.08851e+15 3.16401e+14 2.98316e+14
38749 8.3542e+19 3.08843e+15 3.16401e+14 2.9761e+14
38774 8.35482e+19 3.08825e+15 3.16401e+14 2.96741e+14
38799 8.35544e+19 3.08861e+15 3.16293e+14 2.96741e+14
38824 8.35605e+19 3.08842e+15 3.16293e+14 2.96904e+14
38849 8.35667e+19 3.08851e+15 3.16238e+14 2.97067e+14
38874 8.35729e+19 3.08849e+15 3.16238e+14 2.97393e+14
38899 8.35791e+19 3.08836e+15 3.16238e+14 2.97556e+14
38924 8.35853e+19 3.08851e+15 3.16238e+14 2.97773e+14
38949 8.35915e+19 3.08854e+15 3.16184e+14 2.97828e+14
38974 8.35977e+19 3.08847e+15 3.16075e+14 2.97448e+14
38999 8.36039e+19 3.08861e+15 3.16021e+14 2.9761e+14
39024 8.361e+19 3.0887e+15 3.15967e+14 2.98099e+14
39049 8.36162e+19 3.08863e+15 3.15912e+14 2.98425e+14
39074 8.36224e+19 3.08872e+15 3.15749e+14 2.98588e+14
39099 8.36286e+19 3.08864e+15 3.15749e+14 2.99077e+14
39124 8.36348e+19 3.08873e+15 3.15695e+14 2.99457e+14
39149 8.3641e+19 3.08882e+15 3.15641e+14 2.98914e+14
39174 8.36472e+19 3.0888e+15 3.15641e+14 2.97448e+14
39199 8.36534e+19 3.08889e+15 3.15587e+14 2.97556e+14
39224 8.36596e+19 3.08898e+15 3.15587e+14 2.98099e+14
39249 8.36658e+19 3.08897e+15 3.15478e+14 2.98479e+14
39274 8.3672e+19 3.08873e+15 3.15478e+14 2.98914e+14
39299 8.36782e+19 3.08871e+15 3.15478e+14 2.99294e+14
39324 8.36844e+19 3.08864e+15 3.15424e+14 2.99511e+14
39349 8.36906e+19 3.08846e+15 3.15206e+14 2.99131e+14
39374 8.36968e+19 3.08845e+15 3.15152e+14 2.98262e+14
39399 8.3703e+19 3.08854e+15 3.15098e+14 2.98642e+14
39424 8.37092e+19 3.08874e+15 3.15098e+14 2.98914e+14
39449 8.37154e+19 3.08878e+15 3.15043e+14 2.99077e+14
39474 8.37216e+19 3.08925e+15 3.14935e+14 2.99457e+14
39499 8.37278e+19 3.0895e+15 3.14935e+14 2.99837e+14
39524 8.3734e+19 3.08965e+15 3.14935e+14 3e+14
39549 8.37402e+19 3.08985e+15 3.14772e+14 2.99728e+14
39574 8.37464e+19 3.08978e+15 3.14772e+14 2.99077e+14
39599 8.37526e+19 3.08976e+15 3.14663e+14 2.99348e+14
39624 8.37588e+19 3.09007e+15 3.14609e+14 3.00109e+14
39649 8.3765e+19 3.09017e+15 3.145e+14 3.00652e+14
39674 8.37712e+19 3.09032e+15 3.145e+14 3.00923e+14
39699 8.37775e+19 3.09041e+15 3.14392e+14 3.01412e+14
39724 8.37837e+19 3.09077e+15 3.14066e+14 3.01792e+14
39749 8.37899e+19 3.0913e+15 3.14066e+14 3.00543e+14
39774 8.37961e+19 3.09167e+15 3.14066e+14 2.99077e+14
39799 8.38023e+19 3.09182e+15 3.13957e+14 2.99403e+14
39824 8.38086e+19 3.0918e+15 3.13903e+14 3.00054e+14
39849 8.38148e+19 3.09222e+15 3.13794e+14 3.0038e+14
39874 8.3821e+19 3.09259e+15 3.13686e+14 3.01195e+14
39899 8.38272e+19 3.09301e+15 3.13577e+14 3.01738e+14
39924 8.38335e+19 3.0931e+15 3.13469e+14 3.02172e+14
39949 8.38397e+19 3.09331e+15 3.1336e+14 3.01303e+14
39974 8.38459e+19 3.0934e+15 3.1336e+14 3.00163e+14
39999 8.38522e+19 3.09376e+15 3.13251e+14 3.00597e+14
