Iteration / Neutral Density / Excited Density / Ion Density / Electron Density
199 6.27565e+20 3.13441e+16 4.69596e+15 4.59443e+15
399 6.27565e+20 3.13183e+16 4.66974e+15 4.59227e+15
599 6.27565e+20 3.1292e+16 4.64333e+15 4.57768e+15
799 6.27565e+20 3.12659e+16 4.61858e+15 4.55546e+15
999 6.27565e+20 3.12397e+16 4.59876e+15 4.53117e+15
1199 6.27565e+20 3.12141e+16 4.57998e+15 4.5123e+15
1399 6.27565e+20 3.11893e+16 4.56266e+15 4.49366e+15
1599 6.27565e+20 3.11652e+16 4.54628e+15 4.47695e+15
1799 6.27565e+20 3.11421e+16 4.53263e+15 4.46057e+15
1999 6.27565e+20 3.1119e+16 4.51757e+15 4.44593e+15
2199 6.27565e+20 3.10983e+16 4.50425e+15 4.4344e+15
2399 6.27565e+20 3.10771e+16 4.49333e+15 4.41896e+15
2599 6.27565e+20 3.1058e+16 4.47935e+15 4.40946e+15
2799 6.27565e+20 3.10385e+16 4.46787e+15 4.3968e+15
2999 6.27565e+20 3.10191e+16 4.45897e+15 4.38268e+15
3199 6.27565e+20 3.09996e+16 4.44622e+15 4.37392e+15
3399 6.27565e+20 3.09815e+16 4.43384e+15 4.36244e+15
3599 6.27565e+20 3.09638e+16 4.42217e+15 4.35156e+15
3799 6.27565e+20 3.09455e+16 4.41365e+15 4.33923e+15
3999 6.27565e+20 3.09274e+16 4.40155e+15 4.33038e+15
4199 6.27565e+20 3.091e+16 4.38997e+15 4.32102e+15
4399 6.27565e+20 3.08934e+16 4.38155e+15 4.3124e+15
4599 6.27565e+20 3.0877e+16 4.37439e+15 4.30379e+15
4799 6.27565e+20 3.08614e+16 4.36319e+15 4.29739e+15
4999 6.27565e+20 3.08455e+16 4.35373e+15 4.28769e+15
5199 6.27565e+20 3.08294e+16 4.34549e+15 4.27823e+15
5399 6.27565e+20 3.08137e+16 4.33914e+15 4.27381e+15
5599 6.27565e+20 3.07981e+16 4.33048e+15 4.26778e+15
5799 6.27565e+20 3.07833e+16 4.32205e+15 4.26152e+15
5999 6.27565e+20 3.07681e+16 4.31382e+15 4.25498e+15
6199 6.27565e+20 3.07537e+16 4.30784e+15 4.24802e+15
6399 6.27565e+20 3.07386e+16 4.30247e+15 4.24241e+15
6599 6.27565e+20 3.07238e+16 4.29607e+15 4.23926e+15
6799 6.27565e+20 3.07096e+16 4.28779e+15 4.23427e+15
6999 6.27565e+20 3.06957e+16 4.28073e+15 4.23079e+15
7199 6.27565e+20 3.06817e+16 4.27404e+15 4.22396e+15
7399 6.27565e+20 3.06678e+16 4.26915e+15 4.22039e+15
7599 6.27565e+20 3.06537e+16 4.26449e+15 4.2162e+15
7799 6.27565e+20 3.06396e+16 4.26087e+15 4.21304e+15
7999 6.27565e+20 3.0626e+16 4.25498e+15 4.21088e+15
8199 6.27565e+20 3.06127e+16 4.24905e+15 4.2074e+15
8399 6.27565e+20 3.05986e+16 4.2442e+15 4.20363e+15
8599 6.27565e+20 3.05849e+16 4.23912e+15 4.20208e+15
8799 6.27565e+20 3.05717e+16 4.2347e+15 4.19972e+15
8999 6.27565e+20 3.05581e+16 4.23027e+15 4.19878e+15
9199 6.27565e+20 3.05448e+16 4.22726e+15 4.19695e+15
9399 6.27565e+20 3.05316e+16 4.2242e+15 4.19511e+15
9599 6.27565e+20 3.05185e+16 4.22095e+15 4.19125e+15
9799 6.27565e+20 3.05057e+16 4.21789e+15 4.18504e+15
9999 6.27565e+20 3.04934e+16 4.21559e+15 4.17713e+15
10199 6.27565e+20 3.04812e+16 4.21248e+15 4.16974e+15
10399 6.27565e+20 3.04687e+16 4.20871e+15 4.16122e+15
10599 6.27565e+20 3.04569e+16 4.20537e+15 4.15346e+15
10799 6.27565e+20 3.04455e+16 4.20076e+15 4.14536e+15
10999 6.27565e+20 3.04345e+16 4.19558e+15 4.13703e+15
11199 6.27565e+20 3.04231e+16 4.19008e+15 4.12927e+15
11399 6.27565e+20 3.04125e+16 4.18353e+15 4.12037e+15
11599 6.27565e+20 3.04018e+16 4.17779e+15 4.11166e+15
11799 6.27565e+20 3.03912e+16 4.17233e+15 4.10291e+15
11999 6.27565e+20 3.03812e+16 4.1657e+15 4.09509e+15
12199 6.27565e+20 3.03717e+16 4.15779e+15 4.08752e+15
12399 6.27565e+20 3.03629e+16 4.14861e+15 4.07777e+15
12599 6.27565e+20 3.03537e+16 4.14174e+15 4.07015e+15
12799 6.27565e+20 3.03438e+16 4.13647e+15 4.0613e+15
12999 6.27565e+20 3.03341e+16 4.12922e+15 4.0524e+15
13199 6.27565e+20 3.03254e+16 4.11882e+15 4.04586e+15
13399 6.27565e+20 3.03173e+16 4.11072e+15 4.03734e+15
13599 6.27565e+20 3.03089e+16 4.10371e+15 4.02925e+15
13799 6.27565e+20 3.02997e+16 4.09881e+15 4.02209e+15
13999 6.27565e+20 3.02897e+16 4.08921e+15 4.01447e+15
14199 6.27565e+20 3.02811e+16 4.08027e+15 4.0076e+15
14399 6.27565e+20 3.02725e+16 4.07264e+15 4.00072e+15
14599 6.27565e+20 3.02635e+16 4.06667e+15 3.99357e+15
14799 6.27565e+20 3.02547e+16 4.06182e+15 3.9874e+15
14999 6.27565e+20 3.02454e+16 4.05165e+15 3.98105e+15
15199 6.27565e+20 3.02357e+16 4.0436e+15 3.97455e+15
15399 6.27565e+20 3.02263e+16 4.03715e+15 3.96938e+15
15599 6.27565e+20 3.02164e+16 4.03169e+15 3.96458e+15
15799 6.27565e+20 3.02073e+16 4.02722e+15 3.95836e+15
15999 6.27565e+20 3.01987e+16 4.0188e+15 3.95469e+15
16199 6.27565e+20 3.01895e+16 4.0108e+15 3.94909e+15
16399 6.27565e+20 3.01812e+16 4.00548e+15 3.94556e+15
16599 6.27565e+20 3.01727e+16 3.99974e+15 3.94137e+15
16799 6.27565e+20 3.01633e+16 3.99569e+15 3.93709e+15
16999 6.27565e+20 3.01545e+16 3.99192e+15 3.93346e+15
17199 6.27565e+20 3.01463e+16 3.98463e+15 3.93036e+15
17399 6.27565e+20 3.01372e+16 3.97884e+15 3.92791e+15
17599 6.27565e+20 3.01285e+16 3.97413e+15 3.92485e+15
17799 6.27565e+20 3.01193e+16 3.96933e+15 3.92273e+15
17999 6.27565e+20 3.01106e+16 3.96524e+15 3.92057e+15
18199 6.27565e+20 3.01018e+16 3.96194e+15 3.91902e+15
18399 6.27565e+20 3.00926e+16 3.95893e+15 3.91723e+15
18599 6.27565e+20 3.00833e+16 3.95653e+15 3.91549e+15
18799 6.27565e+20 3.00747e+16 3.95272e+15 3.91412e+15
18999 6.27565e+20 3.0066e+16 3.94839e+15 3.91318e+15
19199 6.27565e+20 3.00576e+16 3.9449e+15 3.91276e+15
19399 6.27565e+20 3.0049e+16 3.94109e+15 3.91228e+15
19599 6.27565e+20 3.00406e+16 3.9385e+15 3.91148e+15
19799 6.27565e+20 3.00323e+16 3.93572e+15 3.91106e+15
19999 6.27565e+20 3.00252e+16 3.93365e+15 3.91115e+15
20199 6.27565e+20 3.00173e+16 3.93097e+15 3.9096e+15
20399 6.27565e+20 3.0009e+16 3.92909e+15 3.90452e+15
20599 6.27565e+20 3.00012e+16 3.92711e+15 3.90136e+15
20799 6.27565e+20 2.99935e+16 3.92485e+15 3.89586e+15
20999 6.27565e+20 2.99859e+16 3.92292e+15 3.89186e+15
21199 6.27565e+20 2.99777e+16 3.92094e+15 3.88823e+15
21399 6.27565e+20 2.99698e+16 3.91883e+15 3.88395e+15
21599 6.27565e+20 2.99615e+16 3.91671e+15 3.87995e+15
21799 6.27565e+20 2.99535e+16 3.91421e+15 3.87604e+15
21999 6.27565e+20 2.99454e+16 3.91177e+15 3.87218e+15
22199 6.27565e+20 2.99375e+16 3.90904e+15 3.86828e+15
22399 6.27565e+20 2.99294e+16 3.90607e+15 3.86371e+15
22599 6.27565e+20 2.99217e+16 3.90329e+15 3.86013e+15
22799 6.27565e+20 2.99141e+16 3.89986e+15 3.85472e+15
22999 6.27565e+20 2.99066e+16 3.89628e+15 3.85138e+15
23199 6.27565e+20 2.9899e+16 3.89261e+15 3.84564e+15
23399 6.27565e+20 2.98916e+16 3.88899e+15 3.84178e+15
23599 6.27565e+20 2.98841e+16 3.8848e+15 3.83787e+15
23799 6.27565e+20 2.98766e+16 3.88146e+15 3.83401e+15
23999 6.27565e+20 2.98693e+16 3.87731e+15 3.83039e+15
24199 6.27565e+20 2.98618e+16 3.87345e+15 3.82634e+15
24399 6.27565e+20 2.98546e+16 3.86978e+15 3.82064e+15
24599 6.27566e+20 2.9847e+16 3.86583e+15 3.81754e+15
24799 6.27566e+20 2.984e+16 3.86178e+15 3.81406e+15
24999 6.27566e+20 2.98326e+16 3.85769e+15 3.80996e+15
25199 6.27566e+20 2.98253e+16 3.85383e+15 3.80605e+15
25399 6.27566e+20 2.98184e+16 3.85011e+15 3.80408e+15
25599 6.27566e+20 2.98113e+16 3.84634e+15 3.80022e+15
25799 6.27566e+20 2.98043e+16 3.84253e+15 3.79664e+15
25999 6.27566e+20 2.97966e+16 3.83914e+15 3.7941e+15
26199 6.27566e+20 2.97895e+16 3.83476e+15 3.79062e+15
26399 6.27566e+20 2.97818e+16 3.83133e+15 3.78779e+15
26599 6.27566e+20 2.97747e+16 3.82827e+15 3.7861e+15
26799 6.27566e+20 2.97671e+16 3.8245e+15 3.78318e+15
26999 6.27566e+20 2.97596e+16 3.82182e+15 3.78003e+15
27199 6.27566e+20 2.97526e+16 3.81815e+15 3.77885e+15
27399 6.27566e+20 2.97454e+16 3.81504e+15 3.77711e+15
27599 6.27566e+20 2.97381e+16 3.81161e+15 3.7749e+15
27799 6.27566e+20 2.97308e+16 3.80812e+15 3.77362e+15
27999 6.27566e+20 2.97236e+16 3.80511e+15 3.77207e+15
28199 6.27566e+20 2.97163e+16 3.80234e+15 3.77047e+15
28399 6.27566e+20 2.97098e+16 3.79956e+15 3.76929e+15
28599 6.27566e+20 2.97031e+16 3.79749e+15 3.76873e+15
28799 6.27566e+20 2.96963e+16 3.79542e+15 3.76807e+15
28999 6.27566e+20 2.96896e+16 3.79302e+15 3.76718e+15
29199 6.27566e+20 2.96827e+16 3.79085e+15 3.76525e+15
29399 6.27566e+20 2.96756e+16 3.78854e+15 3.76482e+15
29599 6.27566e+20 2.9669e+16 3.78647e+15 3.76487e+15
29799 6.27566e+20 2.96622e+16 3.78445e+15 3.76322e+15
29999 6.27566e+20 2.96563e+16 3.7821e+15 3.75875e+15
30199 6.27566e+20 2.96507e+16 3.78017e+15 3.754e+15
30399 6.27566e+20 2.96449e+16 3.77861e+15 3.74995e+15
30599 6.27566e+20 2.96393e+16 3.77654e+15 3.74557e+15
30799 6.27566e+20 2.96334e+16 3.7748e+15 3.74143e+15
30999 6.27566e+20 2.96269e+16 3.77297e+15 3.73762e+15
31199 6.27566e+20 2.96213e+16 3.77094e+15 3.73296e+15
31399 6.27566e+20 2.96159e+16 3.76878e+15 3.72872e+15
31599 6.27566e+20 2.96097e+16 3.76656e+15 3.72439e+15
31799 6.27566e+20 2.96044e+16 3.76398e+15 3.72053e+15
31999 6.27566e+20 2.95989e+16 3.76153e+15 3.71625e+15
32199 6.27566e+20 2.9593e+16 3.758e+15 3.71206e+15
32399 6.27566e+20 2.95868e+16 3.75484e+15 3.70707e+15
32599 6.27566e+20 2.95812e+16 3.75211e+15 3.70326e+15
32799 6.27566e+20 2.95757e+16 3.74793e+15 3.69907e+15
32999 6.27566e+20 2.95699e+16 3.7444e+15 3.69502e+15
33199 6.27566e+20 2.95641e+16 3.74101e+15 3.69013e+15
33399 6.27566e+20 2.95586e+16 3.73734e+15 3.68688e+15
33599 6.27566e+20 2.95526e+16 3.73404e+15 3.68217e+15
33799 6.27566e+20 2.95468e+16 3.73004e+15 3.6785e+15
33999 6.27566e+20 2.95411e+16 3.72627e+15 3.67394e+15
34199 6.27566e+20 2.9535e+16 3.72256e+15 3.67059e+15
34399 6.27566e+20 2.95293e+16 3.71893e+15 3.66636e+15
34599 6.27566e+20 2.9523e+16 3.71526e+15 3.66306e+15
34799 6.27566e+20 2.95174e+16 3.71145e+15 3.65902e+15
34999 6.27566e+20 2.95117e+16 3.70759e+15 3.65549e+15
35199 6.27566e+20 2.95058e+16 3.70396e+15 3.65186e+15
35399 6.27566e+20 2.94999e+16 3.69926e+15 3.64875e+15
35599 6.27566e+20 2.94943e+16 3.69653e+15 3.64579e+15
35799 6.27566e+20 2.94891e+16 3.69224e+15 3.64292e+15
35999 6.27566e+20 2.94835e+16 3.68824e+15 3.64028e+15
36199 6.27566e+20 2.94783e+16 3.68457e+15 3.63708e+15
36399 6.27566e+20 2.9472e+16 3.68128e+15 3.63421e+15
36599 6.27566e+20 2.9466e+16 3.67775e+15 3.63195e+15
36799 6.27566e+20 2.94601e+16 3.67474e+15 3.62969e+15
36999 6.27566e+20 2.9454e+16 3.67154e+15 3.62739e+15
37199 6.27566e+20 2.94479e+16 3.66805e+15 3.62626e+15
37399 6.27566e+20 2.94419e+16 3.66457e+15 3.62395e+15
37599 6.27566e+20 2.94363e+16 3.6616e+15 3.62193e+15
37799 6.27566e+20 2.943e+16 3.65854e+15 3.62066e+15
37999 6.27566e+20 2.94243e+16 3.65563e+15 3.61934e+15
38199 6.27566e+20 2.94189e+16 3.65323e+15 3.61825e+15
38399 6.27566e+20 2.94128e+16 3.65101e+15 3.61727e+15
38599 6.27566e+20 2.94073e+16 3.6481e+15 3.61618e+15
38799 6.27566e+20 2.94017e+16 3.6457e+15 3.61534e+15
38999 6.27566e+20 2.93956e+16 3.64301e+15 3.61454e+15
39199 6.27566e+20 2.93897e+16 3.64108e+15 3.61416e+15
39399 6.27566e+20 2.93842e+16 3.63854e+15 3.61374e+15
39599 6.27566e+20 2.93785e+16 3.63666e+15 3.61378e+15
39799 6.27566e+20 2.93731e+16 3.63449e+15 3.61364e+15
39999 6.27566e+20 2.93683e+16 3.63228e+15 3.6136e+15
40199 6.27566e+20 2.9364e+16 3.6304e+15 3.61063e+15
40399 6.27566e+20 2.93593e+16 3.62889e+15 3.60748e+15
40599 6.27566e+20 2.93555e+16 3.6271e+15 3.60442e+15
40799 6.27566e+20 2.93513e+16 3.6256e+15 3.5999e+15
40999 6.27566e+20 2.9347e+16 3.62376e+15 3.59656e+15
41199 6.27566e+20 2.9342e+16 3.62188e+15 3.59293e+15
41399 6.27566e+20 2.93373e+16 3.62033e+15 3.58912e+15
41599 6.27566e+20 2.93325e+16 3.61802e+15 3.58512e+15
41799 6.27566e+20 2.93279e+16 3.61618e+15 3.58088e+15
41999 6.27566e+20 2.93225e+16 3.61383e+15 3.57717e+15
42199 6.27566e+20 2.93174e+16 3.61115e+15 3.57354e+15
42399 6.27566e+20 2.93125e+16 3.60879e+15 3.57006e+15
42599 6.27566e+20 2.93076e+16 3.60602e+15 3.56629e+15
42799 6.27566e+20 2.93025e+16 3.60338e+15 3.56201e+15
42999 6.27566e+20 2.92978e+16 3.60018e+15 3.55871e+15
43199 6.27566e+20 2.92929e+16 3.5974e+15 3.55504e+15
43399 6.27566e+20 2.9288e+16 3.59434e+15 3.55316e+15
43599 6.27566e+20 2.92838e+16 3.5911e+15 3.54892e+15
43799 6.27566e+20 2.92785e+16 3.58761e+15 3.54558e+15
43999 6.27566e+20 2.92745e+16 3.58432e+15 3.54205e+15
44199 6.27566e+20 2.92691e+16 3.58126e+15 3.53763e+15
44399 6.27566e+20 2.92639e+16 3.57839e+15 3.53335e+15
44599 6.27566e+20 2.92588e+16 3.57486e+15 3.53165e+15
44799 6.27566e+20 2.9254e+16 3.57133e+15 3.52869e+15
44999 6.27566e+20 2.92488e+16 3.56803e+15 3.5244e+15
45199 6.27566e+20 2.92437e+16 3.56488e+15 3.52054e+15
45399 6.27566e+20 2.92386e+16 3.56187e+15 3.51899e+15
45599 6.27566e+20 2.92341e+16 3.55815e+15 3.51621e+15
45799 6.27566e+20 2.9229e+16 3.55551e+15 3.51367e+15
45999 6.27566e+20 2.92243e+16 3.55184e+15 3.51061e+15
46199 6.27566e+20 2.92195e+16 3.54878e+15 3.50703e+15
46399 6.27566e+20 2.92146e+16 3.54577e+15 3.50576e+15
46599 6.27566e+20 2.9209e+16 3.54234e+15 3.50426e+15
46799 6.27566e+20 2.92049e+16 3.5397e+15 3.50148e+15
46999 6.27566e+20 2.91997e+16 3.53716e+15 3.49856e+15
47199 6.27566e+20 2.91942e+16 3.53372e+15 3.49795e+15
47399 6.27566e+20 2.91894e+16 3.53104e+15 3.49597e+15
47599 6.27566e+20 2.91849e+16 3.5284e+15 3.49522e+15
47799 6.27566e+20 2.91799e+16 3.52591e+15 3.4924e+15
47999 6.27566e+20 2.91753e+16 3.52318e+15 3.49136e+15
48199 6.27566e+20 2.917e+16 3.52092e+15 3.48976e+15
48399 6.27566e+20 2.91654e+16 3.51805e+15 3.48901e+15
48599 6.27566e+20 2.91602e+16 3.51555e+15 3.48811e+15
48799 6.27566e+20 2.91551e+16 3.51353e+15 3.48665e+15
48999 6.27566e+20 2.91498e+16 3.51136e+15 3.48628e+15
49199 6.27566e+20 2.91448e+16 3.50953e+15 3.48552e+15
49399 6.27566e+20 2.91398e+16 3.50741e+15 3.48524e+15
49599 6.27566e+20 2.91355e+16 3.50534e+15 3.48571e+15
49799 6.27566e+20 2.91304e+16 3.50355e+15 3.4836e+15
49999 6.27566e+20 2.9126e+16 3.50172e+15 3.47992e+15
50199 6.27566e+20 2.91224e+16 3.5003e+15 3.47592e+15
50399 6.27566e+20 2.91183e+16 3.49866e+15 3.4715e+15
50599 6.27566e+20 2.91136e+16 3.49673e+15 3.46759e+15
50799 6.27566e+20 2.91103e+16 3.49508e+15 3.46434e+15
50999 6.27566e+20 2.91062e+16 3.49334e+15 3.46025e+15
51199 6.27566e+20 2.91025e+16 3.4916e+15 3.45653e+15
51399 6.27566e+20 2.90985e+16 3.48943e+15 3.45239e+15
51599 6.27566e+20 2.90948e+16 3.48755e+15 3.44848e+15
51799 6.27566e+20 2.90908e+16 3.48524e+15 3.44495e+15
51999 6.27566e+20 2.90872e+16 3.48294e+15 3.44072e+15
52199 6.27566e+20 2.90834e+16 3.48007e+15 3.43672e+15
52399 6.27566e+20 2.9079e+16 3.47719e+15 3.433e+15
52599 6.27566e+20 2.90753e+16 3.4739e+15 3.429e+15
52799 6.27566e+20 2.90714e+16 3.47084e+15 3.42537e+15
52999 6.27566e+20 2.90672e+16 3.46802e+15 3.42133e+15
53199 6.27566e+20 2.90627e+16 3.46496e+15 3.41751e+15
53399 6.27566e+20 2.90584e+16 3.46157e+15 3.41351e+15
53599 6.27566e+20 2.90541e+16 3.45827e+15 3.4097e+15
53799 6.27566e+20 2.90493e+16 3.4547e+15 3.40678e+15
53999 6.27566e+20 2.9045e+16 3.45182e+15 3.40297e+15
54199 6.27566e+20 2.90406e+16 3.44829e+15 3.39967e+15
54399 6.27566e+20 2.90366e+16 3.44495e+15 3.39605e+15
54599 6.27566e+20 2.90322e+16 3.44128e+15 3.39271e+15
54799 6.27566e+20 2.90276e+16 3.43822e+15 3.38899e+15
54999 6.27566e+20 2.90231e+16 3.43465e+15 3.38654e+15
55199 6.27566e+20 2.90186e+16 3.43107e+15 3.38249e+15
55399 6.27566e+20 2.90146e+16 3.42839e+15 3.38019e+15
55599 6.27566e+20 2.90097e+16 3.42443e+15 3.37699e+15
55799 6.27566e+20 2.90055e+16 3.42076e+15 3.37445e+15
55999 6.27566e+20 2.9001e+16 3.41761e+15 3.37181e+15
56199 6.27566e+20 2.89965e+16 3.41403e+15 3.36932e+15
56399 6.27566e+20 2.89921e+16 3.4113e+15 3.36757e+15
56599 6.27566e+20 2.89873e+16 3.40815e+15 3.36456e+15
56799 6.27566e+20 2.89832e+16 3.40466e+15 3.36268e+15
56999 6.27566e+20 2.89788e+16 3.40146e+15 3.36084e+15
57199 6.27566e+20 2.89741e+16 3.39887e+15 3.35915e+15
57399 6.27566e+20 2.89691e+16 3.39624e+15 3.35694e+15
57599 6.27566e+20 2.89644e+16 3.39313e+15 3.35557e+15
57799 6.27566e+20 2.89597e+16 3.39035e+15 3.35463e+15
57999 6.27566e+20 2.89552e+16 3.38767e+15 3.35303e+15
58199 6.27566e+20 2.89502e+16 3.38508e+15 3.35214e+15
58399 6.27566e+20 2.8945e+16 3.38292e+15 3.35119e+15
58599 6.27566e+20 2.89399e+16 3.38056e+15 3.34988e+15
58799 6.27566e+20 2.89351e+16 3.37831e+15 3.34889e+15
58999 6.27566e+20 2.89303e+16 3.37534e+15 3.34884e+15
59199 6.27566e+20 2.89257e+16 3.37322e+15 3.34861e+15
59399 6.27566e+20 2.89213e+16 3.37125e+15 3.34814e+15
59599 6.27566e+20 2.89172e+16 3.36965e+15 3.34823e+15
59799 6.27566e+20 2.89134e+16 3.36757e+15 3.34766e+15
59999 6.27566e+20 2.89096e+16 3.36593e+15 3.34729e+15
60199 6.27566e+20 2.89065e+16 3.36414e+15 3.34446e+15
60399 6.27566e+20 2.89034e+16 3.36226e+15 3.34136e+15
60599 6.27566e+20 2.89003e+16 3.36075e+15 3.33651e+15
60799 6.27566e+20 2.88973e+16 3.35896e+15 3.33359e+15
60999 6.27566e+20 2.88948e+16 3.35736e+15 3.32964e+15
61199 6.27566e+20 2.88917e+16 3.35538e+15 3.3255e+15
61399 6.27566e+20 2.88886e+16 3.35345e+15 3.32154e+15
61599 6.27566e+20 2.8885e+16 3.35152e+15 3.31815e+15
61799 6.27566e+20 2.88819e+16 3.34931e+15 3.31524e+15
61999 6.27566e+20 2.88784e+16 3.34729e+15 3.31086e+15
62199 6.27566e+20 2.88748e+16 3.34423e+15 3.30799e+15
62399 6.27566e+20 2.88712e+16 3.34164e+15 3.30262e+15
62599 6.27566e+20 2.88677e+16 3.33886e+15 3.29857e+15
62799 6.27566e+20 2.88635e+16 3.33604e+15 3.29533e+15
62999 6.27566e+20 2.88596e+16 3.33298e+15 3.29227e+15
63199 6.27566e+20 2.88552e+16 3.33025e+15 3.28765e+15
63399 6.27566e+20 2.88516e+16 3.32714e+15 3.28422e+15
63599 6.27566e+20 2.88477e+16 3.3239e+15 3.28083e+15
63799 6.27566e+20 2.88434e+16 3.32027e+15 3.27706e+15
63999 6.27566e+20 2.88391e+16 3.31731e+15 3.27372e+15
64199 6.27566e+20 2.88347e+16 3.31396e+15 3.27047e+15
64399 6.27566e+20 2.88311e+16 3.31062e+15 3.26713e+15
64599 6.27566e+20 2.88271e+16 3.30747e+15 3.26426e+15
64799 6.27566e+20 2.88233e+16 3.30427e+15 3.26106e+15
64999 6.27566e+20 2.88196e+16 3.30088e+15 3.25857e+15
65199 6.27566e+20 2.88156e+16 3.29782e+15 3.25475e+15
65399 6.27566e+20 2.88119e+16 3.29476e+15 3.25221e+15
65599 6.27566e+20 2.88079e+16 3.29147e+15 3.24948e+15
65799 6.27566e+20 2.88045e+16 3.28831e+15 3.24713e+15
65999 6.27566e+20 2.88003e+16 3.28511e+15 3.24534e+15
66199 6.27566e+20 2.87959e+16 3.28215e+15 3.24261e+15
66399 6.27566e+20 2.87917e+16 3.27895e+15 3.23969e+15
66599 6.27566e+20 2.87878e+16 3.27612e+15 3.23724e+15
66799 6.27566e+20 2.8783e+16 3.27316e+15 3.23602e+15
66999 6.27566e+20 2.87793e+16 3.2708e+15 3.23367e+15
67199 6.27566e+20 2.87749e+16 3.26756e+15 3.23211e+15
67399 6.27566e+20 2.8771e+16 3.26506e+15 3.23037e+15
67599 6.27566e+20 2.87666e+16 3.26214e+15 3.22877e+15
67799 6.27566e+20 2.87625e+16 3.25974e+15 3.22788e+15
67999 6.27566e+20 2.87582e+16 3.25753e+15 3.22548e+15
68199 6.27566e+20 2.87536e+16 3.2549e+15 3.22524e+15
68399 6.27566e+20 2.87491e+16 3.25264e+15 3.22397e+15
68599 6.27566e+20 2.87449e+16 3.25052e+15 3.22308e+15
68799 6.27566e+20 2.87404e+16 3.24868e+15 3.22228e+15
68999 6.27566e+20 2.87357e+16 3.24581e+15 3.22171e+15
69199 6.27566e+20 2.87313e+16 3.24379e+15 3.22162e+15
69399 6.27566e+20 2.87269e+16 3.24219e+15 3.2211e+15
69599 6.27566e+20 2.87233e+16 3.2403e+15 3.22054e+15
69799 6.27566e+20 2.87199e+16 3.23866e+15 3.21837e+15
69999 6.27566e+20 2.87176e+16 3.2372e+15 3.21503e+15
70199 6.27566e+20 2.87144e+16 3.23503e+15 3.21098e+15
70399 6.27566e+20 2.87113e+16 3.23339e+15 3.20679e+15
70599 6.27566e+20 2.87091e+16 3.23207e+15 3.20298e+15
70799 6.27566e+20 2.87062e+16 3.23047e+15 3.19954e+15
70999 6.27566e+20 2.87031e+16 3.22844e+15 3.19611e+15
71199 6.27566e+20 2.87001e+16 3.2267e+15 3.19225e+15
71399 6.27566e+20 2.86965e+16 3.22472e+15 3.18768e+15
71599 6.27566e+20 2.8693e+16 3.22242e+15 3.18476e+15
71799 6.27566e+20 2.86894e+16 3.21992e+15 3.18095e+15
71999 6.27566e+20 2.86864e+16 3.21809e+15 3.177e+15
72199 6.27566e+20 2.86828e+16 3.21517e+15 3.17295e+15
72399 6.27566e+20 2.868e+16 3.21305e+15 3.16871e+15
72599 6.27566e+20 2.86767e+16 3.2099e+15 3.16509e+15
72799 6.27566e+20 2.86734e+16 3.20693e+15 3.16156e+15
72999 6.27566e+20 2.86702e+16 3.2035e+15 3.15751e+15
73199 6.27566e+20 2.86674e+16 3.2003e+15 3.15337e+15
73399 6.27566e+20 2.86644e+16 3.19705e+15 3.14956e+15
73599 6.27566e+20 2.86606e+16 3.19361e+15 3.14608e+15
73799 6.27566e+20 2.86574e+16 3.19022e+15 3.14212e+15
73999 6.27566e+20 2.86545e+16 3.18693e+15 3.13897e+15
74199 6.27566e+20 2.86506e+16 3.18364e+15 3.13591e+15
74399 6.27566e+20 2.86467e+16 3.18039e+15 3.13224e+15
74599 6.27566e+20 2.86427e+16 3.17719e+15 3.1288e+15
74799 6.27566e+20 2.86385e+16 3.17366e+15 3.12579e+15
74999 6.27566e+20 2.86346e+16 3.17017e+15 3.12315e+15
75199 6.27566e+20 2.86315e+16 3.16688e+15 3.11986e+15
75399 6.27566e+20 2.86276e+16 3.16396e+15 3.11671e+15
75599 6.27566e+20 2.86235e+16 3.16043e+15 3.11445e+15
75799 6.27566e+20 2.86191e+16 3.15728e+15 3.11176e+15
75999 6.27566e+20 2.86155e+16 3.15408e+15 3.10946e+15
76199 6.27566e+20 2.86122e+16 3.1505e+15 3.10654e+15
76399 6.27566e+20 2.86084e+16 3.14725e+15 3.10404e+15
76599 6.27566e+20 2.86053e+16 3.14438e+15 3.10197e+15
76799 6.27566e+20 2.8602e+16 3.14127e+15 3.10056e+15
76999 6.27566e+20 2.85985e+16 3.13826e+15 3.09816e+15
77199 6.27566e+20 2.85946e+16 3.13483e+15 3.09665e+15
77399 6.27566e+20 2.85911e+16 3.13214e+15 3.0951e+15
77599 6.27566e+20 2.85867e+16 3.12932e+15 3.09294e+15
77799 6.27566e+20 2.85833e+16 3.12673e+15 3.09176e+15
77999 6.27566e+20 2.85793e+16 3.12424e+15 3.09068e+15
78199 6.27566e+20 2.85751e+16 3.12184e+15 3.08931e+15
78399 6.27566e+20 2.85713e+16 3.11958e+15 3.08842e+15
78599 6.27566e+20 2.85671e+16 3.11675e+15 3.08752e+15
78799 6.27566e+20 2.85628e+16 3.1144e+15 3.08719e+15
78999 6.27566e+20 2.85588e+16 3.11247e+15 3.08654e+15
79199 6.27566e+20 2.85549e+16 3.11073e+15 3.08606e+15
79399 6.27566e+20 2.85509e+16 3.10875e+15 3.08564e+15
79599 6.27566e+20 2.85471e+16 3.10654e+15 3.08578e+15
79799 6.27566e+20 2.85436e+16 3.10475e+15 3.08541e+15
79999 6.27566e+20 2.85402e+16 3.10329e+15 3.08475e+15
80199 6.27566e+20 2.85377e+16 3.10174e+15 3.08282e+15
80399 6.27566e+20 2.85356e+16 3.10033e+15 3.07835e+15
80599 6.27566e+20 2.85337e+16 3.09835e+15 3.07444e+15
80799 6.27566e+20 2.85322e+16 3.09656e+15 3.07091e+15
80999 6.27566e+20 2.85306e+16 3.09477e+15 3.06766e+15
81199 6.27566e+20 2.85286e+16 3.09275e+15 3.06328e+15
81399 6.27566e+20 2.85263e+16 3.09082e+15 3.05957e+15
81599 6.27566e+20 2.85236e+16 3.08879e+15 3.05585e+15
81799 6.27566e+20 2.85208e+16 3.08621e+15 3.05331e+15
81999 6.27566e+20 2.85185e+16 3.08371e+15 3.04893e+15
82199 6.27566e+20 2.85152e+16 3.08159e+15 3.04596e+15
82399 6.27566e+20 2.85122e+16 3.07915e+15 3.0421e+15
82599 6.27566e+20 2.85087e+16 3.0766e+15 3.03857e+15
82799 6.27566e+20 2.85051e+16 3.07392e+15 3.03537e+15
82999 6.27566e+20 2.85023e+16 3.07138e+15 3.0318e+15
83199 6.27566e+20 2.84992e+16 3.06874e+15 3.02902e+15
83399 6.27566e+20 2.84959e+16 3.0655e+15 3.02431e+15
83599 6.27566e+20 2.84922e+16 3.06225e+15 3.02125e+15
83799 6.27566e+20 2.8489e+16 3.0598e+15 3.01749e+15
83999 6.27566e+20 2.84853e+16 3.05764e+15 3.01499e+15
84199 6.27566e+20 2.84822e+16 3.05349e+15 3.01292e+15
84399 6.27566e+20 2.84796e+16 3.05076e+15 3.01047e+15
84599 6.27566e+20 2.84767e+16 3.04775e+15 3.00596e+15
84799 6.27566e+20 2.84732e+16 3.04446e+15 3.00318e+15
84999 6.27566e+20 2.847e+16 3.0422e+15 3.00003e+15
85199 6.27566e+20 2.84664e+16 3.03707e+15 2.99795e+15
85399 6.27566e+20 2.84633e+16 3.03476e+15 2.99518e+15
85599 6.27566e+20 2.84602e+16 3.03213e+15 2.99136e+15
85799 6.27566e+20 2.84566e+16 3.02963e+15 2.98868e+15
85999 6.27566e+20 2.84531e+16 3.02624e+15 2.98708e+15
86199 6.27566e+20 2.84497e+16 3.0229e+15 2.98473e+15
86399 6.27566e+20 2.84464e+16 3.02092e+15 2.98261e+15
86599 6.27566e+20 2.84427e+16 3.01857e+15 2.9804e+15
86799 6.27566e+20 2.84388e+16 3.01433e+15 2.9788e+15
86999 6.27566e+20 2.8436e+16 3.01179e+15 2.97804e+15
87199 6.27566e+20 2.84327e+16 3.0101e+15 2.97522e+15
87399 6.27566e+20 2.84285e+16 3.0077e+15 2.97343e+15
87599 6.27566e+20 2.84253e+16 3.00572e+15 2.97277e+15
87799 6.27566e+20 2.84221e+16 3.00276e+15 2.97098e+15
87999 6.27566e+20 2.84191e+16 2.99932e+15 2.96957e+15
88199 6.27566e+20 2.84158e+16 2.99725e+15 2.96929e+15
88399 6.27566e+20 2.84121e+16 2.99546e+15 2.96727e+15
88599 6.27566e+20 2.84089e+16 2.99329e+15 2.96689e+15
88799 6.27566e+20 2.8405e+16 2.99141e+15 2.96562e+15
88999 6.27566e+20 2.84018e+16 2.98939e+15 2.96552e+15
89199 6.27566e+20 2.83984e+16 2.98675e+15 2.96487e+15
89399 6.27566e+20 2.8395e+16 2.98529e+15 2.96468e+15
89599 6.27566e+20 2.83922e+16 2.98289e+15 2.96411e+15
89799 6.27566e+20 2.83895e+16 2.9812e+15 2.96148e+15
89999 6.27566e+20 2.8387e+16 2.97979e+15 2.95762e+15
90199 6.27566e+20 2.83856e+16 2.97814e+15 2.95446e+15
90399 6.27566e+20 2.83836e+16 2.97644e+15 2.95056e+15
90599 6.27566e+20 2.83815e+16 2.97466e+15 2.94618e+15
90799 6.27566e+20 2.83797e+16 2.97315e+15 2.94227e+15
90999 6.27566e+20 2.8377e+16 2.97141e+15 2.93827e+15
91199 6.27566e+20 2.8375e+16 2.96948e+15 2.9346e+15
91399 6.27566e+20 2.83725e+16 2.96778e+15 2.93098e+15
91599 6.27566e+20 2.83696e+16 2.96614e+15 2.92726e+15
91799 6.27566e+20 2.83673e+16 2.96397e+15 2.92298e+15
91999 6.27566e+20 2.83647e+16 2.96162e+15 2.91916e+15
92199 6.27566e+20 2.83625e+16 2.95828e+15 2.91549e+15
92399 6.27566e+20 2.83593e+16 2.95508e+15 2.91168e+15
92599 6.27566e+20 2.83568e+16 2.95206e+15 2.9081e+15
92799 6.27566e+20 2.83545e+16 2.94882e+15 2.90486e+15
92999 6.27566e+20 2.83524e+16 2.94547e+15 2.90109e+15
93199 6.27566e+20 2.83495e+16 2.94256e+15 2.89789e+15
93399 6.27566e+20 2.83471e+16 2.93987e+15 2.89398e+15
93599 6.27566e+20 2.8344e+16 2.9362e+15 2.89088e+15
93799 6.27566e+20 2.83416e+16 2.93319e+15 2.88763e+15
93999 6.27566e+20 2.83388e+16 2.93008e+15 2.88476e+15
94199 6.27566e+20 2.83359e+16 2.92684e+15 2.88175e+15
94399 6.27566e+20 2.83326e+16 2.92429e+15 2.87836e+15
94599 6.27566e+20 2.83294e+16 2.92109e+15 2.87492e+15
94799 6.27566e+20 2.8326e+16 2.91818e+15 2.87196e+15
94999 6.27566e+20 2.83232e+16 2.91483e+15 2.86993e+15
95199 6.27566e+20 2.83198e+16 2.91177e+15 2.86626e+15
95399 6.27566e+20 2.83165e+16 2.90848e+15 2.86414e+15
95599 6.27566e+20 2.8313e+16 2.9058e+15 2.86108e+15
95799 6.27566e+20 2.83091e+16 2.90278e+15 2.85859e+15
95999 6.27566e+20 2.83058e+16 2.89925e+15 2.85605e+15
96199 6.27566e+20 2.83024e+16 2.89662e+15 2.85412e+15
96399 6.27566e+20 2.82993e+16 2.89365e+15 2.85219e+15
96599 6.27566e+20 2.82957e+16 2.89069e+15 2.84913e+15
96799 6.27566e+20 2.8293e+16 2.88749e+15 2.84776e+15
96999 6.27566e+20 2.82899e+16 2.88457e+15 2.84612e+15
97199 6.27566e+20 2.82867e+16 2.88203e+15 2.84442e+15
97399 6.27566e+20 2.82834e+16 2.8792e+15 2.84301e+15
97599 6.27566e+20 2.828e+16 2.87666e+15 2.84164e+15
97799 6.27566e+20 2.8277e+16 2.87403e+15 2.84061e+15
97999 6.27566e+20 2.82736e+16 2.87153e+15 2.83943e+15
98199 6.27566e+20 2.82703e+16 2.86927e+15 2.83807e+15
98399 6.27566e+20 2.8267e+16 2.86715e+15 2.83736e+15
98599 6.27566e+20 2.82632e+16 2.86504e+15 2.83628e+15
98799 6.27566e+20 2.82598e+16 2.86311e+15 2.83581e+15
98999 6.27566e+20 2.82563e+16 2.86118e+15 2.83534e+15
99199 6.27566e+20 2.82537e+16 2.85882e+15 2.83501e+15
99399 6.27566e+20 2.82507e+16 2.85699e+15 2.83444e+15
99599 6.27566e+20 2.8248e+16 2.85525e+15 2.83411e+15
99799 6.27566e+20 2.82453e+16 2.85332e+15 2.83383e+15
99999 6.27566e+20 2.82435e+16 2.85148e+15 2.83308e+15
100199 6.27566e+20 2.82417e+16 2.84946e+15 2.83162e+15
100399 6.27566e+20 2.82403e+16 2.84781e+15 2.82715e+15
100599 6.27566e+20 2.82386e+16 2.84668e+15 2.82376e+15
100799 6.27566e+20 2.82367e+16 2.84513e+15 2.82009e+15
100999 6.27566e+20 2.82347e+16 2.8432e+15 2.81703e+15
101199 6.27566e+20 2.82332e+16 2.8416e+15 2.81194e+15
101399 6.27566e+20 2.82318e+16 2.83934e+15 2.80827e+15
101599 6.27566e+20 2.823e+16 2.83717e+15 2.80526e+15
101799 6.27566e+20 2.82285e+16 2.8351e+15 2.8015e+15
101999 6.27566e+20 2.82262e+16 2.83289e+15 2.7982e+15
102199 6.27566e+20 2.82238e+16 2.83049e+15 2.79462e+15
102399 6.27566e+20 2.82212e+16 2.82785e+15 2.79081e+15
102599 6.27566e+20 2.82187e+16 2.82498e+15 2.78752e+15
102799 6.27566e+20 2.82168e+16 2.82216e+15 2.78333e+15
102999 6.27566e+20 2.82144e+16 2.81919e+15 2.77904e+15
103199 6.27566e+20 2.82124e+16 2.81627e+15 2.77584e+15
103399 6.27566e+20 2.82094e+16 2.81317e+15 2.77194e+15
103599 6.27566e+20 2.82063e+16 2.81039e+15 2.76892e+15
103799 6.27566e+20 2.8204e+16 2.80761e+15 2.76615e+15
103999 6.27566e+20 2.82017e+16 2.8039e+15 2.76299e+15
104199 6.27566e+20 2.81988e+16 2.80187e+15 2.75965e+15
104399 6.27566e+20 2.81958e+16 2.79815e+15 2.75608e+15
104599 6.27566e+20 2.81934e+16 2.79542e+15 2.7533e+15
104799 6.27566e+20 2.81907e+16 2.79194e+15 2.75038e+15
104999 6.27566e+20 2.81877e+16 2.78879e+15 2.74713e+15
105199 6.27566e+20 2.81855e+16 2.78587e+15 2.74501e+15
105399 6.27566e+20 2.81826e+16 2.78257e+15 2.7421e+15
105599 6.27566e+20 2.81798e+16 2.77989e+15 2.74003e+15
105799 6.27566e+20 2.81771e+16 2.77707e+15 2.73791e+15
105999 6.27566e+20 2.81743e+16 2.77377e+15 2.73527e+15
106199 6.27566e+20 2.81718e+16 2.77034e+15 2.73217e+15
106399 6.27566e+20 2.81686e+16 2.76841e+15 2.72925e+15
106599 6.27566e+20 2.81655e+16 2.76521e+15 2.72774e+15
106799 6.27566e+20 2.81624e+16 2.76276e+15 2.72675e+15
106999 6.27566e+20 2.81595e+16 2.76022e+15 2.7244e+15
107199 6.27566e+20 2.81566e+16 2.75692e+15 2.72454e+15
107399 6.27566e+20 2.81538e+16 2.75485e+15 2.72106e+15
107599 6.27566e+20 2.81506e+16 2.75212e+15 2.72002e+15
107799 6.27566e+20 2.81475e+16 2.74944e+15 2.71889e+15
107999 6.27566e+20 2.81448e+16 2.74676e+15 2.71668e+15
108199 6.27566e+20 2.81419e+16 2.74454e+15 2.71626e+15
108399 6.27566e+20 2.81388e+16 2.74271e+15 2.71451e+15
108599 6.27566e+20 2.81354e+16 2.74017e+15 2.71447e+15
108799 6.27566e+20 2.81327e+16 2.73819e+15 2.71329e+15
108999 6.27566e+20 2.81297e+16 2.73621e+15 2.71259e+15
109199 6.27566e+20 2.81264e+16 2.73419e+15 2.71263e+15
109399 6.27566e+20 2.8123e+16 2.73198e+15 2.71268e+15
109599 6.27566e+20 2.81205e+16 2.73061e+15 2.71211e+15
109799 6.27566e+20 2.81179e+16 2.72892e+15 2.7091e+15
109999 6.27566e+20 2.81159e+16 2.72741e+15 2.70604e+15
110199 6.27566e+20 2.81144e+16 2.72567e+15 2.70148e+15
110399 6.27566e+20 2.81128e+16 2.72445e+15 2.69823e+15
110599 6.27566e+20 2.81114e+16 2.72327e+15 2.69442e+15
110799 6.27566e+20 2.81097e+16 2.72096e+15 2.69032e+15
110999 6.27566e+20 2.81077e+16 2.71922e+15 2.68623e+15
111199 6.27566e+20 2.81062e+16 2.71753e+15 2.68331e+15
111399 6.27566e+20 2.81044e+16 2.71579e+15 2.67903e+15
111599 6.27566e+20 2.81026e+16 2.71357e+15 2.67512e+15
111799 6.27566e+20 2.81001e+16 2.71066e+15 2.67135e+15
111999 6.27566e+20 2.80978e+16 2.70863e+15 2.66829e+15
112199 6.27566e+20 2.80952e+16 2.70576e+15 2.66401e+15
112399 6.27566e+20 2.80929e+16 2.70317e+15 2.66076e+15
112599 6.27566e+20 2.80902e+16 2.69983e+15 2.65686e+15
112799 6.27566e+20 2.80878e+16 2.69738e+15 2.65342e+15
112999 6.27566e+20 2.80848e+16 2.69479e+15 2.64999e+15
113199 6.27566e+20 2.80826e+16 2.6915e+15 2.64641e+15
113399 6.27566e+20 2.808e+16 2.68853e+15 2.6426e+15
113599 6.27566e+20 2.80773e+16 2.6858e+15 2.63977e+15
113799 6.27566e+20 2.80752e+16 2.68246e+15 2.63596e+15
113999 6.27566e+20 2.80727e+16 2.67931e+15 2.63252e+15
114199 6.27566e+20 2.80695e+16 2.67583e+15 2.62937e+15
114399 6.27566e+20 2.80667e+16 2.67286e+15 2.62645e+15
114599 6.27566e+20 2.80639e+16 2.66975e+15 2.62386e+15
114799 6.27566e+20 2.80614e+16 2.66636e+15 2.62062e+15
114999 6.27566e+20 2.80594e+16 2.66312e+15 2.61756e+15
115199 6.27566e+20 2.80567e+16 2.65987e+15 2.61506e+15
115399 6.27566e+20 2.80544e+16 2.65705e+15 2.61233e+15
115599 6.27566e+20 2.80513e+16 2.65422e+15 2.60988e+15
115799 6.27566e+20 2.80485e+16 2.65102e+15 2.60734e+15
115999 6.27566e+20 2.80452e+16 2.64782e+15 2.60466e+15
116199 6.27566e+20 2.80417e+16 2.64514e+15 2.60264e+15
116399 6.27566e+20 2.80383e+16 2.64208e+15 2.60005e+15
116599 6.27566e+20 2.80356e+16 2.63935e+15 2.59854e+15
116799 6.27566e+20 2.80326e+16 2.63615e+15 2.59703e+15
116999 6.27566e+20 2.80296e+16 2.63309e+15 2.59468e+15
117199 6.27566e+20 2.80266e+16 2.63088e+15 2.59303e+15
117399 6.27566e+20 2.80234e+16 2.62791e+15 2.59172e+15
117599 6.27566e+20 2.80204e+16 2.62546e+15 2.58979e+15
117799 6.27566e+20 2.80169e+16 2.62283e+15 2.58786e+15
117999 6.27566e+20 2.80138e+16 2.62062e+15 2.58687e+15
118199 6.27566e+20 2.8011e+16 2.61779e+15 2.58612e+15
118399 6.27566e+20 2.80078e+16 2.6152e+15 2.58508e+15
118599 6.27566e+20 2.80044e+16 2.61308e+15 2.58442e+15
118799 6.27566e+20 2.80015e+16 2.61101e+15 2.58324e+15
118999 6.27566e+20 2.79989e+16 2.6088e+15 2.58287e+15
119199 6.27566e+20 2.7996e+16 2.60626e+15 2.58259e+15
119399 6.27566e+20 2.79927e+16 2.60447e+15 2.58207e+15
119599 6.27566e+20 2.79897e+16 2.60273e+15 2.5816e+15
119799 6.27566e+20 2.79871e+16 2.60056e+15 2.58155e+15
119999 6.27566e+20 2.79858e+16 2.59854e+15 2.58037e+15
