Iteration / Neutral Density / Excited Density / Ion Density / Electron Density
0 7.24071e+19 3.62036e+15 5.43053e+14 5.43053e+14
200 7.24071e+19 3.60289e+15 5.42608e+14 4.86532e+14 
400 7.24071e+19 3.58933e+15 5.40735e+14 4.83345e+14 
600 7.24071e+19 3.57781e+15 5.37791e+14 4.82378e+14 
800 7.24071e+19 3.56777e+15 5.34245e+14 4.8165e+14 
1000 7.24071e+19 3.55871e+15 5.30134e+14 4.78734e+14 
1200 7.24071e+19 3.55032e+15 5.26018e+14 4.76736e+14 
1400 7.24072e+19 3.54245e+15 5.21641e+14 4.74873e+14 
1600 7.24072e+19 3.53512e+15 5.17628e+14 4.69817e+14 
1800 7.24072e+19 3.52808e+15 5.13582e+14 4.66179e+14 
2000 7.24072e+19 3.52142e+15 5.10003e+14 4.63817e+14 
2200 7.24072e+19 3.51498e+15 5.06327e+14 4.61052e+14 
2400 7.24072e+19 3.50875e+15 5.03134e+14 4.58826e+14 
2600 7.24072e+19 3.50274e+15 5.00136e+14 4.55986e+14 
2800 7.24072e+19 3.49681e+15 4.97301e+14 4.53504e+14 
3000 7.24072e+19 3.49113e+15 4.94298e+14 4.50696e+14 
3200 7.24072e+19 3.48564e+15 4.91615e+14 4.48807e+14 
3400 7.24072e+19 3.48013e+15 4.88819e+14 4.47378e+14 
3600 7.24072e+19 3.47486e+15 4.86299e+14 4.45494e+14 
3800 7.24072e+19 3.46975e+15 4.83958e+14 4.43349e+14 
4000 7.24072e+19 3.4647e+15 4.81493e+14 4.41063e+14 
4200 7.24072e+19 3.45974e+15 4.79256e+14 4.39347e+14 
4400 7.24072e+19 3.45485e+15 4.76937e+14 4.37663e+14 
4600 7.24072e+19 3.45001e+15 4.74808e+14 4.35871e+14 
4800 7.24072e+19 3.44531e+15 4.72609e+14 4.34139e+14 
5000 7.24072e+19 3.4407e+15 4.70464e+14 4.32721e+14 
5200 7.24072e+19 3.43608e+15 4.68514e+14 4.31038e+14 
5400 7.24072e+19 3.43161e+15 4.66434e+14 4.29697e+14 
5600 7.24072e+19 3.42721e+15 4.64566e+14 4.28485e+14 
5800 7.24072e+19 3.42289e+15 4.62763e+14 4.27139e+14 
6000 7.24072e+19 3.4186e+15 4.60819e+14 4.25911e+14 
6200 7.24072e+19 3.41439e+15 4.59168e+14 4.24988e+14 
6400 7.24072e+19 3.41028e+15 4.57447e+14 4.24185e+14 
6600 7.24072e+19 3.40621e+15 4.55785e+14 4.23229e+14 
6800 7.24072e+19 3.40219e+15 4.54058e+14 4.22371e+14 
7000 7.24072e+19 3.39827e+15 4.52516e+14 4.21594e+14 
7200 7.24072e+19 3.39435e+15 4.51087e+14 4.2091e+14 
7400 7.24072e+19 3.39048e+15 4.49708e+14 4.20296e+14 
7600 7.24072e+19 3.38668e+15 4.48318e+14 4.199e+14 
7800 7.24072e+19 3.38295e+15 4.46971e+14 4.19563e+14 
8000 7.24072e+19 3.37926e+15 4.45695e+14 4.19226e+14 
8200 7.24072e+19 3.37558e+15 4.44478e+14 4.1902e+14 
8400 7.24072e+19 3.37195e+15 4.43349e+14 4.18781e+14 
8600 7.24072e+19 3.36836e+15 4.42339e+14 4.18624e+14 
8800 7.24072e+19 3.36485e+15 4.41405e+14 4.18618e+14 
9000 7.24072e+19 3.36137e+15 4.40406e+14 4.18575e+14 
9200 7.24072e+19 3.35797e+15 4.39412e+14 4.18635e+14 
9400 7.24072e+19 3.35467e+15 4.38635e+14 4.18787e+14 
9600 7.24072e+19 3.35145e+15 4.37897e+14 4.18955e+14 
9800 7.24072e+19 3.34826e+15 4.37305e+14 4.18678e+14 
10000 7.24072e+19 3.34514e+15 4.36794e+14 4.17646e+14 
10200 7.24072e+19 3.34226e+15 4.36566e+14 4.15778e+14 
10400 7.24072e+19 3.33956e+15 4.36349e+14 4.13807e+14 
10600 7.24072e+19 3.33698e+15 4.3655e+14 4.124e+14 
10800 7.24072e+19 3.33432e+15 4.36615e+14 4.11075e+14 
11000 7.24072e+19 3.33183e+15 4.36729e+14 4.10049e+14 
11200 7.24072e+19 3.32935e+15 4.37044e+14 4.09071e+14 
11400 7.24072e+19 3.32697e+15 4.37294e+14 4.08105e+14 
11600 7.24072e+19 3.32471e+15 4.37511e+14 4.071e+14 
11800 7.24072e+19 3.32258e+15 4.37772e+14 4.06139e+14 
12000 7.24072e+19 3.32036e+15 4.37772e+14 4.05292e+14 
12200 7.24072e+19 3.31812e+15 4.3781e+14 4.04412e+14 
12400 7.24072e+19 3.31609e+15 4.37761e+14 4.03586e+14 
12600 7.24072e+19 3.31408e+15 4.37571e+14 4.0268e+14 
12800 7.24072e+19 3.31201e+15 4.37446e+14 4.01811e+14 
13000 7.24072e+19 3.31e+15 4.37283e+14 4.0098e+14 
13200 7.24072e+19 3.30824e+15 4.36876e+14 4.001e+14 
13400 7.24072e+19 3.30628e+15 4.36474e+14 3.996e+14 
13600 7.24072e+19 3.3043e+15 4.3617e+14 3.98954e+14 
13800 7.24072e+19 3.30227e+15 4.36007e+14 3.98596e+14 
14000 7.24072e+19 3.30032e+15 4.35404e+14 3.98118e+14 
14200 7.24072e+19 3.29839e+15 4.34932e+14 3.97472e+14 
14400 7.24072e+19 3.29644e+15 4.34236e+14 3.96869e+14 
14600 7.24072e+19 3.29452e+15 4.33503e+14 3.96559e+14 
14800 7.24072e+19 3.29256e+15 4.32901e+14 3.96098e+14 
15000 7.24072e+19 3.29059e+15 4.32276e+14 3.95815e+14 
15200 7.24072e+19 3.28862e+15 4.31782e+14 3.95614e+14 
15400 7.24072e+19 3.28672e+15 4.3106e+14 3.95316e+14 
15600 7.24072e+19 3.28493e+15 4.30707e+14 3.95517e+14 
15800 7.24072e+19 3.28305e+15 4.30088e+14 3.953e+14 
16000 7.24072e+19 3.2813e+15 4.2949e+14 3.95191e+14 
16200 7.24072e+19 3.27949e+15 4.28996e+14 3.95446e+14 
16400 7.24072e+19 3.27771e+15 4.28529e+14 3.95506e+14 
16600 7.24072e+19 3.27613e+15 4.27904e+14 3.95805e+14 
16800 7.24072e+19 3.27451e+15 4.27709e+14 3.96358e+14 
17000 7.24072e+19 3.27273e+15 4.27188e+14 3.96695e+14 
17200 7.24072e+19 3.27104e+15 4.26601e+14 3.97086e+14 
17400 7.24072e+19 3.26931e+15 4.26406e+14 3.9758e+14 
17600 7.24072e+19 3.26758e+15 4.2615e+14 3.9827e+14 
17800 7.24072e+19 3.26593e+15 4.25928e+14 3.98764e+14 
18000 7.24072e+19 3.26423e+15 4.25705e+14 3.99541e+14 
18200 7.24072e+19 3.26255e+15 4.25542e+14 4.00176e+14 
18400 7.24072e+19 3.26093e+15 4.2558e+14 4.00877e+14 
18600 7.24072e+19 3.25922e+15 4.25358e+14 4.01675e+14 
18800 7.24072e+19 3.25746e+15 4.25401e+14 4.02495e+14 
19000 7.24072e+19 3.25594e+15 4.25292e+14 4.03223e+14 
19200 7.24072e+19 3.25429e+15 4.25243e+14 4.03939e+14 
19400 7.24072e+19 3.25261e+15 4.25102e+14 4.04754e+14 
19600 7.24072e+19 3.25106e+15 4.25227e+14 4.05688e+14 
19800 7.24072e+19 3.24946e+15 4.25233e+14 4.06427e+14 
20000 7.24072e+19 3.2479e+15 4.25314e+14 4.07214e+14 
20200 7.24072e+19 3.24622e+15 4.25564e+14 4.0805e+14 
20400 7.24072e+19 3.24482e+15 4.25863e+14 4.08963e+14 
20600 7.24072e+19 3.24327e+15 4.26389e+14 4.0987e+14 
20800 7.24072e+19 3.24183e+15 4.26764e+14 4.0988e+14 
21000 7.24072e+19 3.24048e+15 4.27128e+14 4.09343e+14 
21200 7.24072e+19 3.23908e+15 4.27519e+14 4.08778e+14 
21400 7.24072e+19 3.23778e+15 4.27888e+14 4.08268e+14 
21600 7.24072e+19 3.23631e+15 4.28317e+14 4.07936e+14 
21800 7.24072e+19 3.23499e+15 4.28817e+14 4.07263e+14 
22000 7.24072e+19 3.23362e+15 4.29045e+14 4.06975e+14 
22200 7.24072e+19 3.23236e+15 4.2955e+14 4.06562e+14 
22400 7.24072e+19 3.23093e+15 4.29963e+14 4.06318e+14 
22600 7.24072e+19 3.2297e+15 4.3025e+14 4.05911e+14 
22800 7.24072e+19 3.22829e+15 4.30489e+14 4.05536e+14 
23000 7.24072e+19 3.22687e+15 4.30717e+14 4.05172e+14 
23200 7.24072e+19 3.2255e+15 4.3075e+14 4.04819e+14 
23400 7.24072e+19 3.22399e+15 4.30978e+14 4.04477e+14 
23600 7.24072e+19 3.22256e+15 4.31125e+14 4.0433e+14 
23800 7.24072e+19 3.22122e+15 4.30913e+14 4.03782e+14 
24000 7.24072e+19 3.2198e+15 4.30799e+14 4.03521e+14 
24200 7.24072e+19 3.21829e+15 4.30701e+14 4.03272e+14 
24400 7.24072e+19 3.21699e+15 4.3056e+14 4.02881e+14 
24600 7.24072e+19 3.21554e+15 4.30321e+14 4.02593e+14 
24800 7.24072e+19 3.21402e+15 4.3024e+14 4.02365e+14 
25000 7.24072e+19 3.21273e+15 4.29946e+14 4.02256e+14 
25200 7.24072e+19 3.21116e+15 4.29615e+14 4.02055e+14 
25400 7.24072e+19 3.20962e+15 4.29246e+14 4.01811e+14 
25600 7.24072e+19 3.20828e+15 4.28898e+14 4.01327e+14 
25800 7.24072e+19 3.20686e+15 4.28676e+14 4.01545e+14 
26000 7.24072e+19 3.20547e+15 4.28404e+14 4.01403e+14 
26200 7.24072e+19 3.2041e+15 4.281e+14 4.01441e+14 
26400 7.24072e+19 3.20265e+15 4.27698e+14 4.0149e+14 
26600 7.24072e+19 3.20117e+15 4.27285e+14 4.01414e+14 
26800 7.24072e+19 3.19981e+15 4.2696e+14 4.01528e+14 
27000 7.24072e+19 3.19842e+15 4.26693e+14 4.01778e+14 
27200 7.24071e+19 3.19697e+15 4.2627e+14 4.01838e+14 
27400 7.24071e+19 3.19548e+15 4.26091e+14 4.02213e+14 
27600 7.24071e+19 3.19405e+15 4.25678e+14 4.02446e+14 
27800 7.24071e+19 3.19266e+15 4.25396e+14 4.02777e+14 
28000 7.24071e+19 3.19134e+15 4.25222e+14 4.03103e+14 
28200 7.24071e+19 3.18989e+15 4.24967e+14 4.03424e+14 
28400 7.24071e+19 3.18845e+15 4.24565e+14 4.0382e+14 
28600 7.24071e+19 3.18696e+15 4.24375e+14 4.04292e+14 
28800 7.24071e+19 3.1856e+15 4.24271e+14 4.04933e+14 
29000 7.24071e+19 3.18425e+15 4.24206e+14 4.05493e+14 
29200 7.24071e+19 3.18287e+15 4.24147e+14 4.06068e+14 
29400 7.24071e+19 3.18151e+15 4.24206e+14 4.06611e+14 
29600 7.24071e+19 3.18025e+15 4.24157e+14 4.07171e+14 
29800 7.24071e+19 3.17896e+15 4.24261e+14 4.07801e+14 
30000 7.24071e+19 3.17777e+15 4.24347e+14 4.0836e+14 
30200 7.24071e+19 3.17667e+15 4.24646e+14 4.09142e+14 
30400 7.24071e+19 3.17564e+15 4.25102e+14 4.09576e+14 
30600 7.24071e+19 3.17466e+15 4.25906e+14 4.09343e+14 
30800 7.24071e+19 3.17397e+15 4.26666e+14 4.09251e+14 
31000 7.24071e+19 3.17346e+15 4.27872e+14 4.09006e+14 
31200 7.24071e+19 3.17272e+15 4.29235e+14 4.09175e+14 
31400 7.24071e+19 3.17225e+15 4.30696e+14 4.09386e+14 
31600 7.24071e+19 3.17176e+15 4.32281e+14 4.09951e+14 
31800 7.24071e+19 3.17125e+15 4.33764e+14 4.10309e+14 
32000 7.24071e+19 3.17087e+15 4.35404e+14 4.11396e+14 
32200 7.24071e+19 3.17028e+15 4.3706e+14 4.1233e+14 
32400 7.24071e+19 3.16978e+15 4.38461e+14 4.12938e+14 
32600 7.24071e+19 3.16918e+15 4.39765e+14 4.13579e+14 
32800 7.24071e+19 3.16853e+15 4.40856e+14 4.1391e+14 
33000 7.24071e+19 3.16813e+15 4.41899e+14 4.14334e+14 
33200 7.24071e+19 3.16757e+15 4.42458e+14 4.14562e+14 
33400 7.24071e+19 3.16677e+15 4.43056e+14 4.14714e+14 
33600 7.24071e+19 3.16597e+15 4.43419e+14 4.14757e+14 
33800 7.24071e+19 3.16508e+15 4.43648e+14 4.14697e+14 
34000 7.24071e+19 3.16427e+15 4.43789e+14 4.14665e+14 
34200 7.24071e+19 3.16327e+15 4.43805e+14 4.14567e+14 
34400 7.24071e+19 3.16232e+15 4.43821e+14 4.14426e+14 
34600 7.24071e+19 3.16135e+15 4.4374e+14 4.14214e+14 
34800 7.24071e+19 3.16039e+15 4.43729e+14 4.14198e+14 
35000 7.24071e+19 3.15929e+15 4.43409e+14 4.14149e+14 
35200 7.24071e+19 3.15827e+15 4.43077e+14 4.14057e+14 
35400 7.24071e+19 3.15731e+15 4.42784e+14 4.14002e+14 
35600 7.24071e+19 3.15625e+15 4.42393e+14 4.13595e+14 
35800 7.24071e+19 3.15527e+15 4.42089e+14 4.13693e+14 
36000 7.24071e+19 3.15428e+15 4.41932e+14 4.13877e+14 
36200 7.24071e+19 3.15321e+15 4.41714e+14 4.13905e+14 
36400 7.24071e+19 3.15213e+15 4.41405e+14 4.14046e+14 
36600 7.24071e+19 3.151e+15 4.41247e+14 4.14404e+14 
36800 7.24071e+19 3.15005e+15 4.40911e+14 4.14491e+14 
37000 7.24071e+19 3.14902e+15 4.40655e+14 4.14757e+14 
37200 7.24071e+19 3.14788e+15 4.40308e+14 4.14849e+14 
37400 7.24071e+19 3.14669e+15 4.39993e+14 4.15148e+14 
37600 7.24071e+19 3.14549e+15 4.39895e+14 4.15507e+14 
37800 7.24071e+19 3.14436e+15 4.39596e+14 4.15936e+14 
38000 7.24071e+19 3.14318e+15 4.39509e+14 4.16305e+14 
38200 7.24071e+19 3.14203e+15 4.39178e+14 4.16777e+14 
38400 7.24071e+19 3.14105e+15 4.38928e+14 4.17109e+14 
38600 7.24071e+19 3.13997e+15 4.38858e+14 4.17706e+14 
38800 7.24071e+19 3.13876e+15 4.38727e+14 4.18195e+14 
39000 7.24071e+19 3.13769e+15 4.38603e+14 4.187e+14 
39200 7.24071e+19 3.13647e+15 4.38543e+14 4.1933e+14 
39400 7.24071e+19 3.13548e+15 4.38565e+14 4.199e+14 
39600 7.24071e+19 3.13452e+15 4.38575e+14 4.20459e+14 
39800 7.24071e+19 3.13348e+15 4.38581e+14 4.21029e+14 
40000 7.24071e+19 3.13257e+15 4.38809e+14 4.21686e+14 
40200 7.24071e+19 3.13157e+15 4.39108e+14 4.22463e+14 
40400 7.24071e+19 3.13062e+15 4.39341e+14 4.23033e+14 
40600 7.24071e+19 3.12983e+15 4.39781e+14 4.23777e+14 
40800 7.24071e+19 3.12902e+15 4.40568e+14 4.24271e+14 
41000 7.24071e+19 3.12844e+15 4.41568e+14 4.2406e+14 
41200 7.24071e+19 3.128e+15 4.42675e+14 4.2388e+14 
41400 7.24071e+19 3.12776e+15 4.44082e+14 4.24266e+14 
41600 7.24071e+19 3.12747e+15 4.45689e+14 4.24798e+14 
41800 7.24071e+19 3.12732e+15 4.4715e+14 4.25341e+14 
42000 7.24071e+19 3.12685e+15 4.48698e+14 4.25727e+14 
42200 7.24071e+19 3.12636e+15 4.50159e+14 4.2627e+14 
42400 7.2407e+19 3.12591e+15 4.51055e+14 4.26894e+14 
42600 7.2407e+19 3.12543e+15 4.52157e+14 4.27345e+14 
42800 7.2407e+19 3.1249e+15 4.52782e+14 4.2747e+14 
43000 7.2407e+19 3.1243e+15 4.53325e+14 4.27437e+14 
43200 7.2407e+19 3.12374e+15 4.53917e+14 4.276e+14 
43400 7.2407e+19 3.12302e+15 4.5434e+14 4.2779e+14 
43600 7.2407e+19 3.12228e+15 4.5459e+14 4.27731e+14 
43800 7.2407e+19 3.12143e+15 4.54824e+14 4.27405e+14 
44000 7.2407e+19 3.12071e+15 4.54932e+14 4.27166e+14 
44200 7.2407e+19 3.11984e+15 4.54959e+14 4.27242e+14 
44400 7.2407e+19 3.11892e+15 4.54916e+14 4.27079e+14 
44600 7.2407e+19 3.11814e+15 4.54666e+14 4.26889e+14 
44800 7.2407e+19 3.11724e+15 4.54585e+14 4.26824e+14 
45000 7.2407e+19 3.11634e+15 4.54433e+14 4.26541e+14 
45200 7.2407e+19 3.11544e+15 4.54259e+14 4.26406e+14 
45400 7.2407e+19 3.11447e+15 4.5409e+14 4.26183e+14 
45600 7.2407e+19 3.11358e+15 4.53748e+14 4.26237e+14 
45800 7.2407e+19 3.11275e+15 4.53352e+14 4.26123e+14 
46000 7.2407e+19 3.11184e+15 4.53097e+14 4.26074e+14 
46200 7.2407e+19 3.1109e+15 4.52744e+14 4.2602e+14 
46400 7.2407e+19 3.10992e+15 4.52445e+14 4.26096e+14 
46600 7.2407e+19 3.10892e+15 4.5213e+14 4.26216e+14 
46800 7.2407e+19 3.10794e+15 4.51739e+14 4.26302e+14 
47000 7.2407e+19 3.10694e+15 4.51359e+14 4.26433e+14 
47200 7.2407e+19 3.10601e+15 4.51109e+14 4.2665e+14 
47400 7.2407e+19 3.10501e+15 4.50886e+14 4.27046e+14 
47600 7.2407e+19 3.10404e+15 4.50653e+14 4.27258e+14 
47800 7.2407e+19 3.10297e+15 4.50414e+14 4.27671e+14 
48000 7.2407e+19 3.10206e+15 4.50246e+14 4.28122e+14 
48200 7.2407e+19 3.10112e+15 4.49969e+14 4.28502e+14 
48400 7.2407e+19 3.10007e+15 4.49882e+14 4.29029e+14 
48600 7.2407e+19 3.09906e+15 4.49833e+14 4.29534e+14 
48800 7.2407e+19 3.09824e+15 4.49789e+14 4.29973e+14 
49000 7.2407e+19 3.09729e+15 4.49746e+14 4.30587e+14 
49200 7.2407e+19 3.09648e+15 4.49703e+14 4.31011e+14 
49400 7.2407e+19 3.09567e+15 4.49724e+14 4.31434e+14 
49600 7.2407e+19 3.09482e+15 4.49882e+14 4.3207e+14 
49800 7.2407e+19 3.0939e+15 4.49936e+14 4.32591e+14 
50000 7.2407e+19 3.09311e+15 4.50235e+14 4.33221e+14 
50200 7.2407e+19 3.0924e+15 4.50615e+14 4.33818e+14 
50400 7.2407e+19 3.09164e+15 4.5112e+14 4.34725e+14 
50600 7.2407e+19 3.091e+15 4.51772e+14 4.3498e+14 
50800 7.2407e+19 3.09065e+15 4.52689e+14 4.34698e+14 
51000 7.2407e+19 3.0902e+15 4.53911e+14 4.34427e+14 
51200 7.2407e+19 3.09003e+15 4.55242e+14 4.346e+14 
51400 7.2407e+19 3.08992e+15 4.56817e+14 4.35002e+14 
51600 7.2407e+19 3.08972e+15 4.58326e+14 4.35665e+14 
51800 7.2407e+19 3.08951e+15 4.59814e+14 4.36278e+14 
52000 7.2407e+19 3.08922e+15 4.6146e+14 4.37147e+14 
52200 7.2407e+19 3.08914e+15 4.62861e+14 4.37799e+14 
52400 7.2407e+19 3.0889e+15 4.6411e+14 4.38608e+14 
52600 7.2407e+19 3.08863e+15 4.65076e+14 4.38907e+14 
52800 7.2407e+19 3.0883e+15 4.6594e+14 4.39184e+14 
53000 7.2407e+19 3.08781e+15 4.6676e+14 4.3926e+14 
53200 7.2407e+19 3.08742e+15 4.67422e+14 4.39526e+14 
53400 7.2407e+19 3.08702e+15 4.67737e+14 4.39564e+14 
53600 7.2407e+19 3.08646e+15 4.67917e+14 4.39526e+14 
53800 7.2407e+19 3.08587e+15 4.68302e+14 4.39656e+14 
54000 7.2407e+19 3.08525e+15 4.68585e+14 4.39509e+14 
54200 7.2407e+19 3.08454e+15 4.68595e+14 4.39336e+14 
54400 7.2407e+19 3.0838e+15 4.68384e+14 4.39042e+14 
54600 7.2407e+19 3.08311e+15 4.68112e+14 4.38847e+14 
54800 7.2407e+19 3.08225e+15 4.67906e+14 4.38684e+14 
55000 7.2407e+19 3.08144e+15 4.67613e+14 4.38494e+14 
55200 7.2407e+19 3.08061e+15 4.6739e+14 4.38298e+14 
55400 7.2407e+19 3.07975e+15 4.67167e+14 4.38174e+14 
55600 7.2407e+19 3.07895e+15 4.66836e+14 4.3813e+14 
55800 7.2407e+19 3.07816e+15 4.66461e+14 4.38168e+14 
56000 7.2407e+19 3.07719e+15 4.66255e+14 4.38217e+14 
56200 7.2407e+19 3.07639e+15 4.65848e+14 4.3825e+14 
56400 7.2407e+19 3.07557e+15 4.65495e+14 4.3838e+14 
56600 7.2407e+19 3.07466e+15 4.65245e+14 4.38407e+14 
56800 7.2407e+19 3.07381e+15 4.6493e+14 4.3863e+14 
57000 7.2407e+19 3.07296e+15 4.64523e+14 4.38782e+14 
57200 7.2407e+19 3.07214e+15 4.64126e+14 4.38912e+14 
57400 7.2407e+19 3.0713e+15 4.63876e+14 4.39135e+14 
57600 7.2407e+19 3.07051e+15 4.63621e+14 4.39504e+14 
57800 7.2407e+19 3.06958e+15 4.63301e+14 4.3989e+14 
58000 7.2407e+19 3.0687e+15 4.62997e+14 4.40357e+14 
58200 7.2407e+19 3.06774e+15 4.62823e+14 4.40753e+14 
58400 7.2407e+19 3.06683e+15 4.62486e+14 4.41084e+14 
58600 7.2407e+19 3.06591e+15 4.62236e+14 4.41437e+14 
58800 7.2407e+19 3.06506e+15 4.6228e+14 4.42062e+14 
59000 7.2407e+19 3.06417e+15 4.62198e+14 4.42567e+14 
59200 7.2407e+19 3.06335e+15 4.62377e+14 4.43175e+14 
59400 7.2407e+19 3.06251e+15 4.62388e+14 4.43718e+14 
59600 7.2407e+19 3.0617e+15 4.62535e+14 4.44261e+14 
59800 7.2407e+19 3.06091e+15 4.62595e+14 4.44951e+14 
60000 7.2407e+19 3.06014e+15 4.62687e+14 4.45478e+14 
60200 7.2407e+19 3.05939e+15 4.62834e+14 4.46211e+14 
60400 7.2407e+19 3.05875e+15 4.63094e+14 4.46922e+14 
60600 7.2407e+19 3.05821e+15 4.63458e+14 4.47378e+14 
60800 7.2407e+19 3.0577e+15 4.64088e+14 4.47498e+14 
61000 7.2407e+19 3.05728e+15 4.65066e+14 4.47362e+14 
61200 7.2407e+19 3.05704e+15 4.66032e+14 4.47199e+14 
61400 7.24069e+19 3.05684e+15 4.67227e+14 4.47188e+14 
61600 7.24069e+19 3.05658e+15 4.68384e+14 4.47145e+14 
61800 7.24069e+19 3.05637e+15 4.69578e+14 4.4746e+14 
62000 7.24069e+19 3.05627e+15 4.70914e+14 4.47704e+14 
62200 7.24069e+19 3.05622e+15 4.72266e+14 4.48149e+14 
62400 7.24069e+19 3.05588e+15 4.73239e+14 4.48861e+14 
62600 7.24069e+19 3.05554e+15 4.7408e+14 4.49225e+14 
62800 7.24069e+19 3.05529e+15 4.74705e+14 4.49046e+14 
63000 7.24069e+19 3.05487e+15 4.75177e+14 4.49122e+14 
63200 7.24069e+19 3.05445e+15 4.75612e+14 4.4929e+14 
63400 7.24069e+19 3.05408e+15 4.76035e+14 4.49073e+14 
63600 7.24069e+19 3.0536e+15 4.76274e+14 4.49029e+14 
63800 7.24069e+19 3.05306e+15 4.76377e+14 4.48774e+14 
64000 7.24069e+19 3.05251e+15 4.76329e+14 4.48448e+14 
64200 7.24069e+19 3.05187e+15 4.76356e+14 4.48209e+14 
64400 7.24069e+19 3.05128e+15 4.76231e+14 4.47987e+14 
64600 7.24069e+19 3.05051e+15 4.76155e+14 4.47748e+14 
64800 7.24069e+19 3.04981e+15 4.75883e+14 4.47547e+14 
65000 7.24069e+19 3.04913e+15 4.75666e+14 4.47335e+14 
65200 7.24069e+19 3.04825e+15 4.75438e+14 4.47036e+14 
65400 7.24069e+19 3.04748e+15 4.74965e+14 4.46738e+14 
65600 7.24069e+19 3.0468e+15 4.74618e+14 4.46667e+14 
65800 7.24069e+19 3.04594e+15 4.7414e+14 4.46651e+14 
66000 7.24069e+19 3.04517e+15 4.73809e+14 4.46482e+14 
66200 7.24069e+19 3.04439e+15 4.73396e+14 4.46444e+14 
66400 7.24069e+19 3.0436e+15 4.72962e+14 4.46515e+14 
66600 7.24069e+19 3.04278e+15 4.72619e+14 4.46374e+14 
66800 7.24069e+19 3.04194e+15 4.72266e+14 4.46423e+14 
67000 7.24069e+19 3.04123e+15 4.72e+14 4.46547e+14 
67200 7.24069e+19 3.04044e+15 4.71528e+14 4.46721e+14 
67400 7.24069e+19 3.03959e+15 4.71251e+14 4.46786e+14 
67600 7.24069e+19 3.03881e+15 4.70795e+14 4.4696e+14 
67800 7.24069e+19 3.03798e+15 4.70491e+14 4.47248e+14 
68000 7.24069e+19 3.03719e+15 4.70111e+14 4.47574e+14 
68200 7.24069e+19 3.03639e+15 4.69888e+14 4.47824e+14 
68400 7.24069e+19 3.03555e+15 4.69497e+14 4.48198e+14 
68600 7.24069e+19 3.0348e+15 4.69209e+14 4.4866e+14 
68800 7.24069e+19 3.03396e+15 4.68981e+14 4.4916e+14 
69000 7.24069e+19 3.03312e+15 4.68758e+14 4.49567e+14 
69200 7.24069e+19 3.03238e+15 4.68617e+14 4.5005e+14 
69400 7.24069e+19 3.03157e+15 4.6865e+14 4.50544e+14 
69600 7.24069e+19 3.03073e+15 4.6865e+14 4.5099e+14 
69800 7.24069e+19 3.02998e+15 4.68623e+14 4.51446e+14 
70000 7.24069e+19 3.02934e+15 4.68753e+14 4.52173e+14 
70200 7.24069e+19 3.02873e+15 4.69041e+14 4.52917e+14 
70400 7.24069e+19 3.02815e+15 4.69329e+14 4.53542e+14 
70600 7.24069e+19 3.02769e+15 4.69823e+14 4.53461e+14 
70800 7.24069e+19 3.02726e+15 4.70567e+14 4.53167e+14 
71000 7.24069e+19 3.02705e+15 4.71533e+14 4.5276e+14 
71200 7.24069e+19 3.02701e+15 4.72701e+14 4.52619e+14 
71400 7.24069e+19 3.02677e+15 4.74129e+14 4.52494e+14 
71600 7.24069e+19 3.02678e+15 4.75579e+14 4.52771e+14 
71800 7.24069e+19 3.02687e+15 4.76866e+14 4.53124e+14 
72000 7.24069e+19 3.02673e+15 4.78164e+14 4.53786e+14 
72200 7.24069e+19 3.02649e+15 4.79104e+14 4.54264e+14 
72400 7.24069e+19 3.02635e+15 4.7994e+14 4.54449e+14 
72600 7.24069e+19 3.02613e+15 4.80722e+14 4.54433e+14 
72800 7.24069e+19 3.02587e+15 4.81254e+14 4.54498e+14 
73000 7.24069e+19 3.02551e+15 4.81623e+14 4.54411e+14 
73200 7.24069e+19 3.02514e+15 4.82052e+14 4.54221e+14 
73400 7.24069e+19 3.02475e+15 4.82346e+14 4.54205e+14 
73600 7.24069e+19 3.02428e+15 4.8247e+14 4.54101e+14 
73800 7.24069e+19 3.02389e+15 4.82422e+14 4.53683e+14 
74000 7.24069e+19 3.02342e+15 4.82351e+14 4.53357e+14 
74200 7.24069e+19 3.0228e+15 4.82356e+14 4.53129e+14 
74400 7.24069e+19 3.02232e+15 4.82117e+14 4.5282e+14 
74600 7.24069e+19 3.02181e+15 4.81911e+14 4.52651e+14 
74800 7.24069e+19 3.02106e+15 4.81612e+14 4.52336e+14 
75000 7.24069e+19 3.02047e+15 4.81292e+14 4.51945e+14 
75200 7.24069e+19 3.01974e+15 4.80982e+14 4.51848e+14 
75400 7.24069e+19 3.01916e+15 4.80608e+14 4.5169e+14 
75600 7.24069e+19 3.01846e+15 4.80152e+14 4.51451e+14 
75800 7.24069e+19 3.01762e+15 4.79701e+14 4.51283e+14 
76000 7.24069e+19 3.01688e+15 4.7938e+14 4.51218e+14 
76200 7.24069e+19 3.01617e+15 4.78908e+14 4.51136e+14 
76400 7.24069e+19 3.01544e+15 4.7855e+14 4.51158e+14 
76600 7.24069e+19 3.01476e+15 4.7818e+14 4.51245e+14 
76800 7.24069e+19 3.01399e+15 4.77588e+14 4.51223e+14 
77000 7.24069e+19 3.01324e+15 4.77214e+14 4.51267e+14 
77200 7.24069e+19 3.01254e+15 4.76785e+14 4.51391e+14 
77400 7.24069e+19 3.01181e+15 4.76334e+14 4.51565e+14 
77600 7.24069e+19 3.01098e+15 4.7591e+14 4.5169e+14 
77800 7.24069e+19 3.0102e+15 4.75443e+14 4.51962e+14 
78000 7.24069e+19 3.00932e+15 4.75204e+14 4.52336e+14 
78200 7.24069e+19 3.00853e+15 4.74808e+14 4.52744e+14 
78400 7.24069e+19 3.00787e+15 4.74526e+14 4.53053e+14 
78600 7.24069e+19 3.00715e+15 4.74216e+14 4.53406e+14 
78800 7.24069e+19 3.00647e+15 4.74102e+14 4.53835e+14 
79000 7.24069e+19 3.00566e+15 4.73972e+14 4.54351e+14 
79200 7.24069e+19 3.00494e+15 4.73923e+14 4.54796e+14 
79400 7.24069e+19 3.00425e+15 4.73923e+14 4.55356e+14 
79600 7.24069e+19 3.00353e+15 4.73858e+14 4.55823e+14 
79800 7.24069e+19 3.00286e+15 4.73917e+14 4.5642e+14 
80000 7.24069e+19 3.00221e+15 4.73939e+14 4.5711e+14 
80200 7.24069e+19 3.0017e+15 4.742e+14 4.57805e+14 
80400 7.24069e+19 3.00123e+15 4.7446e+14 4.58489e+14 
80600 7.24069e+19 3.00076e+15 4.74797e+14 4.59021e+14 
80800 7.24069e+19 3.00037e+15 4.75563e+14 4.58951e+14 
81000 7.24069e+19 3.0002e+15 4.76654e+14 4.58815e+14 
81200 7.24069e+19 2.99998e+15 4.77806e+14 4.58554e+14 
81400 7.24069e+19 2.99989e+15 4.7918e+14 4.58527e+14 
81600 7.24068e+19 2.99993e+15 4.80754e+14 4.58973e+14 
81800 7.24068e+19 2.99992e+15 4.81955e+14 4.59152e+14 
82000 7.24068e+19 2.9998e+15 4.83204e+14 4.59602e+14 
82200 7.24068e+19 2.99962e+15 4.84317e+14 4.60048e+14 
82400 7.24068e+19 2.9996e+15 4.85262e+14 4.6064e+14 
82600 7.24068e+19 2.99932e+15 4.85908e+14 4.60634e+14 
82800 7.24068e+19 2.99912e+15 4.86473e+14 4.60716e+14 
83000 7.24068e+19 2.99876e+15 4.86913e+14 4.60575e+14 
83200 7.24068e+19 2.99846e+15 4.87298e+14 4.60439e+14 
83400 7.24068e+19 2.99808e+15 4.8764e+14 4.60298e+14 
83600 7.24068e+19 2.99763e+15 4.87678e+14 4.60151e+14 
83800 7.24068e+19 2.99709e+15 4.87798e+14 4.59787e+14 
84000 7.24068e+19 2.99668e+15 4.87776e+14 4.59505e+14 
84200 7.24068e+19 2.99618e+15 4.877e+14 4.59287e+14 
84400 7.24068e+19 2.99567e+15 4.87526e+14 4.59043e+14 
84600 7.24068e+19 2.99515e+15 4.8732e+14 4.58826e+14 
84800 7.24068e+19 2.99463e+15 4.87027e+14 4.58343e+14 
85000 7.24068e+19 2.99401e+15 4.86869e+14 4.58136e+14 
85200 7.24068e+19 2.99351e+15 4.86397e+14 4.5787e+14 
85400 7.24068e+19 2.99302e+15 4.86049e+14 4.57561e+14 
85600 7.24068e+19 2.99249e+15 4.85495e+14 4.57235e+14 
85800 7.24068e+19 2.99183e+15 4.84958e+14 4.56893e+14 
86000 7.24068e+19 2.99124e+15 4.84485e+14 4.56746e+14 
86200 7.24068e+19 2.99053e+15 4.8398e+14 4.56545e+14 
86400 7.24068e+19 2.98992e+15 4.83372e+14 4.56382e+14 
86600 7.24068e+19 2.98922e+15 4.82872e+14 4.56268e+14 
86800 7.24068e+19 2.98857e+15 4.82378e+14 4.56371e+14 
87000 7.24068e+19 2.98796e+15 4.81927e+14 4.56404e+14 
87200 7.24068e+19 2.98726e+15 4.81428e+14 4.56485e+14 
87400 7.24068e+19 2.98653e+15 4.81156e+14 4.56757e+14 
87600 7.24068e+19 2.98602e+15 4.80841e+14 4.56969e+14 
87800 7.24068e+19 2.98538e+15 4.8032e+14 4.5718e+14 
88000 7.24068e+19 2.98465e+15 4.80032e+14 4.57392e+14 
88200 7.24068e+19 2.98396e+15 4.7975e+14 4.57756e+14 
88400 7.24068e+19 2.98341e+15 4.79288e+14 4.58114e+14 
88600 7.24068e+19 2.98271e+15 4.7906e+14 4.58478e+14 
88800 7.24068e+19 2.982e+15 4.78799e+14 4.5894e+14 
89000 7.24068e+19 2.98139e+15 4.78642e+14 4.59331e+14 
89200 7.24068e+19 2.98068e+15 4.78566e+14 4.59852e+14 
89400 7.24068e+19 2.98012e+15 4.78446e+14 4.60314e+14 
89600 7.24068e+19 2.97954e+15 4.78392e+14 4.60819e+14 
89800 7.24068e+19 2.97887e+15 4.78392e+14 4.61416e+14 
90000 7.24068e+19 2.97832e+15 4.7855e+14 4.6209e+14 
90200 7.24068e+19 2.97791e+15 4.78903e+14 4.62709e+14 
90400 7.24068e+19 2.97748e+15 4.79288e+14 4.63301e+14 
90600 7.24068e+19 2.97719e+15 4.79831e+14 4.63333e+14 
90800 7.24068e+19 2.97714e+15 4.80602e+14 4.62926e+14 
91000 7.24068e+19 2.97716e+15 4.82014e+14 4.62714e+14 
91200 7.24068e+19 2.97736e+15 4.83638e+14 4.62877e+14 
91400 7.24068e+19 2.97765e+15 4.8537e+14 4.63328e+14 
91600 7.24068e+19 2.97801e+15 4.87038e+14 4.64104e+14 
91800 7.24068e+19 2.97833e+15 4.88993e+14 4.65381e+14 
92000 7.24068e+19 2.97863e+15 4.90557e+14 4.65994e+14 
92200 7.24068e+19 2.97903e+15 4.91795e+14 4.66401e+14 
92400 7.24068e+19 2.97921e+15 4.92729e+14 4.67021e+14 
92600 7.24068e+19 2.97922e+15 4.93831e+14 4.67683e+14 
92800 7.24068e+19 2.97919e+15 4.94608e+14 4.67906e+14 
93000 7.24068e+19 2.97906e+15 4.95498e+14 4.68042e+14 
93200 7.24068e+19 2.97889e+15 4.95927e+14 4.67976e+14 
93400 7.24068e+19 2.97879e+15 4.96318e+14 4.67917e+14 
93600 7.24068e+19 2.9785e+15 4.96612e+14 4.67944e+14 
93800 7.24068e+19 2.97813e+15 4.96834e+14 4.67754e+14 
94000 7.24068e+19 2.97777e+15 4.96905e+14 4.67564e+14 
94200 7.24068e+19 2.97735e+15 4.96785e+14 4.67238e+14 
94400 7.24068e+19 2.97688e+15 4.96508e+14 4.6695e+14 
94600 7.24068e+19 2.97642e+15 4.9647e+14 4.66722e+14 
94800 7.24068e+19 2.97596e+15 4.96161e+14 4.66472e+14 
95000 7.24068e+19 2.97547e+15 4.95639e+14 4.66114e+14 
95200 7.24068e+19 2.97495e+15 4.9527e+14 4.65761e+14 
95400 7.24068e+19 2.97456e+15 4.94819e+14 4.65522e+14 
95600 7.24068e+19 2.97391e+15 4.94314e+14 4.6525e+14 
95800 7.24068e+19 2.97327e+15 4.94021e+14 4.65104e+14 
96000 7.24068e+19 2.97275e+15 4.93494e+14 4.6499e+14 
96200 7.24068e+19 2.97222e+15 4.93093e+14 4.64984e+14 
96400 7.24068e+19 2.97164e+15 4.92528e+14 4.64838e+14 
96600 7.24068e+19 2.97094e+15 4.92044e+14 4.64767e+14 
96800 7.24068e+19 2.97031e+15 4.91539e+14 4.64745e+14 
97000 7.24068e+19 2.96971e+15 4.91007e+14 4.64821e+14 
97200 7.24068e+19 2.96908e+15 4.906e+14 4.64886e+14 
97400 7.24068e+19 2.96838e+15 4.90079e+14 4.64908e+14 
97600 7.24068e+19 2.96768e+15 4.8965e+14 4.65239e+14 
97800 7.24068e+19 2.96714e+15 4.89177e+14 4.65408e+14 
98000 7.24068e+19 2.96651e+15 4.88835e+14 4.65734e+14 
98200 7.24068e+19 2.96593e+15 4.8846e+14 4.66152e+14 
98400 7.24068e+19 2.96546e+15 4.88048e+14 4.66385e+14 
98600 7.24068e+19 2.96471e+15 4.87727e+14 4.66771e+14 
98800 7.24068e+19 2.96413e+15 4.87336e+14 4.67097e+14 
99000 7.24068e+19 2.96355e+15 4.87238e+14 4.67553e+14 
99200 7.24068e+19 2.96296e+15 4.87206e+14 4.68101e+14 
99400 7.24068e+19 2.96248e+15 4.872e+14 4.68715e+14 
99600 7.24068e+19 2.96196e+15 4.87228e+14 4.69383e+14 
99800 7.24068e+19 2.96144e+15 4.8719e+14 4.6992e+14 
100000 7.24068e+19 2.96103e+15 4.87336e+14 4.70632e+14 
100200 7.24068e+19 2.96064e+15 4.87868e+14 4.71381e+14 
100400 7.24068e+19 2.96036e+15 4.88379e+14 4.72114e+14 
100600 7.24068e+19 2.96018e+15 4.89139e+14 4.72739e+14 
100800 7.24068e+19 2.96021e+15 4.90274e+14 4.72831e+14 
101000 7.24068e+19 2.96e+15 4.91572e+14 4.72983e+14 
101200 7.24068e+19 2.96027e+15 4.92979e+14 4.73e+14 
101400 7.24067e+19 2.96058e+15 4.94619e+14 4.73369e+14 
101600 7.24067e+19 2.96078e+15 4.96204e+14 4.73744e+14 
101800 7.24067e+19 2.96104e+15 4.97366e+14 4.74048e+14 
102000 7.24067e+19 2.96131e+15 4.98697e+14 4.74781e+14 
102200 7.24067e+19 2.96147e+15 4.99702e+14 4.75232e+14 
102400 7.24067e+19 2.96153e+15 5.00625e+14 4.75514e+14 
102600 7.24067e+19 2.96155e+15 5.01358e+14 4.75601e+14 
102800 7.24067e+19 2.96144e+15 5.01999e+14 4.75769e+14 
103000 7.24067e+19 2.96124e+15 5.02411e+14 4.75443e+14 
103200 7.24067e+19 2.96095e+15 5.02721e+14 4.75237e+14 
103400 7.24067e+19 2.96068e+15 5.02851e+14 4.75107e+14 
103600 7.24067e+19 2.96037e+15 5.02764e+14 4.74531e+14 
103800 7.24067e+19 2.96018e+15 5.02759e+14 4.74107e+14 
104000 7.24067e+19 2.95979e+15 5.02558e+14 4.73966e+14 
104200 7.24067e+19 2.95943e+15 5.02525e+14 4.73608e+14 
104400 7.24067e+19 2.95893e+15 5.02417e+14 4.73065e+14 
104600 7.24067e+19 2.95859e+15 5.02031e+14 4.72641e+14 
104800 7.24067e+19 2.95817e+15 5.01651e+14 4.72228e+14 
105000 7.24067e+19 2.95763e+15 5.01103e+14 4.71827e+14 
105200 7.24067e+19 2.95714e+15 5.00766e+14 4.71729e+14 
105400 7.24067e+19 2.95675e+15 5.00147e+14 4.71131e+14 
105600 7.24067e+19 2.95619e+15 4.99669e+14 4.70768e+14 
105800 7.24067e+19 2.95562e+15 4.99039e+14 4.70735e+14 
106000 7.24067e+19 2.95491e+15 4.98615e+14 4.70518e+14 
106200 7.24067e+19 2.95441e+15 4.98034e+14 4.70105e+14 
106400 7.24067e+19 2.95386e+15 4.9741e+14 4.69964e+14 
106600 7.24067e+19 2.95329e+15 4.96959e+14 4.70067e+14 
106800 7.24067e+19 2.95264e+15 4.96411e+14 4.69948e+14 
107000 7.24067e+19 2.95209e+15 4.9577e+14 4.69709e+14 
107200 7.24067e+19 2.95143e+15 4.95221e+14 4.69855e+14 
107400 7.24067e+19 2.9509e+15 4.94602e+14 4.7004e+14 
107600 7.24067e+19 2.95019e+15 4.9426e+14 4.701e+14 
107800 7.24067e+19 2.9496e+15 4.93804e+14 4.7017e+14 
108000 7.24067e+19 2.94914e+15 4.93435e+14 4.70529e+14 
108200 7.24067e+19 2.94857e+15 4.93049e+14 4.70827e+14 
108400 7.24067e+19 2.94795e+15 4.92718e+14 4.71218e+14 
108600 7.24067e+19 2.94745e+15 4.92338e+14 4.71566e+14 
108800 7.24067e+19 2.94691e+15 4.92082e+14 4.71919e+14 
109000 7.24067e+19 2.94638e+15 4.91979e+14 4.72462e+14 
109200 7.24067e+19 2.94581e+15 4.91789e+14 4.72913e+14 
109400 7.24067e+19 2.94536e+15 4.91697e+14 4.7345e+14 
109600 7.24067e+19 2.94483e+15 4.91719e+14 4.74037e+14 
109800 7.24067e+19 2.94444e+15 4.91653e+14 4.74477e+14 
110000 7.24067e+19 2.94416e+15 4.91773e+14 4.75177e+14 
110200 7.24067e+19 2.94388e+15 4.92224e+14 4.76057e+14 
110400 7.24067e+19 2.9437e+15 4.92837e+14 4.76605e+14 
110600 7.24067e+19 2.94355e+15 4.93701e+14 4.76709e+14 
110800 7.24067e+19 2.94355e+15 4.94955e+14 4.76513e+14 
111000 7.24067e+19 2.94378e+15 4.96248e+14 4.76605e+14 
111200 7.24067e+19 2.94392e+15 4.97714e+14 4.76622e+14 
111400 7.24067e+19 2.94411e+15 4.99164e+14 4.7685e+14 
111600 7.24067e+19 2.94438e+15 5.00744e+14 4.77371e+14 
111800 7.24067e+19 2.94465e+15 5.02232e+14 4.77969e+14 
112000 7.24067e+19 2.94484e+15 5.03487e+14 4.78615e+14 
112200 7.24067e+19 2.94513e+15 5.04632e+14 4.79228e+14 
112400 7.24067e+19 2.9452e+15 5.05512e+14 4.79142e+14 
112600 7.24067e+19 2.94517e+15 5.06278e+14 4.79576e+14 
112800 7.24067e+19 2.94512e+15 5.0675e+14 4.79609e+14 
113000 7.24067e+19 2.94494e+15 5.07288e+14 4.79462e+14 
113200 7.24067e+19 2.94473e+15 5.07674e+14 4.79245e+14 
113400 7.24067e+19 2.94457e+15 5.07701e+14 4.78908e+14 
113600 7.24067e+19 2.94436e+15 5.07836e+14 4.78609e+14 
113800 7.24067e+19 2.94418e+15 5.07717e+14 4.78164e+14 
114000 7.24067e+19 2.94379e+15 5.0756e+14 4.77887e+14 
114200 7.24067e+19 2.94348e+15 5.07239e+14 4.77295e+14 
114400 7.24067e+19 2.94309e+15 5.07027e+14 4.76872e+14 
114600 7.24067e+19 2.94273e+15 5.06566e+14 4.76546e+14 
114800 7.24067e+19 2.94234e+15 5.06115e+14 4.76111e+14 
115000 7.24067e+19 2.94203e+15 5.05632e+14 4.75563e+14 
115200 7.24067e+19 2.94155e+15 5.05284e+14 4.75291e+14 
115400 7.24067e+19 2.94106e+15 5.04817e+14 4.75063e+14 
115600 7.24067e+19 2.94051e+15 5.04209e+14 4.74699e+14 
115800 7.24067e+19 2.94006e+15 5.03628e+14 4.74287e+14 
116000 7.24067e+19 2.93952e+15 5.0302e+14 4.73917e+14 
116200 7.24067e+19 2.93902e+15 5.02439e+14 4.73787e+14 
116400 7.24067e+19 2.9384e+15 5.01847e+14 4.73537e+14 
116600 7.24067e+19 2.9379e+15 5.01054e+14 4.73423e+14 
116800 7.24067e+19 2.93743e+15 5.00576e+14 4.73374e+14 
117000 7.24067e+19 2.93686e+15 5.00136e+14 4.7338e+14 
117200 7.24067e+19 2.93642e+15 4.99441e+14 4.73407e+14 
117400 7.24067e+19 2.93591e+15 4.99006e+14 4.73706e+14 
117600 7.24067e+19 2.93534e+15 4.98561e+14 4.73955e+14 
117800 7.24067e+19 2.93476e+15 4.98132e+14 4.74021e+14 
118000 7.24067e+19 2.93416e+15 4.97616e+14 4.74292e+14 
118200 7.24067e+19 2.9335e+15 4.97225e+14 4.74488e+14 
118400 7.24067e+19 2.93291e+15 4.96774e+14 4.74868e+14 
118600 7.24067e+19 2.93224e+15 4.96313e+14 4.75145e+14 
118800 7.24067e+19 2.9317e+15 4.95775e+14 4.75422e+14 
119000 7.24067e+19 2.93123e+15 4.95629e+14 4.75856e+14 
119200 7.24067e+19 2.93078e+15 4.95363e+14 4.76236e+14 
119400 7.24067e+19 2.9304e+15 4.95276e+14 4.76779e+14 
119600 7.24067e+19 2.92995e+15 4.95227e+14 4.77377e+14 
119800 7.24067e+19 2.92961e+15 4.95189e+14 4.77996e+14 
120000 7.24067e+19 2.92919e+15 4.95406e+14 4.78664e+14 
120200 7.24067e+19 2.92887e+15 4.95688e+14 4.79353e+14 
120400 7.24067e+19 2.92887e+15 4.96264e+14 4.79858e+14 
120600 7.24067e+19 2.92888e+15 4.97013e+14 4.80396e+14 
120800 7.24067e+19 2.92884e+15 4.98018e+14 4.80271e+14 
121000 7.24067e+19 2.9289e+15 4.99137e+14 4.80043e+14 
121200 7.24067e+19 2.92905e+15 5.00532e+14 4.80048e+14 
121400 7.24067e+19 2.92924e+15 5.01841e+14 4.80097e+14 
121600 7.24067e+19 2.92935e+15 5.03373e+14 4.80559e+14 
121800 7.24066e+19 2.92965e+15 5.04567e+14 4.80809e+14 
122000 7.24066e+19 2.9298e+15 5.05724e+14 4.81542e+14 
122200 7.24066e+19 2.92985e+15 5.06663e+14 4.81732e+14 
122400 7.24066e+19 2.92996e+15 5.0744e+14 4.81759e+14 
122600 7.24066e+19 2.93011e+15 5.07972e+14 4.81623e+14 
122800 7.24066e+19 2.93006e+15 5.08477e+14 4.81699e+14 
123000 7.24066e+19 2.92999e+15 5.08814e+14 4.81303e+14 
123200 7.24066e+19 2.92989e+15 5.08792e+14 4.80972e+14 
123400 7.24066e+19 2.92972e+15 5.08906e+14 4.80401e+14 
123600 7.24066e+19 2.92947e+15 5.08928e+14 4.80016e+14 
123800 7.24066e+19 2.92924e+15 5.08743e+14 4.79782e+14 
124000 7.24066e+19 2.929e+15 5.08434e+14 4.78968e+14 
124200 7.24066e+19 2.9286e+15 5.08097e+14 4.78474e+14 
124400 7.24066e+19 2.92835e+15 5.07744e+14 4.78077e+14 
124600 7.24066e+19 2.92792e+15 5.0725e+14 4.77588e+14 
124800 7.24066e+19 2.92744e+15 5.0693e+14 4.76969e+14 
125000 7.24066e+19 2.92703e+15 5.06452e+14 4.76578e+14 
125200 7.24066e+19 2.92671e+15 5.0599e+14 4.76258e+14 
125400 7.24066e+19 2.92645e+15 5.05605e+14 4.76046e+14 
125600 7.24066e+19 2.92607e+15 5.0504e+14 4.7565e+14 
125800 7.24066e+19 2.92562e+15 5.04589e+14 4.75362e+14 
126000 7.24066e+19 2.92514e+15 5.03905e+14 4.7521e+14 
126200 7.24066e+19 2.92475e+15 5.03101e+14 4.74906e+14 
126400 7.24066e+19 2.92434e+15 5.02585e+14 4.7465e+14 
126600 7.24066e+19 2.92395e+15 5.02096e+14 4.74607e+14 
126800 7.24066e+19 2.92342e+15 5.01477e+14 4.74596e+14 
127000 7.24066e+19 2.92282e+15 5.00902e+14 4.74493e+14 
127200 7.24066e+19 2.92229e+15 5.00315e+14 4.74515e+14 
127400 7.24066e+19 2.92175e+15 4.99761e+14 4.74591e+14 
127600 7.24066e+19 2.92128e+15 4.99267e+14 4.7471e+14 
127800 7.24066e+19 2.92064e+15 4.98805e+14 4.74862e+14 
128000 7.24066e+19 2.92022e+15 4.98279e+14 4.75128e+14 
128200 7.24066e+19 2.91977e+15 4.97942e+14 4.75411e+14 
128400 7.24066e+19 2.91936e+15 4.97426e+14 4.75612e+14 
128600 7.24066e+19 2.9188e+15 4.96965e+14 4.7591e+14 
128800 7.24066e+19 2.91825e+15 4.96677e+14 4.76345e+14 
129000 7.24066e+19 2.91769e+15 4.96199e+14 4.76725e+14 
129200 7.24066e+19 2.91711e+15 4.96069e+14 4.77138e+14 
129400 7.24066e+19 2.9166e+15 4.95802e+14 4.77654e+14 
129600 7.24066e+19 2.91617e+15 4.95726e+14 4.78218e+14 
129800 7.24066e+19 2.9159e+15 4.95743e+14 4.78854e+14 
130000 7.24066e+19 2.91555e+15 4.95933e+14 4.79554e+14 
130200 7.24066e+19 2.91517e+15 4.9628e+14 4.80173e+14 
130400 7.24066e+19 2.91496e+15 4.96807e+14 4.80488e+14 
130600 7.24066e+19 2.91494e+15 4.97448e+14 4.80184e+14 
130800 7.24066e+19 2.91514e+15 4.9855e+14 4.79679e+14 
131000 7.24066e+19 2.91535e+15 4.99864e+14 4.79695e+14 
131200 7.24066e+19 2.91572e+15 5.01363e+14 4.79695e+14 
131400 7.24066e+19 2.91616e+15 5.02808e+14 4.80092e+14 
131600 7.24066e+19 2.9164e+15 5.04296e+14 4.80581e+14 
131800 7.24066e+19 2.91667e+15 5.05545e+14 4.81151e+14 
132000 7.24066e+19 2.91692e+15 5.0674e+14 4.81498e+14 
132200 7.24066e+19 2.91705e+15 5.07847e+14 4.82058e+14 
132400 7.24066e+19 2.91726e+15 5.08798e+14 4.82117e+14 
132600 7.24066e+19 2.91721e+15 5.09466e+14 4.82384e+14 
132800 7.24066e+19 2.91719e+15 5.09867e+14 4.82237e+14 
133000 7.24066e+19 2.91717e+15 5.10313e+14 4.81982e+14 
133200 7.24066e+19 2.91711e+15 5.10639e+14 4.81672e+14 
133400 7.24066e+19 2.91679e+15 5.10785e+14 4.81667e+14 
133600 7.24066e+19 2.9167e+15 5.10883e+14 4.81612e+14 
133800 7.24066e+19 2.91645e+15 5.10698e+14 4.80814e+14 
134000 7.24066e+19 2.91619e+15 5.10345e+14 4.80277e+14 
134200 7.24066e+19 2.91594e+15 5.10041e+14 4.79847e+14 
134400 7.24066e+19 2.91552e+15 5.09737e+14 4.7938e+14 
134600 7.24066e+19 2.91523e+15 5.09254e+14 4.78783e+14 
134800 7.24066e+19 2.91479e+15 5.08868e+14 4.78289e+14 
135000 7.24066e+19 2.91444e+15 5.08374e+14 4.77887e+14 
135200 7.24066e+19 2.91404e+15 5.07831e+14 4.77637e+14 
135400 7.24066e+19 2.91359e+15 5.07375e+14 4.77387e+14 
135600 7.24066e+19 2.91323e+15 5.06685e+14 4.76899e+14 
135800 7.24066e+19 2.91279e+15 5.05947e+14 4.76605e+14 
136000 7.24066e+19 2.9123e+15 5.0548e+14 4.76372e+14 
136200 7.24066e+19 2.91181e+15 5.05045e+14 4.76258e+14 
136400 7.24066e+19 2.9113e+15 5.04361e+14 4.76073e+14 
136600 7.24066e+19 2.91087e+15 5.03758e+14 4.75851e+14 
136800 7.24066e+19 2.91043e+15 5.03096e+14 4.75796e+14 
137000 7.24066e+19 2.91003e+15 5.02553e+14 4.75769e+14 
137200 7.24066e+19 2.90956e+15 5.01944e+14 4.75677e+14 
137400 7.24066e+19 2.90911e+15 5.01255e+14 4.75704e+14 
137600 7.24066e+19 2.90857e+15 5.00847e+14 4.75791e+14 
137800 7.24066e+19 2.90803e+15 5.0031e+14 4.76014e+14 
138000 7.24066e+19 2.90755e+15 4.99674e+14 4.76209e+14 
138200 7.24066e+19 2.90701e+15 4.99137e+14 4.76388e+14 
138400 7.24066e+19 2.90644e+15 4.98594e+14 4.76573e+14 
138600 7.24066e+19 2.90586e+15 4.9817e+14 4.76882e+14 
138800 7.24066e+19 2.90538e+15 4.97801e+14 4.77235e+14 
139000 7.24066e+19 2.90488e+15 4.97432e+14 4.77605e+14 
139200 7.24066e+19 2.90452e+15 4.97203e+14 4.77931e+14 
139400 7.24066e+19 2.90414e+15 4.97057e+14 4.78457e+14 
139600 7.24066e+19 2.90369e+15 4.96927e+14 4.78935e+14 
139800 7.24066e+19 2.90335e+15 4.9691e+14 4.7956e+14 
140000 7.24066e+19 2.90317e+15 4.97127e+14 4.80374e+14 
140200 7.24066e+19 2.90287e+15 4.97513e+14 4.81107e+14 
140400 7.24066e+19 2.90262e+15 4.97975e+14 4.81498e+14 
140600 7.24066e+19 2.90274e+15 4.98719e+14 4.81824e+14 
140800 7.24066e+19 2.90288e+15 4.9994e+14 4.81998e+14 
141000 7.24066e+19 2.90307e+15 5.01075e+14 4.81895e+14 
141200 7.24066e+19 2.90339e+15 5.02352e+14 4.8165e+14 
141400 7.24066e+19 2.90379e+15 5.03535e+14 4.81737e+14 
141600 7.24066e+19 2.90408e+15 5.04953e+14 4.81911e+14 
141800 7.24066e+19 2.90447e+15 5.06126e+14 4.82297e+14 
142000 7.24066e+19 2.90475e+15 5.07277e+14 4.82563e+14 
142200 7.24066e+19 2.90492e+15 5.08135e+14 4.82905e+14 
142400 7.24066e+19 2.90507e+15 5.08999e+14 4.8309e+14 
142600 7.24066e+19 2.90506e+15 5.09645e+14 4.83155e+14 
142800 7.24065e+19 2.9052e+15 5.10096e+14 4.82851e+14 
143000 7.24065e+19 2.90515e+15 5.10253e+14 4.82351e+14 
143200 7.24065e+19 2.90504e+15 5.10454e+14 4.82155e+14 
143400 7.24065e+19 2.9048e+15 5.10519e+14 4.81862e+14 
143600 7.24065e+19 2.90459e+15 5.10579e+14 4.81515e+14 
143800 7.24065e+19 2.90438e+15 5.10476e+14 4.81097e+14 
144000 7.24065e+19 2.90413e+15 5.10383e+14 4.80722e+14 
144200 7.24065e+19 2.90388e+15 5.09982e+14 4.80103e+14 
144400 7.24065e+19 2.90369e+15 5.09721e+14 4.79549e+14 
144600 7.24065e+19 2.90338e+15 5.09096e+14 4.7919e+14 
144800 7.24065e+19 2.90297e+15 5.08733e+14 4.7881e+14 
145000 7.24065e+19 2.90267e+15 5.08276e+14 4.783e+14 
145200 7.24065e+19 2.90237e+15 5.07826e+14 4.78023e+14 
145400 7.24065e+19 2.90202e+15 5.07288e+14 4.77621e+14 
145600 7.24065e+19 2.90151e+15 5.06658e+14 4.77268e+14 
145800 7.24065e+19 2.90111e+15 5.06267e+14 4.77127e+14 
146000 7.24065e+19 2.90065e+15 5.05881e+14 4.77018e+14 
146200 7.24065e+19 2.90024e+15 5.05436e+14 4.76839e+14 
146400 7.24065e+19 2.89983e+15 5.04947e+14 4.76714e+14 
146600 7.24065e+19 2.8994e+15 5.04296e+14 4.76703e+14 
146800 7.24065e+19 2.89894e+15 5.03758e+14 4.76595e+14 
147000 7.24065e+19 2.89841e+15 5.03226e+14 4.76486e+14 
147200 7.24065e+19 2.89791e+15 5.02639e+14 4.76562e+14 
147400 7.24065e+19 2.89739e+15 5.02129e+14 4.76633e+14 
147600 7.24065e+19 2.89687e+15 5.01716e+14 4.76812e+14 
147800 7.24065e+19 2.8963e+15 5.01336e+14 4.77116e+14 
148000 7.24065e+19 2.89582e+15 5.00777e+14 4.77301e+14 
148200 7.24065e+19 2.89534e+15 5.00185e+14 4.77512e+14 
148400 7.24065e+19 2.89492e+15 4.9974e+14 4.77724e+14 
148600 7.24065e+19 2.8945e+15 4.99273e+14 4.7805e+14 
148800 7.24065e+19 2.89393e+15 4.98784e+14 4.78403e+14 
149000 7.24065e+19 2.8935e+15 4.98675e+14 4.78935e+14 
149200 7.24065e+19 2.89293e+15 4.98322e+14 4.79266e+14 
149400 7.24065e+19 2.89268e+15 4.98192e+14 4.79837e+14 
149600 7.24065e+19 2.89233e+15 4.9804e+14 4.80347e+14 
149800 7.24065e+19 2.89205e+15 4.98029e+14 4.80901e+14 
150000 7.24065e+19 2.89169e+15 4.98214e+14 4.81553e+14 
150200 7.24065e+19 2.89154e+15 4.98735e+14 4.82291e+14 
150400 7.24065e+19 2.89151e+15 4.99392e+14 4.8259e+14 
150600 7.24065e+19 2.89164e+15 5.00326e+14 4.82715e+14 
150800 7.24065e+19 2.8918e+15 5.01466e+14 4.8259e+14 
151000 7.24065e+19 2.89214e+15 5.0265e+14 4.82155e+14 
151200 7.24065e+19 2.89266e+15 5.03883e+14 4.82161e+14 
151400 7.24065e+19 2.89313e+15 5.05425e+14 4.82606e+14 
151600 7.24065e+19 2.89352e+15 5.06984e+14 4.83019e+14 
151800 7.24065e+19 2.89383e+15 5.082e+14 4.83616e+14 
152000 7.24065e+19 2.89412e+15 5.09379e+14 4.84317e+14 
152200 7.24065e+19 2.89432e+15 5.10226e+14 4.84225e+14 
152400 7.24065e+19 2.89448e+15 5.10769e+14 4.84143e+14 
152600 7.24065e+19 2.89454e+15 5.11312e+14 4.84105e+14 
152800 7.24065e+19 2.8945e+15 5.11866e+14 4.84116e+14 
153000 7.24065e+19 2.8946e+15 5.12224e+14 4.84045e+14 
153200 7.24065e+19 2.89451e+15 5.12583e+14 4.83763e+14 
153400 7.24065e+19 2.89433e+15 5.12675e+14 4.83377e+14 
153600 7.24065e+19 2.89421e+15 5.12599e+14 4.82965e+14 
153800 7.24065e+19 2.89408e+15 5.123e+14 4.8234e+14 
154000 7.24065e+19 2.89381e+15 5.11784e+14 4.81721e+14 
154200 7.24065e+19 2.89347e+15 5.11556e+14 4.81373e+14 
154400 7.24065e+19 2.89322e+15 5.11345e+14 4.81004e+14 
154600 7.24065e+19 2.893e+15 5.10764e+14 4.80325e+14 
154800 7.24065e+19 2.89274e+15 5.10324e+14 4.79809e+14 
155000 7.24065e+19 2.89241e+15 5.09791e+14 4.7944e+14 
155200 7.24065e+19 2.89207e+15 5.09259e+14 4.78957e+14 
155400 7.24065e+19 2.89169e+15 5.0876e+14 4.78675e+14 
155600 7.24065e+19 2.89133e+15 5.08135e+14 4.78256e+14 
155800 7.24065e+19 2.89109e+15 5.07494e+14 4.77925e+14 
156000 7.24065e+19 2.89069e+15 5.06805e+14 4.77806e+14 
156200 7.24065e+19 2.8902e+15 5.06224e+14 4.77664e+14 
156400 7.24065e+19 2.88972e+15 5.05784e+14 4.77377e+14 
156600 7.24065e+19 2.88939e+15 5.05105e+14 4.77225e+14 
156800 7.24065e+19 2.88907e+15 5.046e+14 4.77246e+14 
157000 7.24065e+19 2.88863e+15 5.04057e+14 4.77279e+14 
157200 7.24065e+19 2.88814e+15 5.03481e+14 4.77246e+14 
157400 7.24065e+19 2.8877e+15 5.02949e+14 4.77442e+14 
157600 7.24065e+19 2.88729e+15 5.02286e+14 4.77474e+14 
157800 7.24065e+19 2.88689e+15 5.01602e+14 4.77545e+14 
158000 7.24065e+19 2.88653e+15 5.01097e+14 4.77719e+14 
158200 7.24065e+19 2.88607e+15 5.00663e+14 4.78017e+14 
158400 7.24065e+19 2.88558e+15 5.00141e+14 4.78316e+14 
158600 7.24065e+19 2.88513e+15 4.99691e+14 4.78533e+14 
158800 7.24065e+19 2.88472e+15 4.9943e+14 4.78957e+14 
159000 7.24065e+19 2.88425e+15 4.99186e+14 4.7944e+14 
159200 7.24065e+19 2.88376e+15 4.98936e+14 4.79886e+14 
159400 7.24065e+19 2.88338e+15 4.98822e+14 4.80358e+14 
159600 7.24065e+19 2.88309e+15 4.98697e+14 4.80934e+14 
159800 7.24065e+19 2.88278e+15 4.98816e+14 4.8165e+14 
160000 7.24065e+19 2.88254e+15 4.98947e+14 4.8234e+14 
160200 7.24065e+19 2.88242e+15 4.99419e+14 4.83231e+14 
160400 7.24065e+19 2.88241e+15 4.9994e+14 4.83823e+14 
160600 7.24065e+19 2.88265e+15 5.00744e+14 4.83937e+14 
160800 7.24065e+19 2.88283e+15 5.02026e+14 4.83953e+14 
161000 7.24065e+19 2.88316e+15 5.03329e+14 4.83562e+14 
161200 7.24065e+19 2.88353e+15 5.04567e+14 4.8354e+14 
161400 7.24065e+19 2.8838e+15 5.06126e+14 4.84034e+14 
161600 7.24065e+19 2.88412e+15 5.07462e+14 4.84257e+14 
161800 7.24065e+19 2.88464e+15 5.0889e+14 4.8473e+14 
162000 7.24065e+19 2.88503e+15 5.10204e+14 4.85408e+14 
162200 7.24065e+19 2.88518e+15 5.11144e+14 4.8575e+14 
162400 7.24065e+19 2.88545e+15 5.12083e+14 4.86098e+14 
162600 7.24065e+19 2.88553e+15 5.12659e+14 4.86141e+14 
162800 7.24065e+19 2.88556e+15 5.13093e+14 4.85924e+14 
163000 7.24065e+19 2.88565e+15 5.13457e+14 4.85484e+14 
163200 7.24065e+19 2.88555e+15 5.13636e+14 4.85398e+14 
163400 7.24065e+19 2.88538e+15 5.13783e+14 4.85332e+14 
163600 7.24065e+19 2.88528e+15 5.13783e+14 4.84735e+14 
163800 7.24065e+19 2.88509e+15 5.13441e+14 4.84045e+14 
164000 7.24065e+19 2.88487e+15 5.13354e+14 4.83893e+14 
164200 7.24065e+19 2.88473e+15 5.13072e+14 4.83437e+14 
164400 7.24064e+19 2.88453e+15 5.12594e+14 4.82818e+14 
164600 7.24064e+19 2.88416e+15 5.12067e+14 4.82248e+14 
164800 7.24064e+19 2.88381e+15 5.11768e+14 4.81808e+14 
165000 7.24064e+19 2.88342e+15 5.11258e+14 4.81395e+14 
165200 7.24064e+19 2.88308e+15 5.10649e+14 4.80999e+14 
165400 7.24064e+19 2.88275e+15 5.10188e+14 4.80548e+14 
165600 7.24064e+19 2.88245e+15 5.09623e+14 4.80135e+14 
165800 7.24064e+19 2.88209e+15 5.08982e+14 4.79869e+14 
166000 7.24064e+19 2.88165e+15 5.08418e+14 4.79516e+14 
166200 7.24064e+19 2.88129e+15 5.07766e+14 4.79147e+14 
166400 7.24064e+19 2.88083e+15 5.07141e+14 4.79071e+14 
166600 7.24064e+19 2.88045e+15 5.06501e+14 4.78799e+14 
166800 7.24064e+19 2.87997e+15 5.05735e+14 4.78626e+14 
167000 7.24064e+19 2.87959e+15 5.05089e+14 4.78512e+14 
167200 7.24064e+19 2.87918e+15 5.04508e+14 4.78506e+14 
167400 7.24064e+19 2.87868e+15 5.03948e+14 4.7836e+14 
167600 7.24064e+19 2.87819e+15 5.0347e+14 4.78636e+14 
167800 7.24064e+19 2.87772e+15 5.02873e+14 4.78865e+14 
168000 7.24064e+19 2.87727e+15 5.0239e+14 4.79027e+14 
168200 7.24064e+19 2.87678e+15 5.0202e+14 4.79228e+14 
168400 7.24064e+19 2.8763e+15 5.01412e+14 4.79484e+14 
168600 7.24064e+19 2.87584e+15 5.01027e+14 4.79761e+14 
168800 7.24064e+19 2.8754e+15 5.00527e+14 4.80043e+14 
169000 7.24064e+19 2.87498e+15 5.00093e+14 4.8038e+14 
169200 7.24064e+19 2.87452e+15 4.99995e+14 4.80928e+14 
169400 7.24064e+19 2.87422e+15 4.99778e+14 4.81352e+14 
169600 7.24064e+19 2.8738e+15 4.99691e+14 4.81792e+14 
169800 7.24064e+19 2.87355e+15 4.99582e+14 4.82275e+14 
170000 7.24064e+19 2.87327e+15 4.99718e+14 4.82889e+14 
170200 7.24064e+19 2.87299e+15 5.00093e+14 4.83671e+14 
170400 7.24064e+19 2.87293e+15 5.00663e+14 4.84192e+14 
170600 7.24064e+19 2.87299e+15 5.01434e+14 4.84067e+14 
170800 7.24064e+19 2.87317e+15 5.02525e+14 4.8392e+14 
171000 7.24064e+19 2.87342e+15 5.03736e+14 4.83882e+14 
171200 7.24064e+19 2.8739e+15 5.04947e+14 4.83638e+14 
171400 7.24064e+19 2.87455e+15 5.06647e+14 4.83926e+14 
171600 7.24064e+19 2.87498e+15 5.08005e+14 4.84257e+14 
171800 7.24064e+19 2.87549e+15 5.09428e+14 4.84648e+14 
172000 7.24064e+19 2.87585e+15 5.10677e+14 4.85343e+14 
172200 7.24064e+19 2.8761e+15 5.12018e+14 4.86e+14 
172400 7.24064e+19 2.87638e+15 5.12795e+14 4.86223e+14 
172600 7.24064e+19 2.87661e+15 5.13392e+14 4.86174e+14 
172800 7.24064e+19 2.87652e+15 5.13902e+14 4.86087e+14 
173000 7.24064e+19 2.87649e+15 5.14342e+14 4.8618e+14 
173200 7.24064e+19 2.8764e+15 5.1444e+14 4.85772e+14 
173400 7.24064e+19 2.87645e+15 5.14527e+14 4.85414e+14 
173600 7.24064e+19 2.87641e+15 5.14646e+14 4.85164e+14 
173800 7.24064e+19 2.87636e+15 5.14695e+14 4.85017e+14 
174000 7.24064e+19 2.87624e+15 5.14636e+14 4.84599e+14 
174200 7.24064e+19 2.87607e+15 5.14369e+14 4.84192e+14 
174400 7.24064e+19 2.87576e+15 5.14141e+14 4.83996e+14 
174600 7.24064e+19 2.87549e+15 5.13647e+14 4.83643e+14 
174800 7.24064e+19 2.87517e+15 5.13338e+14 4.83138e+14 
175000 7.24064e+19 2.87484e+15 5.12833e+14 4.82861e+14 
175200 7.24064e+19 2.87452e+15 5.12338e+14 4.82324e+14 
175400 7.24064e+19 2.87419e+15 5.11806e+14 4.81993e+14 
175600 7.24064e+19 2.87378e+15 5.11328e+14 4.81884e+14 
175800 7.24064e+19 2.87349e+15 5.10731e+14 4.81498e+14 
176000 7.24064e+19 2.87309e+15 5.10226e+14 4.81325e+14 
176200 7.24064e+19 2.87264e+15 5.0946e+14 4.81135e+14 
176400 7.24064e+19 2.87218e+15 5.08906e+14 4.80988e+14 
176600 7.24064e+19 2.87181e+15 5.0851e+14 4.81042e+14 
176800 7.24064e+19 2.87142e+15 5.07967e+14 4.80912e+14 
177000 7.24064e+19 2.87098e+15 5.07424e+14 4.80836e+14 
177200 7.24064e+19 2.87052e+15 5.06848e+14 4.80901e+14 
177400 7.24064e+19 2.87007e+15 5.06316e+14 4.81048e+14 
177600 7.24064e+19 2.86959e+15 5.05719e+14 4.812e+14 
177800 7.24064e+19 2.8692e+15 5.05311e+14 4.81401e+14 
178000 7.24064e+19 2.86875e+15 5.04861e+14 4.8158e+14 
178200 7.24064e+19 2.86824e+15 5.04339e+14 4.8183e+14 
178400 7.24064e+19 2.86786e+15 5.03883e+14 4.82117e+14 
178600 7.24064e+19 2.86746e+15 5.03503e+14 4.82508e+14 
178800 7.24064e+19 2.86703e+15 5.03123e+14 4.82921e+14 
179000 7.24064e+19 2.86664e+15 5.02802e+14 4.83432e+14 
179200 7.24064e+19 2.86619e+15 5.02542e+14 4.83801e+14 
179400 7.24064e+19 2.86583e+15 5.02515e+14 4.84355e+14 
179600 7.24064e+19 2.86553e+15 5.0227e+14 4.84838e+14 
179800 7.24064e+19 2.86522e+15 5.02292e+14 4.85484e+14 
180000 7.24064e+19 2.86496e+15 5.02639e+14 4.86391e+14 
180200 7.24064e+19 2.86483e+15 5.02824e+14 4.87043e+14 
180400 7.24064e+19 2.86487e+15 5.03269e+14 4.87586e+14 
180600 7.24064e+19 2.86495e+15 5.03937e+14 4.87314e+14 
180800 7.24064e+19 2.86518e+15 5.05241e+14 4.87179e+14 
181000 7.24064e+19 2.86552e+15 5.0656e+14 4.87021e+14 
181200 7.24064e+19 2.8661e+15 5.07793e+14 4.86929e+14 
181400 7.24064e+19 2.86641e+15 5.09536e+14 4.87369e+14 
181600 7.24064e+19 2.86676e+15 5.11019e+14 4.87733e+14 
181800 7.24064e+19 2.86707e+15 5.12404e+14 4.88379e+14 
182000 7.24064e+19 2.86738e+15 5.13729e+14 4.8883e+14 
182200 7.24064e+19 2.86746e+15 5.1475e+14 4.89373e+14 
182400 7.24064e+19 2.86765e+15 5.157e+14 4.89563e+14 
182600 7.24064e+19 2.86782e+15 5.1639e+14 4.89747e+14 
182800 7.24064e+19 2.86785e+15 5.17161e+14 4.89894e+14 
183000 7.24064e+19 2.8678e+15 5.17421e+14 4.89764e+14 
183200 7.24064e+19 2.8678e+15 5.17807e+14 4.89519e+14 
183400 7.24064e+19 2.86774e+15 5.17899e+14 4.88987e+14 
183600 7.24064e+19 2.86751e+15 5.17959e+14 4.88808e+14 
183800 7.24064e+19 2.86749e+15 5.17905e+14 4.8858e+14 
184000 7.24064e+19 2.86741e+15 5.17682e+14 4.88091e+14 
184200 7.24064e+19 2.86727e+15 5.17405e+14 4.87673e+14 
184400 7.24064e+19 2.86699e+15 5.17085e+14 4.8719e+14 
184600 7.24064e+19 2.86672e+15 5.16927e+14 4.86902e+14 
184800 7.24064e+19 2.86645e+15 5.16319e+14 4.86462e+14 
185000 7.24064e+19 2.86624e+15 5.15868e+14 4.85935e+14 
185200 7.24064e+19 2.86583e+15 5.15396e+14 4.8574e+14 
185400 7.24064e+19 2.8656e+15 5.14988e+14 4.85316e+14 
185600 7.24064e+19 2.86533e+15 5.14386e+14 4.84909e+14 
185800 7.24064e+19 2.86504e+15 5.13794e+14 4.84681e+14 
186000 7.24064e+19 2.86463e+15 5.13262e+14 4.84545e+14 
186200 7.24064e+19 2.86421e+15 5.12735e+14 4.84263e+14 
186400 7.24064e+19 2.86387e+15 5.12116e+14 4.84105e+14 
186600 7.24064e+19 2.86353e+15 5.1147e+14 4.83872e+14 
186800 7.24064e+19 2.86327e+15 5.10758e+14 4.83839e+14 
187000 7.24064e+19 2.86276e+15 5.10324e+14 4.83812e+14 
187200 7.24064e+19 2.86234e+15 5.09835e+14 4.83926e+14 
187400 7.24064e+19 2.86207e+15 5.09536e+14 4.84089e+14 
187600 7.24064e+19 2.86158e+15 5.08977e+14 4.84268e+14 
187800 7.24064e+19 2.86124e+15 5.0839e+14 4.84317e+14 
188000 7.24064e+19 2.86082e+15 5.08016e+14 4.8461e+14 
188200 7.24064e+19 2.86042e+15 5.0769e+14 4.84925e+14 
188400 7.24064e+19 2.85995e+15 5.07179e+14 4.85093e+14 
188600 7.24064e+19 2.85948e+15 5.06723e+14 4.85332e+14 
188800 7.24064e+19 2.85915e+15 5.06392e+14 4.85685e+14 
189000 7.24064e+19 2.85879e+15 5.06077e+14 4.86093e+14 
189200 7.24064e+19 2.85849e+15 5.05773e+14 4.86505e+14 
189400 7.24064e+19 2.85817e+15 5.0549e+14 4.87076e+14 
189600 7.24064e+19 2.85791e+15 5.05485e+14 4.87667e+14 
189800 7.24063e+19 2.85761e+15 5.05485e+14 4.88194e+14 
190000 7.24063e+19 2.85736e+15 5.05735e+14 4.88955e+14 
190200 7.24063e+19 2.85719e+15 5.05974e+14 4.89617e+14 
190400 7.24063e+19 2.8573e+15 5.06468e+14 4.90252e+14 
190600 7.24063e+19 2.85733e+15 5.07234e+14 4.89807e+14 
190800 7.24063e+19 2.85756e+15 5.08407e+14 4.89622e+14 
191000 7.24063e+19 2.85793e+15 5.09726e+14 4.89346e+14 
191200 7.24063e+19 2.85823e+15 5.11057e+14 4.89269e+14 
191400 7.24063e+19 2.85872e+15 5.1248e+14 4.89851e+14 
191600 7.24063e+19 2.85921e+15 5.14109e+14 4.90247e+14 
191800 7.24063e+19 2.85968e+15 5.15472e+14 4.90915e+14 
192000 7.24063e+19 2.86015e+15 5.1665e+14 4.91469e+14 
192200 7.24063e+19 2.86051e+15 5.17677e+14 4.91898e+14 
192400 7.24063e+19 2.8607e+15 5.18236e+14 4.91686e+14 
192600 7.24063e+19 2.86082e+15 5.18871e+14 4.91778e+14 
192800 7.24063e+19 2.86094e+15 5.19333e+14 4.91436e+14 
193000 7.24063e+19 2.86103e+15 5.19746e+14 4.91501e+14 
193200 7.24063e+19 2.86096e+15 5.19947e+14 4.91143e+14 
193400 7.24063e+19 2.86097e+15 5.20012e+14 4.90882e+14 
193600 7.24063e+19 2.86087e+15 5.19909e+14 4.90508e+14 
193800 7.24063e+19 2.86075e+15 5.19865e+14 4.89872e+14 
194000 7.24063e+19 2.8606e+15 5.19642e+14 4.89427e+14 
194200 7.24063e+19 2.86035e+15 5.19317e+14 4.89085e+14 
194400 7.24063e+19 2.86013e+15 5.18839e+14 4.88667e+14 
194600 7.24063e+19 2.85989e+15 5.18393e+14 4.8814e+14 
194800 7.24063e+19 2.85953e+15 5.18068e+14 4.87863e+14 
195000 7.24063e+19 2.85922e+15 5.1747e+14 4.87363e+14 
195200 7.24063e+19 2.85895e+15 5.16981e+14 4.86913e+14 
195400 7.24063e+19 2.85863e+15 5.16449e+14 4.86554e+14 
195600 7.24063e+19 2.85838e+15 5.15939e+14 4.86277e+14 
195800 7.24063e+19 2.8582e+15 5.15379e+14 4.85984e+14 
196000 7.24063e+19 2.85789e+15 5.14874e+14 4.85745e+14 
196200 7.24063e+19 2.85762e+15 5.14201e+14 4.85631e+14 
196400 7.24063e+19 2.85728e+15 5.13598e+14 4.8537e+14 
196600 7.24063e+19 2.85694e+15 5.13001e+14 4.85202e+14 
196800 7.24063e+19 2.85657e+15 5.12469e+14 4.8518e+14 
197000 7.24063e+19 2.8561e+15 5.11915e+14 4.85066e+14 
197200 7.24063e+19 2.85567e+15 5.11225e+14 4.85088e+14 
197400 7.24063e+19 2.85514e+15 5.10736e+14 4.85186e+14 
197600 7.24063e+19 2.85468e+15 5.10237e+14 4.85311e+14 
197800 7.24063e+19 2.85426e+15 5.09623e+14 4.8549e+14 
198000 7.24063e+19 2.85371e+15 5.09042e+14 4.85718e+14 
198200 7.24063e+19 2.85321e+15 5.08439e+14 4.85935e+14 
198400 7.24063e+19 2.85279e+15 5.08124e+14 4.86288e+14 
198600 7.24063e+19 2.85243e+15 5.07674e+14 4.86484e+14 
198800 7.24063e+19 2.85207e+15 5.07261e+14 4.86842e+14 
199000 7.24063e+19 2.85179e+15 5.06946e+14 4.87157e+14 
199200 7.24063e+19 2.85139e+15 5.06653e+14 4.87619e+14 
199400 7.24063e+19 2.85105e+15 5.06484e+14 4.88124e+14 
199600 7.24063e+19 2.85074e+15 5.06387e+14 4.88661e+14 
199800 7.24063e+19 2.85045e+15 5.06566e+14 4.89335e+14 
200000 7.24063e+19 2.8502e+15 5.06854e+14 4.90214e+14 
