Iteration / Neutral Density / Excited Density / Ion Density / Electron Density
0 7.24071e+19 3.62036e+15 5.43053e+14 5.43053e+14
200 7.24071e+19 3.60292e+15 5.42706e+14 4.86516e+14 
400 7.24071e+19 3.5893e+15 5.40963e+14 4.831e+14 
600 7.24071e+19 3.57786e+15 5.38079e+14 4.8247e+14 
800 7.24071e+19 3.5677e+15 5.34289e+14 4.81531e+14 
1000 7.24071e+19 3.55851e+15 5.30167e+14 4.78278e+14 
1200 7.24071e+19 3.55008e+15 5.2598e+14 4.76758e+14 
1400 7.24072e+19 3.54222e+15 5.21511e+14 4.73445e+14 
1600 7.24072e+19 3.5347e+15 5.17193e+14 4.68813e+14 
1800 7.24072e+19 3.52758e+15 5.13354e+14 4.65419e+14 
2000 7.24072e+19 3.52088e+15 5.09368e+14 4.62486e+14 
2200 7.24072e+19 3.51446e+15 5.05795e+14 4.60314e+14 
2400 7.24072e+19 3.50823e+15 5.0239e+14 4.58136e+14 
2600 7.24072e+19 3.50235e+15 4.99131e+14 4.55432e+14 
2800 7.24072e+19 3.49659e+15 4.96335e+14 4.52461e+14 
3000 7.24072e+19 3.49096e+15 4.93348e+14 4.49904e+14 
3200 7.24072e+19 3.48539e+15 4.90719e+14 4.4847e+14 
3400 7.24072e+19 3.47999e+15 4.88113e+14 4.46971e+14 
3600 7.24072e+19 3.47468e+15 4.8555e+14 4.44891e+14 
3800 7.24072e+19 3.46951e+15 4.83144e+14 4.42599e+14 
4000 7.24072e+19 3.46435e+15 4.80689e+14 4.40612e+14 
4200 7.24072e+19 3.45933e+15 4.78365e+14 4.3888e+14 
4400 7.24072e+19 3.45433e+15 4.76106e+14 4.37261e+14 
4600 7.24072e+19 3.44953e+15 4.7389e+14 4.35149e+14 
4800 7.24072e+19 3.44477e+15 4.71783e+14 4.33498e+14 
5000 7.24072e+19 3.44015e+15 4.6979e+14 4.32026e+14 
5200 7.24072e+19 3.43553e+15 4.67607e+14 4.30321e+14 
5400 7.24072e+19 3.43106e+15 4.65619e+14 4.28887e+14 
5600 7.24072e+19 3.42665e+15 4.63605e+14 4.27568e+14 
5800 7.24072e+19 3.42225e+15 4.61786e+14 4.26292e+14 
6000 7.24072e+19 3.41798e+15 4.59993e+14 4.25205e+14 
6200 7.24072e+19 3.41376e+15 4.58267e+14 4.24147e+14 
6400 7.24072e+19 3.40962e+15 4.56561e+14 4.23066e+14 
6600 7.24072e+19 3.40549e+15 4.54796e+14 4.22088e+14 
6800 7.24072e+19 3.40139e+15 4.53184e+14 4.21399e+14 
7000 7.24072e+19 3.39739e+15 4.51636e+14 4.20731e+14 
7200 7.24072e+19 3.39348e+15 4.5005e+14 4.20079e+14 
7400 7.24072e+19 3.3896e+15 4.48524e+14 4.19395e+14 
7600 7.24072e+19 3.38577e+15 4.47096e+14 4.18884e+14 
7800 7.24072e+19 3.38199e+15 4.45706e+14 4.18493e+14 
8000 7.24072e+19 3.37828e+15 4.44609e+14 4.18233e+14 
8200 7.24072e+19 3.37455e+15 4.43409e+14 4.17858e+14 
8400 7.24072e+19 3.37099e+15 4.42284e+14 4.17733e+14 
8600 7.24072e+19 3.36748e+15 4.41345e+14 4.177e+14 
8800 7.24072e+19 3.36399e+15 4.40346e+14 4.17581e+14 
9000 7.24072e+19 3.3605e+15 4.39385e+14 4.17738e+14 
9200 7.24072e+19 3.35708e+15 4.38499e+14 4.17722e+14 
9400 7.24072e+19 3.35371e+15 4.37658e+14 4.17891e+14 
9600 7.24072e+19 3.35043e+15 4.36968e+14 4.18015e+14 
9800 7.24072e+19 3.34729e+15 4.36387e+14 4.177e+14 
10000 7.24072e+19 3.34426e+15 4.35996e+14 4.16598e+14 
10200 7.24072e+19 3.34137e+15 4.35589e+14 4.15186e+14 
10400 7.24072e+19 3.33867e+15 4.35507e+14 4.13307e+14 
10600 7.24072e+19 3.33598e+15 4.35561e+14 4.11569e+14 
10800 7.24072e+19 3.3334e+15 4.35735e+14 4.1038e+14 
11000 7.24072e+19 3.33087e+15 4.35838e+14 4.09283e+14 
11200 7.24072e+19 3.32844e+15 4.36034e+14 4.08306e+14 
11400 7.24072e+19 3.32606e+15 4.36327e+14 4.07697e+14 
11600 7.24072e+19 3.32377e+15 4.36615e+14 4.0647e+14 
11800 7.24072e+19 3.32152e+15 4.36762e+14 4.0571e+14 
12000 7.24072e+19 3.31948e+15 4.36968e+14 4.04798e+14 
12200 7.24072e+19 3.31723e+15 4.37077e+14 4.03901e+14 
12400 7.24072e+19 3.31502e+15 4.3724e+14 4.03483e+14 
12600 7.24072e+19 3.31297e+15 4.37278e+14 4.02229e+14 
12800 7.24072e+19 3.3108e+15 4.37397e+14 4.01952e+14 
13000 7.24072e+19 3.3086e+15 4.37316e+14 4.01284e+14 
13200 7.24072e+19 3.3066e+15 4.37077e+14 4.00306e+14 
13400 7.24072e+19 3.30459e+15 4.36479e+14 3.99731e+14 
13600 7.24072e+19 3.30267e+15 4.36208e+14 3.99275e+14 
13800 7.24072e+19 3.30069e+15 4.35904e+14 3.98395e+14 
14000 7.24072e+19 3.29882e+15 4.35388e+14 3.9814e+14 
14200 7.24072e+19 3.29685e+15 4.34921e+14 3.97727e+14 
14400 7.24072e+19 3.29493e+15 4.34367e+14 3.97086e+14 
14600 7.24072e+19 3.29311e+15 4.33889e+14 3.96777e+14 
14800 7.24072e+19 3.29113e+15 4.32933e+14 3.96163e+14 
15000 7.24072e+19 3.28929e+15 4.32309e+14 3.96076e+14 
15200 7.24072e+19 3.28741e+15 4.31717e+14 3.95973e+14 
15400 7.24072e+19 3.28558e+15 4.31304e+14 3.95723e+14 
15600 7.24072e+19 3.28368e+15 4.30565e+14 3.95544e+14 
15800 7.24072e+19 3.28198e+15 4.30017e+14 3.95593e+14 
16000 7.24072e+19 3.28021e+15 4.29398e+14 3.9556e+14 
16200 7.24072e+19 3.27842e+15 4.29012e+14 3.95576e+14 
16400 7.24072e+19 3.27654e+15 4.28415e+14 3.95799e+14 
16600 7.24072e+19 3.2746e+15 4.2778e+14 3.95826e+14 
16800 7.24072e+19 3.27283e+15 4.27313e+14 3.96087e+14 
17000 7.24072e+19 3.27097e+15 4.26829e+14 3.96375e+14 
17200 7.24072e+19 3.26912e+15 4.26536e+14 3.96896e+14 
17400 7.24072e+19 3.26729e+15 4.2615e+14 3.97233e+14 
17600 7.24072e+19 3.26556e+15 4.25732e+14 3.97705e+14 
17800 7.24072e+19 3.26378e+15 4.25428e+14 3.98406e+14 
18000 7.24072e+19 3.26208e+15 4.2507e+14 3.98987e+14 
18200 7.24072e+19 3.26032e+15 4.25091e+14 3.99774e+14 
18400 7.24072e+19 3.25873e+15 4.2476e+14 4.00464e+14 
18600 7.24072e+19 3.25696e+15 4.24538e+14 4.01235e+14 
18800 7.24072e+19 3.25536e+15 4.24347e+14 4.01767e+14 
19000 7.24072e+19 3.2537e+15 4.24228e+14 4.02435e+14 
19200 7.24072e+19 3.25204e+15 4.24032e+14 4.03163e+14 
19400 7.24072e+19 3.25055e+15 4.23973e+14 4.03934e+14 
19600 7.24072e+19 3.24885e+15 4.23935e+14 4.04776e+14 
19800 7.24072e+19 3.24736e+15 4.24032e+14 4.05623e+14 
20000 7.24072e+19 3.24571e+15 4.24375e+14 4.06633e+14 
20200 7.24072e+19 3.24417e+15 4.24532e+14 4.07529e+14 
20400 7.24072e+19 3.24257e+15 4.24825e+14 4.08273e+14 
20600 7.24072e+19 3.24125e+15 4.25167e+14 4.088e+14 
20800 7.24072e+19 3.23981e+15 4.25662e+14 4.08984e+14 
21000 7.24072e+19 3.23843e+15 4.26243e+14 4.0868e+14 
21200 7.24072e+19 3.23718e+15 4.26813e+14 4.08257e+14 
21400 7.24072e+19 3.23586e+15 4.27367e+14 4.08034e+14 
21600 7.24072e+19 3.23445e+15 4.27769e+14 4.07562e+14 
21800 7.24072e+19 3.23318e+15 4.28295e+14 4.06991e+14 
22000 7.24072e+19 3.23195e+15 4.28659e+14 4.06758e+14 
22200 7.24072e+19 3.23056e+15 4.29197e+14 4.06611e+14 
22400 7.24072e+19 3.22926e+15 4.29653e+14 4.06313e+14 
22600 7.24072e+19 3.22799e+15 4.29897e+14 4.05971e+14 
22800 7.24072e+19 3.22665e+15 4.30066e+14 4.0558e+14 
23000 7.24072e+19 3.22527e+15 4.30419e+14 4.05308e+14 
23200 7.24072e+19 3.22388e+15 4.30582e+14 4.05167e+14 
23400 7.24072e+19 3.22267e+15 4.30446e+14 4.04477e+14 
23600 7.24072e+19 3.22124e+15 4.3062e+14 4.04466e+14 
23800 7.24072e+19 3.21984e+15 4.30576e+14 4.04032e+14 
24000 7.24072e+19 3.21856e+15 4.30603e+14 4.03739e+14 
24200 7.24072e+19 3.21708e+15 4.30495e+14 4.03597e+14 
24400 7.24072e+19 3.21569e+15 4.30495e+14 4.03119e+14 
24600 7.24072e+19 3.2141e+15 4.30234e+14 4.02881e+14 
24800 7.24072e+19 3.21266e+15 4.30022e+14 4.02446e+14 
25000 7.24072e+19 3.21115e+15 4.29658e+14 4.02294e+14 
25200 7.24072e+19 3.20976e+15 4.2942e+14 4.02082e+14 
25400 7.24072e+19 3.20839e+15 4.293e+14 4.02104e+14 
25600 7.24072e+19 3.20703e+15 4.29012e+14 4.0186e+14 
25800 7.24072e+19 3.2057e+15 4.28638e+14 4.0168e+14 
26000 7.24072e+19 3.20418e+15 4.28361e+14 4.01675e+14 
26200 7.24072e+19 3.20257e+15 4.28133e+14 4.01697e+14 
26400 7.24072e+19 3.20108e+15 4.27671e+14 4.01626e+14 
26600 7.24072e+19 3.19972e+15 4.27253e+14 4.01664e+14 
26800 7.24072e+19 3.19822e+15 4.26987e+14 4.01735e+14 
27000 7.24072e+19 3.19686e+15 4.2671e+14 4.01908e+14 
27200 7.24072e+19 3.19551e+15 4.26188e+14 4.01984e+14 
27400 7.24072e+19 3.19409e+15 4.25776e+14 4.02077e+14 
27600 7.24072e+19 3.19269e+15 4.25542e+14 4.02424e+14 
27800 7.24072e+19 3.19122e+15 4.25319e+14 4.02734e+14 
28000 7.24071e+19 3.18977e+15 4.25102e+14 4.03206e+14 
28200 7.24071e+19 3.18838e+15 4.24912e+14 4.03668e+14 
28400 7.24071e+19 3.18695e+15 4.24608e+14 4.04032e+14 
28600 7.24071e+19 3.18548e+15 4.24364e+14 4.04488e+14 
28800 7.24071e+19 3.18409e+15 4.24244e+14 4.04939e+14 
29000 7.24071e+19 3.18272e+15 4.24065e+14 4.05389e+14 
29200 7.24071e+19 3.1815e+15 4.24081e+14 4.06025e+14 
29400 7.24071e+19 3.18022e+15 4.23989e+14 4.06476e+14 
29600 7.24071e+19 3.17883e+15 4.23929e+14 4.07019e+14 
29800 7.24071e+19 3.17745e+15 4.24076e+14 4.07589e+14 
30000 7.24071e+19 3.17612e+15 4.24125e+14 4.08116e+14 
30200 7.24071e+19 3.1749e+15 4.24565e+14 4.08876e+14 
30400 7.24071e+19 3.17385e+15 4.24836e+14 4.09283e+14 
30600 7.24071e+19 3.17294e+15 4.25749e+14 4.09022e+14 
30800 7.24071e+19 3.1722e+15 4.26856e+14 4.09109e+14 
31000 7.24071e+19 3.17162e+15 4.28236e+14 4.09093e+14 
31200 7.24071e+19 3.17111e+15 4.29707e+14 4.09397e+14 
31400 7.24071e+19 3.17077e+15 4.31429e+14 4.09576e+14 
31600 7.24071e+19 3.1705e+15 4.32917e+14 4.1025e+14 
31800 7.24071e+19 3.16997e+15 4.34617e+14 4.11162e+14 
32000 7.24071e+19 3.16959e+15 4.36191e+14 4.12308e+14 
32200 7.24071e+19 3.16921e+15 4.37696e+14 4.12938e+14 
32400 7.24071e+19 3.16872e+15 4.39113e+14 4.13524e+14 
32600 7.24071e+19 3.16821e+15 4.40199e+14 4.14116e+14 
32800 7.24071e+19 3.16764e+15 4.41291e+14 4.1467e+14 
33000 7.24071e+19 3.16701e+15 4.42187e+14 4.14969e+14 
33200 7.24071e+19 3.16645e+15 4.42887e+14 4.15099e+14 
33400 7.24071e+19 3.16573e+15 4.4349e+14 4.1543e+14 
33600 7.24071e+19 3.1649e+15 4.44033e+14 4.15751e+14 
33800 7.24071e+19 3.16415e+15 4.44413e+14 4.15832e+14 
34000 7.24071e+19 3.16319e+15 4.44679e+14 4.15783e+14 
34200 7.24071e+19 3.16225e+15 4.44869e+14 4.15794e+14 
34400 7.24071e+19 3.16112e+15 4.4494e+14 4.15648e+14 
34600 7.24071e+19 3.16016e+15 4.44783e+14 4.1543e+14 
34800 7.24071e+19 3.15915e+15 4.44625e+14 4.15382e+14 
35000 7.24071e+19 3.15808e+15 4.44489e+14 4.1549e+14 
35200 7.24071e+19 3.15695e+15 4.4444e+14 4.15447e+14 
35400 7.24071e+19 3.15588e+15 4.4412e+14 4.15099e+14 
35600 7.24071e+19 3.15475e+15 4.43756e+14 4.14969e+14 
35800 7.24071e+19 3.15367e+15 4.43534e+14 4.1511e+14 
36000 7.24071e+19 3.1526e+15 4.43197e+14 4.15105e+14 
36200 7.24071e+19 3.1515e+15 4.42773e+14 4.15034e+14 
36400 7.24071e+19 3.15051e+15 4.42377e+14 4.15197e+14 
36600 7.24071e+19 3.14942e+15 4.42008e+14 4.15278e+14 
36800 7.24071e+19 3.14839e+15 4.41676e+14 4.15436e+14 
37000 7.24071e+19 3.14725e+15 4.41432e+14 4.15593e+14 
37200 7.24071e+19 3.1462e+15 4.41003e+14 4.15729e+14 
37400 7.24071e+19 3.14521e+15 4.40552e+14 4.16039e+14 
37600 7.24071e+19 3.14419e+15 4.40199e+14 4.16212e+14 
37800 7.24071e+19 3.14315e+15 4.39987e+14 4.16544e+14 
38000 7.24071e+19 3.14204e+15 4.39824e+14 4.16956e+14 
38200 7.24071e+19 3.14101e+15 4.3952e+14 4.17385e+14 
38400 7.24071e+19 3.13999e+15 4.39303e+14 4.1776e+14 
38600 7.24071e+19 3.13901e+15 4.39075e+14 4.18178e+14 
38800 7.24071e+19 3.13805e+15 4.38928e+14 4.18705e+14 
39000 7.24071e+19 3.1371e+15 4.38831e+14 4.19194e+14 
39200 7.24071e+19 3.13601e+15 4.38695e+14 4.19721e+14 
39400 7.24071e+19 3.13493e+15 4.38804e+14 4.20367e+14 
39600 7.24071e+19 3.13389e+15 4.38825e+14 4.20839e+14 
39800 7.24071e+19 3.13286e+15 4.38755e+14 4.21382e+14 
40000 7.24071e+19 3.13173e+15 4.38858e+14 4.22007e+14 
40200 7.24071e+19 3.13075e+15 4.39162e+14 4.22783e+14 
40400 7.24071e+19 3.12987e+15 4.39607e+14 4.23457e+14 
40600 7.24071e+19 3.12893e+15 4.39906e+14 4.24244e+14 
40800 7.24071e+19 3.12819e+15 4.40487e+14 4.24347e+14 
41000 7.24071e+19 3.12746e+15 4.41356e+14 4.24076e+14 
41200 7.24071e+19 3.12689e+15 4.42551e+14 4.23761e+14 
41400 7.24071e+19 3.12655e+15 4.43941e+14 4.24223e+14 
41600 7.24071e+19 3.12623e+15 4.45445e+14 4.24912e+14 
41800 7.24071e+19 3.12586e+15 4.46841e+14 4.25086e+14 
42000 7.24071e+19 3.12564e+15 4.48242e+14 4.25569e+14 
42200 7.24071e+19 3.12518e+15 4.4961e+14 4.25998e+14 
42400 7.2407e+19 3.12497e+15 4.50941e+14 4.26655e+14 
42600 7.2407e+19 3.12452e+15 4.51913e+14 4.27329e+14 
42800 7.2407e+19 3.12392e+15 4.52516e+14 4.27437e+14 
43000 7.2407e+19 3.12335e+15 4.53053e+14 4.27595e+14 
43200 7.2407e+19 3.12275e+15 4.53694e+14 4.2766e+14 
43400 7.2407e+19 3.12201e+15 4.54199e+14 4.27687e+14 
43600 7.2407e+19 3.12129e+15 4.5446e+14 4.27649e+14 
43800 7.2407e+19 3.1206e+15 4.54639e+14 4.27497e+14 
44000 7.2407e+19 3.11983e+15 4.54764e+14 4.27274e+14 
44200 7.2407e+19 3.11892e+15 4.54813e+14 4.27171e+14 
44400 7.2407e+19 3.11821e+15 4.54574e+14 4.27019e+14 
44600 7.2407e+19 3.11737e+15 4.54509e+14 4.26818e+14 
44800 7.2407e+19 3.11661e+15 4.54405e+14 4.26731e+14 
45000 7.2407e+19 3.1156e+15 4.54313e+14 4.26607e+14 
45200 7.2407e+19 3.11469e+15 4.54058e+14 4.2646e+14 
45400 7.2407e+19 3.11374e+15 4.5383e+14 4.26216e+14 
45600 7.2407e+19 3.11281e+15 4.53542e+14 4.26015e+14 
45800 7.2407e+19 3.11189e+15 4.53281e+14 4.26101e+14 
46000 7.2407e+19 3.11096e+15 4.52955e+14 4.26167e+14 
46200 7.2407e+19 3.10991e+15 4.52494e+14 4.26036e+14 
46400 7.2407e+19 3.10889e+15 4.52141e+14 4.25873e+14 
46600 7.2407e+19 3.10784e+15 4.51886e+14 4.25966e+14 
46800 7.2407e+19 3.10683e+15 4.51582e+14 4.26047e+14 
47000 7.2407e+19 3.10589e+15 4.51185e+14 4.26259e+14 
47200 7.2407e+19 3.10484e+15 4.50832e+14 4.26628e+14 
47400 7.2407e+19 3.10391e+15 4.50392e+14 4.26704e+14 
47600 7.2407e+19 3.10292e+15 4.50191e+14 4.26981e+14 
47800 7.2407e+19 3.10202e+15 4.49838e+14 4.27236e+14 
48000 7.2407e+19 3.10106e+15 4.49551e+14 4.27627e+14 
48200 7.2407e+19 3.10009e+15 4.4935e+14 4.28002e+14 
48400 7.2407e+19 3.09915e+15 4.49192e+14 4.28404e+14 
48600 7.2407e+19 3.0981e+15 4.49198e+14 4.28898e+14 
48800 7.2407e+19 3.09711e+15 4.49122e+14 4.29306e+14 
49000 7.2407e+19 3.09626e+15 4.48964e+14 4.29697e+14 
49200 7.2407e+19 3.09534e+15 4.49013e+14 4.30218e+14 
49400 7.2407e+19 3.09457e+15 4.49122e+14 4.3087e+14 
49600 7.2407e+19 3.09369e+15 4.49078e+14 4.31418e+14 
49800 7.2407e+19 3.09283e+15 4.49165e+14 4.3195e+14 
50000 7.2407e+19 3.09198e+15 4.49279e+14 4.32558e+14 
50200 7.2407e+19 3.09115e+15 4.49605e+14 4.33172e+14 
50400 7.2407e+19 3.09039e+15 4.50007e+14 4.33905e+14 
50600 7.2407e+19 3.08975e+15 4.50648e+14 4.33911e+14 
50800 7.2407e+19 3.0894e+15 4.51468e+14 4.33596e+14 
51000 7.2407e+19 3.08916e+15 4.52559e+14 4.33433e+14 
51200 7.2407e+19 3.08906e+15 4.53911e+14 4.33389e+14 
51400 7.2407e+19 3.08903e+15 4.55209e+14 4.33666e+14 
51600 7.2407e+19 3.08893e+15 4.56551e+14 4.33775e+14 
51800 7.2407e+19 3.08895e+15 4.58093e+14 4.34427e+14 
52000 7.2407e+19 3.08871e+15 4.59516e+14 4.35127e+14 
52200 7.2407e+19 3.08841e+15 4.60846e+14 4.35947e+14 
52400 7.2407e+19 3.08809e+15 4.61954e+14 4.36311e+14 
52600 7.2407e+19 3.08759e+15 4.62866e+14 4.36772e+14 
52800 7.2407e+19 3.08724e+15 4.63523e+14 4.36914e+14 
53000 7.2407e+19 3.08686e+15 4.64365e+14 4.37468e+14 
53200 7.2407e+19 3.08641e+15 4.64794e+14 4.37381e+14 
53400 7.2407e+19 3.08581e+15 4.65022e+14 4.36963e+14 
53600 7.2407e+19 3.08523e+15 4.65315e+14 4.36941e+14 
53800 7.2407e+19 3.0846e+15 4.65391e+14 4.36957e+14 
54000 7.2407e+19 3.08384e+15 4.6544e+14 4.36854e+14 
54200 7.2407e+19 3.08301e+15 4.65668e+14 4.36772e+14 
54400 7.2407e+19 3.08219e+15 4.65489e+14 4.36398e+14 
54600 7.2407e+19 3.0815e+15 4.65272e+14 4.36067e+14 
54800 7.2407e+19 3.08075e+15 4.65038e+14 4.35985e+14 
55000 7.2407e+19 3.07991e+15 4.64707e+14 4.35719e+14 
55200 7.2407e+19 3.07901e+15 4.64381e+14 4.35469e+14 
55400 7.2407e+19 3.0781e+15 4.64191e+14 4.35485e+14 
55600 7.2407e+19 3.07737e+15 4.64039e+14 4.35545e+14 
55800 7.2407e+19 3.07651e+15 4.63746e+14 4.35551e+14 
56000 7.2407e+19 3.07562e+15 4.63312e+14 4.35399e+14 
56200 7.2407e+19 3.07477e+15 4.6304e+14 4.35274e+14 
56400 7.2407e+19 3.07397e+15 4.6273e+14 4.35328e+14 
56600 7.2407e+19 3.07304e+15 4.62383e+14 4.35513e+14 
56800 7.2407e+19 3.07211e+15 4.61894e+14 4.35632e+14 
57000 7.2407e+19 3.07121e+15 4.61612e+14 4.35741e+14 
57200 7.2407e+19 3.07032e+15 4.61177e+14 4.35996e+14 
57400 7.2407e+19 3.06941e+15 4.60705e+14 4.36181e+14 
57600 7.2407e+19 3.06852e+15 4.60379e+14 4.3642e+14 
57800 7.2407e+19 3.06772e+15 4.6014e+14 4.36756e+14 
58000 7.2407e+19 3.06677e+15 4.5995e+14 4.37109e+14 
58200 7.2407e+19 3.0658e+15 4.59782e+14 4.37723e+14 
58400 7.2407e+19 3.06485e+15 4.5957e+14 4.38054e+14 
58600 7.2407e+19 3.06388e+15 4.59304e+14 4.38353e+14 
58800 7.2407e+19 3.06298e+15 4.59054e+14 4.38776e+14 
59000 7.2407e+19 3.06215e+15 4.58951e+14 4.39374e+14 
59200 7.2407e+19 3.0613e+15 4.58728e+14 4.39689e+14 
59400 7.2407e+19 3.06053e+15 4.5881e+14 4.40264e+14 
59600 7.2407e+19 3.05977e+15 4.58858e+14 4.40791e+14 
59800 7.2407e+19 3.05888e+15 4.58717e+14 4.41209e+14 
60000 7.2407e+19 3.05815e+15 4.58701e+14 4.41627e+14 
60200 7.2407e+19 3.05738e+15 4.58924e+14 4.42317e+14 
60400 7.2407e+19 3.05678e+15 4.59255e+14 4.42985e+14 
60600 7.2407e+19 3.05608e+15 4.5964e+14 4.43593e+14 
60800 7.2407e+19 3.05571e+15 4.60184e+14 4.43767e+14 
61000 7.2407e+19 3.05523e+15 4.60966e+14 4.4355e+14 
61200 7.2407e+19 3.05501e+15 4.6209e+14 4.43219e+14 
61400 7.2407e+19 3.05472e+15 4.63377e+14 4.43056e+14 
61600 7.2407e+19 3.05451e+15 4.64571e+14 4.43153e+14 
61800 7.24069e+19 3.05432e+15 4.65956e+14 4.43528e+14 
62000 7.24069e+19 3.05419e+15 4.67145e+14 4.43816e+14 
62200 7.24069e+19 3.05409e+15 4.68318e+14 4.44332e+14 
62400 7.24069e+19 3.05392e+15 4.69307e+14 4.45e+14 
62600 7.24069e+19 3.05367e+15 4.70263e+14 4.45412e+14 
62800 7.24069e+19 3.05335e+15 4.70914e+14 4.4538e+14 
63000 7.24069e+19 3.05287e+15 4.7137e+14 4.45266e+14 
63200 7.24069e+19 3.05244e+15 4.71794e+14 4.45467e+14 
63400 7.24069e+19 3.05184e+15 4.72446e+14 4.45646e+14 
63600 7.24069e+19 3.05137e+15 4.72864e+14 4.45635e+14 
63800 7.24069e+19 3.05091e+15 4.73119e+14 4.45309e+14 
64000 7.24069e+19 3.05033e+15 4.73168e+14 4.4525e+14 
64200 7.24069e+19 3.04982e+15 4.7319e+14 4.45049e+14 
64400 7.24069e+19 3.04922e+15 4.73054e+14 4.45011e+14 
64600 7.24069e+19 3.04871e+15 4.72886e+14 4.44663e+14 
64800 7.24069e+19 3.04806e+15 4.72641e+14 4.44364e+14 
65000 7.24069e+19 3.0474e+15 4.72348e+14 4.44082e+14 
65200 7.24069e+19 3.04675e+15 4.71968e+14 4.43892e+14 
65400 7.24069e+19 3.04603e+15 4.71729e+14 4.43919e+14 
65600 7.24069e+19 3.04527e+15 4.71501e+14 4.4374e+14 
65800 7.24069e+19 3.04451e+15 4.71164e+14 4.43588e+14 
66000 7.24069e+19 3.04371e+15 4.70817e+14 4.43653e+14 
66200 7.24069e+19 3.0429e+15 4.70453e+14 4.43669e+14 
66400 7.24069e+19 3.04209e+15 4.70007e+14 4.43642e+14 
66600 7.24069e+19 3.0413e+15 4.69524e+14 4.43528e+14 
66800 7.24069e+19 3.04055e+15 4.69138e+14 4.43778e+14 
67000 7.24069e+19 3.03988e+15 4.68807e+14 4.43903e+14 
67200 7.24069e+19 3.03914e+15 4.68612e+14 4.43979e+14 
67400 7.24069e+19 3.03832e+15 4.68226e+14 4.44191e+14 
67600 7.24069e+19 3.03745e+15 4.67911e+14 4.44506e+14 
67800 7.24069e+19 3.0366e+15 4.67613e+14 4.44717e+14 
68000 7.24069e+19 3.03582e+15 4.67281e+14 4.44869e+14 
68200 7.24069e+19 3.03499e+15 4.67015e+14 4.45168e+14 
68400 7.24069e+19 3.03416e+15 4.66754e+14 4.45575e+14 
68600 7.24069e+19 3.03346e+15 4.66581e+14 4.46037e+14 
68800 7.24069e+19 3.03261e+15 4.66445e+14 4.46537e+14 
69000 7.24069e+19 3.03183e+15 4.66331e+14 4.47069e+14 
69200 7.24069e+19 3.03101e+15 4.66222e+14 4.47574e+14 
69400 7.24069e+19 3.03025e+15 4.66206e+14 4.48035e+14 
69600 7.24069e+19 3.0294e+15 4.66016e+14 4.4847e+14 
69800 7.24069e+19 3.02859e+15 4.6594e+14 4.48845e+14 
70000 7.24069e+19 3.0278e+15 4.65978e+14 4.49415e+14 
70200 7.24069e+19 3.02706e+15 4.6619e+14 4.49969e+14 
70400 7.24069e+19 3.02637e+15 4.6651e+14 4.50523e+14 
70600 7.24069e+19 3.0259e+15 4.66923e+14 4.50544e+14 
70800 7.24069e+19 3.02552e+15 4.67574e+14 4.50137e+14 
71000 7.24069e+19 3.0252e+15 4.68568e+14 4.50132e+14 
71200 7.24069e+19 3.02514e+15 4.69709e+14 4.49594e+14 
71400 7.24069e+19 3.02508e+15 4.71001e+14 4.49567e+14 
71600 7.24069e+19 3.02502e+15 4.72332e+14 4.49735e+14 
71800 7.24069e+19 3.02488e+15 4.73467e+14 4.49936e+14 
72000 7.24069e+19 3.02487e+15 4.74488e+14 4.50257e+14 
72200 7.24069e+19 3.02461e+15 4.75671e+14 4.50859e+14 
72400 7.24069e+19 3.02437e+15 4.76633e+14 4.51326e+14 
72600 7.24069e+19 3.02419e+15 4.77311e+14 4.51451e+14 
72800 7.24069e+19 3.0239e+15 4.77773e+14 4.51408e+14 
73000 7.24069e+19 3.02351e+15 4.78262e+14 4.51283e+14 
73200 7.24069e+19 3.02306e+15 4.78691e+14 4.51326e+14 
73400 7.24069e+19 3.02263e+15 4.78941e+14 4.51142e+14 
73600 7.24069e+19 3.02215e+15 4.79044e+14 4.50881e+14 
73800 7.24069e+19 3.02166e+15 4.79136e+14 4.50631e+14 
74000 7.24069e+19 3.02103e+15 4.79239e+14 4.50371e+14 
74200 7.24069e+19 3.02044e+15 4.79125e+14 4.50191e+14 
74400 7.24069e+19 3.01978e+15 4.79142e+14 4.49974e+14 
74600 7.24069e+19 3.01922e+15 4.78979e+14 4.49654e+14 
74800 7.24069e+19 3.01852e+15 4.78675e+14 4.49355e+14 
75000 7.24069e+19 3.01788e+15 4.78441e+14 4.49295e+14 
75200 7.24069e+19 3.01715e+15 4.77979e+14 4.49013e+14 
75400 7.24069e+19 3.01647e+15 4.77431e+14 4.48557e+14 
75600 7.24069e+19 3.01585e+15 4.76969e+14 4.48274e+14 
75800 7.24069e+19 3.01522e+15 4.76557e+14 4.48253e+14 
76000 7.24069e+19 3.01451e+15 4.7609e+14 4.4816e+14 
76200 7.24069e+19 3.0138e+15 4.75823e+14 4.48236e+14 
76400 7.24069e+19 3.01305e+15 4.75438e+14 4.48122e+14 
76600 7.24069e+19 3.01245e+15 4.74944e+14 4.48198e+14 
76800 7.24069e+19 3.01167e+15 4.74531e+14 4.48253e+14 
77000 7.24069e+19 3.01085e+15 4.74162e+14 4.48443e+14 
77200 7.24069e+19 3.01012e+15 4.73733e+14 4.48535e+14 
77400 7.24069e+19 3.0093e+15 4.73331e+14 4.48698e+14 
77600 7.24069e+19 3.00846e+15 4.72913e+14 4.48893e+14 
77800 7.24069e+19 3.00768e+15 4.72446e+14 4.49051e+14 
78000 7.24069e+19 3.00694e+15 4.72169e+14 4.49431e+14 
78200 7.24069e+19 3.00614e+15 4.71837e+14 4.49708e+14 
78400 7.24069e+19 3.00546e+15 4.71452e+14 4.50061e+14 
78600 7.24069e+19 3.00472e+15 4.71148e+14 4.50354e+14 
78800 7.24069e+19 3.00401e+15 4.71012e+14 4.50827e+14 
79000 7.24069e+19 3.00331e+15 4.7086e+14 4.51272e+14 
79200 7.24069e+19 3.0026e+15 4.70664e+14 4.5169e+14 
79400 7.24069e+19 3.00188e+15 4.70605e+14 4.52277e+14 
79600 7.24069e+19 3.00116e+15 4.70583e+14 4.52836e+14 
79800 7.24069e+19 3.00057e+15 4.70713e+14 4.53401e+14 
80000 7.24069e+19 2.9999e+15 4.70768e+14 4.53922e+14 
80200 7.24069e+19 2.99921e+15 4.70893e+14 4.54405e+14 
80400 7.24069e+19 2.99861e+15 4.71202e+14 4.55236e+14 
80600 7.24069e+19 2.99819e+15 4.71664e+14 4.55899e+14 
80800 7.24069e+19 2.99787e+15 4.72321e+14 4.55839e+14 
81000 7.24069e+19 2.99772e+15 4.73222e+14 4.55492e+14 
81200 7.24069e+19 2.99768e+15 4.74466e+14 4.55361e+14 
81400 7.24069e+19 2.9976e+15 4.75921e+14 4.55459e+14 
81600 7.24069e+19 2.99777e+15 4.77507e+14 4.55638e+14 
81800 7.24069e+19 2.99788e+15 4.79109e+14 4.56192e+14 
82000 7.24068e+19 2.99807e+15 4.80461e+14 4.56876e+14 
82200 7.24068e+19 2.99803e+15 4.81591e+14 4.57468e+14 
82400 7.24068e+19 2.998e+15 4.82476e+14 4.58017e+14 
82600 7.24068e+19 2.9978e+15 4.83372e+14 4.58283e+14 
82800 7.24068e+19 2.99751e+15 4.84056e+14 4.58457e+14 
83000 7.24068e+19 2.99732e+15 4.84561e+14 4.58223e+14 
83200 7.24068e+19 2.99695e+15 4.84871e+14 4.58082e+14 
83400 7.24068e+19 2.99646e+15 4.85131e+14 4.58044e+14 
83600 7.24068e+19 2.99617e+15 4.8537e+14 4.57762e+14 
83800 7.24068e+19 2.99575e+15 4.85495e+14 4.5768e+14 
84000 7.24068e+19 2.99538e+15 4.8549e+14 4.57414e+14 
84200 7.24068e+19 2.99494e+15 4.85441e+14 4.5711e+14 
84400 7.24068e+19 2.9944e+15 4.85392e+14 4.56833e+14 
84600 7.24068e+19 2.99381e+15 4.85164e+14 4.56415e+14 
84800 7.24068e+19 2.99328e+15 4.84876e+14 4.56132e+14 
85000 7.24068e+19 2.99274e+15 4.84648e+14 4.56018e+14 
85200 7.24068e+19 2.99218e+15 4.84284e+14 4.55747e+14 
85400 7.24068e+19 2.99158e+15 4.83757e+14 4.55454e+14 
85600 7.24068e+19 2.99096e+15 4.83508e+14 4.55139e+14 
85800 7.24068e+19 2.99034e+15 4.83057e+14 4.55155e+14 
86000 7.24068e+19 2.98972e+15 4.8278e+14 4.55106e+14 
86200 7.24068e+19 2.989e+15 4.8228e+14 4.54938e+14 
86400 7.24068e+19 2.98831e+15 4.8171e+14 4.54878e+14 
86600 7.24068e+19 2.9876e+15 4.81341e+14 4.54927e+14 
86800 7.24068e+19 2.98691e+15 4.80928e+14 4.54818e+14 
87000 7.24068e+19 2.98625e+15 4.80591e+14 4.5497e+14 
87200 7.24068e+19 2.98559e+15 4.80021e+14 4.54992e+14 
87400 7.24068e+19 2.98492e+15 4.79641e+14 4.55274e+14 
87600 7.24068e+19 2.98427e+15 4.79125e+14 4.55356e+14 
87800 7.24068e+19 2.98355e+15 4.7868e+14 4.55573e+14 
88000 7.24068e+19 2.98282e+15 4.78332e+14 4.55747e+14 
88200 7.24068e+19 2.98217e+15 4.77952e+14 4.56035e+14 
88400 7.24068e+19 2.98157e+15 4.7761e+14 4.5642e+14 
88600 7.24068e+19 2.98092e+15 4.77502e+14 4.56952e+14 
88800 7.24068e+19 2.9803e+15 4.77328e+14 4.57414e+14 
89000 7.24068e+19 2.97966e+15 4.77279e+14 4.5787e+14 
89200 7.24068e+19 2.97902e+15 4.77067e+14 4.58332e+14 
89400 7.24068e+19 2.97841e+15 4.7698e+14 4.58869e+14 
89600 7.24068e+19 2.97781e+15 4.771e+14 4.59581e+14 
89800 7.24068e+19 2.97722e+15 4.77246e+14 4.60162e+14 
90000 7.24068e+19 2.97658e+15 4.77252e+14 4.60651e+14 
90200 7.24068e+19 2.97602e+15 4.77502e+14 4.61465e+14 
90400 7.24068e+19 2.97571e+15 4.77849e+14 4.61981e+14 
90600 7.24068e+19 2.97553e+15 4.7843e+14 4.62035e+14 
90800 7.24068e+19 2.97528e+15 4.79348e+14 4.61786e+14 
91000 7.24068e+19 2.97521e+15 4.80673e+14 4.61612e+14 
91200 7.24068e+19 2.97547e+15 4.82036e+14 4.61498e+14 
91400 7.24068e+19 2.97567e+15 4.83676e+14 4.61726e+14 
91600 7.24068e+19 2.97594e+15 4.8537e+14 4.62139e+14 
91800 7.24068e+19 2.97618e+15 4.86972e+14 4.63176e+14 
92000 7.24068e+19 2.97642e+15 4.88525e+14 4.64077e+14 
92200 7.24068e+19 2.97665e+15 4.89796e+14 4.64685e+14 
92400 7.24068e+19 2.97695e+15 4.9098e+14 4.65353e+14 
92600 7.24068e+19 2.97683e+15 4.92017e+14 4.6601e+14 
92800 7.24068e+19 2.97684e+15 4.92816e+14 4.66249e+14 
93000 7.24068e+19 2.97683e+15 4.93543e+14 4.6626e+14 
93200 7.24068e+19 2.97678e+15 4.94141e+14 4.66499e+14 
93400 7.24068e+19 2.97664e+15 4.94581e+14 4.66429e+14 
93600 7.24068e+19 2.97634e+15 4.94733e+14 4.66152e+14 
93800 7.24068e+19 2.9761e+15 4.94863e+14 4.65934e+14 
94000 7.24068e+19 2.97574e+15 4.94749e+14 4.65772e+14 
94200 7.24068e+19 2.97545e+15 4.94624e+14 4.6544e+14 
94400 7.24068e+19 2.97501e+15 4.94608e+14 4.6519e+14 
94600 7.24068e+19 2.97448e+15 4.94217e+14 4.64914e+14 
94800 7.24068e+19 2.97406e+15 4.93983e+14 4.64485e+14 
95000 7.24068e+19 2.97348e+15 4.93766e+14 4.6424e+14 
95200 7.24068e+19 2.97304e+15 4.93413e+14 4.64034e+14 
95400 7.24068e+19 2.97248e+15 4.93033e+14 4.63855e+14 
95600 7.24068e+19 2.97205e+15 4.92598e+14 4.63762e+14 
95800 7.24068e+19 2.97147e+15 4.9218e+14 4.63605e+14 
96000 7.24068e+19 2.97086e+15 4.91545e+14 4.63382e+14 
96200 7.24068e+19 2.97023e+15 4.91241e+14 4.63306e+14 
96400 7.24068e+19 2.96967e+15 4.90877e+14 4.63257e+14 
96600 7.24068e+19 2.96909e+15 4.90328e+14 4.63333e+14 
96800 7.24068e+19 2.96842e+15 4.89758e+14 4.63181e+14 
97000 7.24068e+19 2.96767e+15 4.894e+14 4.63317e+14 
97200 7.24068e+19 2.96698e+15 4.88835e+14 4.63436e+14 
97400 7.24068e+19 2.96634e+15 4.88401e+14 4.63534e+14 
97600 7.24068e+19 2.96563e+15 4.87977e+14 4.63697e+14 
97800 7.24068e+19 2.96499e+15 4.87619e+14 4.63936e+14 
98000 7.24068e+19 2.96439e+15 4.87266e+14 4.64186e+14 
98200 7.24068e+19 2.96372e+15 4.86728e+14 4.64528e+14 
98400 7.24068e+19 2.96307e+15 4.86467e+14 4.64805e+14 
98600 7.24068e+19 2.96245e+15 4.86196e+14 4.65207e+14 
98800 7.24068e+19 2.96175e+15 4.85892e+14 4.65516e+14 
99000 7.24068e+19 2.96119e+15 4.85588e+14 4.65896e+14 
99200 7.24068e+19 2.96057e+15 4.85419e+14 4.66429e+14 
99400 7.24068e+19 2.96004e+15 4.85425e+14 4.66955e+14 
99600 7.24068e+19 2.95954e+15 4.85332e+14 4.67471e+14 
99800 7.24068e+19 2.95908e+15 4.85479e+14 4.68172e+14 
100000 7.24068e+19 2.95861e+15 4.85626e+14 4.68709e+14 
100200 7.24068e+19 2.95815e+15 4.85913e+14 4.6935e+14 
100400 7.24068e+19 2.95789e+15 4.86304e+14 4.7017e+14 
100600 7.24068e+19 2.95771e+15 4.86951e+14 4.70822e+14 
100800 7.24068e+19 2.95762e+15 4.8801e+14 4.70773e+14 
101000 7.24068e+19 2.95771e+15 4.89481e+14 4.70931e+14 
101200 7.24068e+19 2.9579e+15 4.90953e+14 4.71115e+14 
101400 7.24068e+19 2.95814e+15 4.92419e+14 4.71142e+14 
101600 7.24068e+19 2.95836e+15 4.94228e+14 4.71881e+14 
101800 7.24067e+19 2.95851e+15 4.95569e+14 4.72587e+14 
102000 7.24067e+19 2.95877e+15 4.9691e+14 4.72886e+14 
102200 7.24067e+19 2.95889e+15 4.9811e+14 4.73532e+14 
102400 7.24067e+19 2.95891e+15 4.9912e+14 4.73966e+14 
102600 7.24067e+19 2.95906e+15 5.00076e+14 4.74346e+14 
102800 7.24067e+19 2.959e+15 5.00799e+14 4.74314e+14 
103000 7.24067e+19 2.95895e+15 5.01086e+14 4.74526e+14 
103200 7.24067e+19 2.95881e+15 5.01526e+14 4.74254e+14 
103400 7.24067e+19 2.95859e+15 5.01809e+14 4.74129e+14 
103600 7.24067e+19 2.95832e+15 5.01933e+14 4.7389e+14 
103800 7.24067e+19 2.95814e+15 5.02015e+14 4.73592e+14 
104000 7.24067e+19 2.95776e+15 5.01917e+14 4.73331e+14 
104200 7.24067e+19 2.95734e+15 5.01608e+14 4.72826e+14 
104400 7.24067e+19 2.95694e+15 5.01488e+14 4.72473e+14 
104600 7.24067e+19 2.95659e+15 5.01179e+14 4.72125e+14 
104800 7.24067e+19 2.95618e+15 5.00902e+14 4.71702e+14 
105000 7.24067e+19 2.95572e+15 5.0056e+14 4.71544e+14 
105200 7.24067e+19 2.95517e+15 5.00158e+14 4.71278e+14 
105400 7.24067e+19 2.95467e+15 4.9975e+14 4.71017e+14 
105600 7.24067e+19 2.95423e+15 4.99289e+14 4.70789e+14 
105800 7.24067e+19 2.9537e+15 4.9892e+14 4.70588e+14 
106000 7.24067e+19 2.95313e+15 4.98447e+14 4.70371e+14 
106200 7.24067e+19 2.95257e+15 4.97899e+14 4.70301e+14 
106400 7.24067e+19 2.95205e+15 4.97464e+14 4.70252e+14 
106600 7.24067e+19 2.95153e+15 4.97084e+14 4.70073e+14 
106800 7.24067e+19 2.95098e+15 4.96606e+14 4.70013e+14 
107000 7.24067e+19 2.95038e+15 4.96161e+14 4.70214e+14 
107200 7.24067e+19 2.94981e+15 4.95802e+14 4.70339e+14 
107400 7.24067e+19 2.9492e+15 4.95232e+14 4.70409e+14 
107600 7.24067e+19 2.9486e+15 4.94825e+14 4.70681e+14 
107800 7.24067e+19 2.94799e+15 4.94407e+14 4.70947e+14 
108000 7.24067e+19 2.94742e+15 4.93793e+14 4.71088e+14 
108200 7.24067e+19 2.94688e+15 4.93451e+14 4.71381e+14 
108400 7.24067e+19 2.94631e+15 4.93071e+14 4.71637e+14 
108600 7.24067e+19 2.94572e+15 4.92816e+14 4.72066e+14 
108800 7.24067e+19 2.94518e+15 4.92403e+14 4.72462e+14 
109000 7.24067e+19 2.94451e+15 4.92262e+14 4.7288e+14 
109200 7.24067e+19 2.94396e+15 4.92072e+14 4.73407e+14 
109400 7.24067e+19 2.94353e+15 4.91979e+14 4.73955e+14 
109600 7.24067e+19 2.94293e+15 4.92012e+14 4.74574e+14 
109800 7.24067e+19 2.94244e+15 4.91968e+14 4.75025e+14 
110000 7.24067e+19 2.94197e+15 4.9211e+14 4.75585e+14 
110200 7.24067e+19 2.94164e+15 4.92392e+14 4.7616e+14 
110400 7.24067e+19 2.94144e+15 4.92816e+14 4.76589e+14 
110600 7.24067e+19 2.94136e+15 4.93641e+14 4.76681e+14 
110800 7.24067e+19 2.94142e+15 4.94624e+14 4.76611e+14 
111000 7.24067e+19 2.94157e+15 4.96003e+14 4.76611e+14 
111200 7.24067e+19 2.94187e+15 4.97567e+14 4.76671e+14 
111400 7.24067e+19 2.94225e+15 4.99202e+14 4.76698e+14 
111600 7.24067e+19 2.94259e+15 5.00755e+14 4.77295e+14 
111800 7.24067e+19 2.94277e+15 5.02259e+14 4.78072e+14 
112000 7.24067e+19 2.94294e+15 5.0366e+14 4.78805e+14 
112200 7.24067e+19 2.94324e+15 5.04964e+14 4.79332e+14 
112400 7.24067e+19 2.94331e+15 5.05898e+14 4.79983e+14 
112600 7.24067e+19 2.94338e+15 5.06528e+14 4.79978e+14 
112800 7.24067e+19 2.9432e+15 5.07451e+14 4.80065e+14 
113000 7.24067e+19 2.94296e+15 5.07826e+14 4.80092e+14 
113200 7.24067e+19 2.9429e+15 5.0807e+14 4.79902e+14 
113400 7.24067e+19 2.94274e+15 5.08358e+14 4.7956e+14 
113600 7.24067e+19 2.94258e+15 5.08287e+14 4.78984e+14 
113800 7.24067e+19 2.94251e+15 5.08282e+14 4.78865e+14 
114000 7.24067e+19 2.94226e+15 5.08276e+14 4.78577e+14 
114200 7.24067e+19 2.94189e+15 5.08168e+14 4.78197e+14 
114400 7.24067e+19 2.94161e+15 5.0782e+14 4.77757e+14 
114600 7.24067e+19 2.94115e+15 5.07337e+14 4.77279e+14 
114800 7.24067e+19 2.94076e+15 5.06978e+14 4.76747e+14 
115000 7.24067e+19 2.94038e+15 5.06566e+14 4.76508e+14 
115200 7.24067e+19 2.94004e+15 5.06055e+14 4.76176e+14 
115400 7.24067e+19 2.9395e+15 5.05387e+14 4.75693e+14 
115600 7.24067e+19 2.93904e+15 5.04975e+14 4.75449e+14 
115800 7.24067e+19 2.93854e+15 5.04524e+14 4.75389e+14 
116000 7.24067e+19 2.93806e+15 5.041e+14 4.75183e+14 
116200 7.24067e+19 2.93752e+15 5.03595e+14 4.74873e+14 
116400 7.24067e+19 2.93706e+15 5.03003e+14 4.7477e+14 
116600 7.24067e+19 2.93663e+15 5.02417e+14 4.74765e+14 
116800 7.24067e+19 2.93613e+15 5.01928e+14 4.74716e+14 
117000 7.24067e+19 2.93559e+15 5.01374e+14 4.74786e+14 
117200 7.24067e+19 2.93494e+15 5.00847e+14 4.74873e+14 
117400 7.24067e+19 2.93445e+15 5.00304e+14 4.75063e+14 
117600 7.24067e+19 2.93406e+15 4.99799e+14 4.75259e+14 
117800 7.24067e+19 2.93342e+15 4.993e+14 4.7546e+14 
118000 7.24067e+19 2.93288e+15 4.98827e+14 4.75628e+14 
118200 7.24067e+19 2.93238e+15 4.98376e+14 4.75916e+14 
118400 7.24067e+19 2.93177e+15 4.97888e+14 4.76285e+14 
118600 7.24067e+19 2.93139e+15 4.97518e+14 4.76643e+14 
118800 7.24067e+19 2.9309e+15 4.97149e+14 4.77045e+14 
119000 7.24067e+19 2.93033e+15 4.97051e+14 4.77529e+14 
119200 7.24067e+19 2.92996e+15 4.96872e+14 4.77844e+14 
119400 7.24067e+19 2.92935e+15 4.96747e+14 4.78495e+14 
119600 7.24067e+19 2.92907e+15 4.96747e+14 4.79093e+14 
119800 7.24067e+19 2.92862e+15 4.96818e+14 4.79657e+14 
120000 7.24067e+19 2.92828e+15 4.96894e+14 4.80287e+14 
