Iteration / Neutral Density / Excited Density / Ion Density / Electron Density
0 3.379e+20 1.6895e+16 2.53425e+15 2.53425e+15
200 3.379e+20 1.68756e+16 2.52921e+15 2.41707e+15 
400 3.379e+20 1.68587e+16 2.5136e+15 2.41904e+15 
600 3.379e+20 1.68439e+16 2.49634e+15 2.40896e+15 
800 3.379e+20 1.68308e+16 2.48237e+15 2.40166e+15 
1000 3.379e+20 1.68184e+16 2.46894e+15 2.39608e+15 
1200 3.379e+20 1.68066e+16 2.45718e+15 2.38384e+15 
1400 3.379e+20 1.67949e+16 2.44694e+15 2.37512e+15 
1600 3.379e+20 1.67832e+16 2.43894e+15 2.36831e+15 
1800 3.379e+20 1.6772e+16 2.43019e+15 2.36121e+15 
2000 3.379e+20 1.67609e+16 2.42251e+15 2.35209e+15 
2200 3.379e+20 1.675e+16 2.41458e+15 2.34499e+15 
2400 3.379e+20 1.67391e+16 2.40825e+15 2.3384e+15 
2600 3.379e+20 1.67284e+16 2.40168e+15 2.33283e+15 
2800 3.379e+20 1.67181e+16 2.39525e+15 2.32599e+15 
3000 3.379e+20 1.67078e+16 2.38939e+15 2.31952e+15 
3200 3.379e+20 1.66976e+16 2.38318e+15 2.31405e+15 
3400 3.379e+20 1.66877e+16 2.37692e+15 2.3085e+15 
3600 3.379e+20 1.6678e+16 2.37142e+15 2.30313e+15 
3800 3.379e+20 1.66683e+16 2.36598e+15 2.29811e+15 
4000 3.379e+20 1.6659e+16 2.36111e+15 2.29281e+15 
4200 3.379e+20 1.66497e+16 2.35505e+15 2.28835e+15 
4400 3.379e+20 1.66404e+16 2.35087e+15 2.28392e+15 
4600 3.379e+20 1.66316e+16 2.34542e+15 2.2793e+15 
4800 3.379e+20 1.66228e+16 2.34111e+15 2.27522e+15 
5000 3.379e+20 1.66138e+16 2.33625e+15 2.27089e+15 
5200 3.379e+20 1.66051e+16 2.33093e+15 2.2677e+15 
5400 3.379e+20 1.65966e+16 2.32606e+15 2.26372e+15 
5600 3.379e+20 1.6588e+16 2.32173e+15 2.26009e+15 
5800 3.379e+20 1.65796e+16 2.31747e+15 2.25741e+15 
6000 3.379e+20 1.65715e+16 2.31293e+15 2.25447e+15 
6200 3.379e+20 1.65633e+16 2.30911e+15 2.25117e+15 
6400 3.379e+20 1.65554e+16 2.30525e+15 2.24851e+15 
6600 3.379e+20 1.65474e+16 2.3011e+15 2.246e+15 
6800 3.379e+20 1.65394e+16 2.2974e+15 2.24375e+15 
7000 3.379e+20 1.65314e+16 2.29312e+15 2.24096e+15 
7200 3.379e+20 1.65238e+16 2.28964e+15 2.23898e+15 
7400 3.379e+20 1.65162e+16 2.28612e+15 2.23729e+15 
7600 3.379e+20 1.65087e+16 2.28283e+15 2.23622e+15 
7800 3.379e+20 1.65013e+16 2.2807e+15 2.23526e+15 
8000 3.379e+20 1.64941e+16 2.27834e+15 2.23435e+15 
8200 3.379e+20 1.64867e+16 2.27565e+15 2.23371e+15 
8400 3.379e+20 1.64796e+16 2.27335e+15 2.23285e+15 
8600 3.379e+20 1.64725e+16 2.27097e+15 2.23267e+15 
8800 3.379e+20 1.64655e+16 2.26853e+15 2.23174e+15 
9000 3.379e+20 1.64588e+16 2.26592e+15 2.23138e+15 
9200 3.379e+20 1.64521e+16 2.26415e+15 2.23123e+15 
9400 3.379e+20 1.64453e+16 2.26207e+15 2.23075e+15 
9600 3.379e+20 1.64387e+16 2.2605e+15 2.23095e+15 
9800 3.379e+20 1.64323e+16 2.2587e+15 2.22943e+15 
10000 3.379e+20 1.64262e+16 2.25738e+15 2.2237e+15 
10200 3.379e+20 1.64202e+16 2.25589e+15 2.22038e+15 
10400 3.379e+20 1.64143e+16 2.255e+15 2.216e+15 
10600 3.379e+20 1.64087e+16 2.25353e+15 2.21184e+15 
10800 3.379e+20 1.64035e+16 2.25254e+15 2.20728e+15 
11000 3.379e+20 1.63983e+16 2.25105e+15 2.2029e+15 
11200 3.379e+20 1.63935e+16 2.24943e+15 2.19889e+15 
11400 3.379e+20 1.63888e+16 2.24839e+15 2.19522e+15 
11600 3.379e+20 1.63838e+16 2.24646e+15 2.19093e+15 
11800 3.379e+20 1.63791e+16 2.244e+15 2.18665e+15 
12000 3.379e+20 1.63748e+16 2.24167e+15 2.18217e+15 
12200 3.379e+20 1.63705e+16 2.23924e+15 2.17857e+15 
12400 3.379e+20 1.63661e+16 2.23691e+15 2.17497e+15 
12600 3.379e+20 1.63617e+16 2.23409e+15 2.17167e+15 
12800 3.379e+20 1.63579e+16 2.23103e+15 2.16838e+15 
13000 3.379e+20 1.63538e+16 2.22859e+15 2.16445e+15 
13200 3.379e+20 1.63496e+16 2.22588e+15 2.16065e+15 
13400 3.379e+20 1.63452e+16 2.22274e+15 2.15776e+15 
13600 3.379e+20 1.63412e+16 2.21909e+15 2.15378e+15 
13800 3.379e+20 1.63366e+16 2.21595e+15 2.15079e+15 
14000 3.379e+20 1.63327e+16 2.21321e+15 2.14752e+15 
14200 3.379e+20 1.63288e+16 2.20956e+15 2.14418e+15 
14400 3.379e+20 1.63248e+16 2.20642e+15 2.14144e+15 
14600 3.379e+20 1.63207e+16 2.2032e+15 2.13868e+15 
14800 3.379e+20 1.63165e+16 2.20016e+15 2.13609e+15 
15000 3.379e+20 1.6313e+16 2.19679e+15 2.13366e+15 
15200 3.379e+20 1.63089e+16 2.19372e+15 2.13087e+15 
15400 3.379e+20 1.63046e+16 2.18972e+15 2.12857e+15 
15600 3.379e+20 1.63002e+16 2.18675e+15 2.12618e+15 
15800 3.379e+20 1.62961e+16 2.18419e+15 2.12466e+15 
16000 3.379e+20 1.6292e+16 2.18077e+15 2.12297e+15 
16200 3.379e+20 1.62879e+16 2.17806e+15 2.12114e+15 
16400 3.379e+20 1.62841e+16 2.17527e+15 2.11998e+15 
16600 3.379e+20 1.62799e+16 2.1734e+15 2.11934e+15 
16800 3.379e+20 1.62754e+16 2.17122e+15 2.11787e+15 
17000 3.379e+20 1.62712e+16 2.16843e+15 2.11706e+15 
17200 3.379e+20 1.62669e+16 2.16607e+15 2.11648e+15 
17400 3.379e+20 1.62627e+16 2.1642e+15 2.1159e+15 
17600 3.379e+20 1.62588e+16 2.16215e+15 2.11546e+15 
17800 3.379e+20 1.62548e+16 2.16045e+15 2.11549e+15 
18000 3.379e+20 1.62512e+16 2.15883e+15 2.11552e+15 
18200 3.379e+20 1.62474e+16 2.15705e+15 2.11549e+15 
18400 3.379e+20 1.62431e+16 2.1554e+15 2.11564e+15 
18600 3.379e+20 1.62392e+16 2.15409e+15 2.1161e+15 
18800 3.379e+20 1.62351e+16 2.15249e+15 2.11658e+15 
19000 3.379e+20 1.62319e+16 2.1516e+15 2.11742e+15 
19200 3.379e+20 1.62285e+16 2.15013e+15 2.118e+15 
19400 3.379e+20 1.6225e+16 2.14953e+15 2.11924e+15 
19600 3.379e+20 1.62213e+16 2.14874e+15 2.1202e+15 
19800 3.379e+20 1.62177e+16 2.14816e+15 2.12127e+15 
20000 3.379e+20 1.62147e+16 2.14765e+15 2.12228e+15 
20200 3.379e+20 1.62116e+16 2.1477e+15 2.1235e+15 
20400 3.379e+20 1.62089e+16 2.14717e+15 2.12327e+15 
20600 3.379e+20 1.62057e+16 2.14689e+15 2.12112e+15 
20800 3.379e+20 1.62024e+16 2.14656e+15 2.11891e+15 
21000 3.379e+20 1.61998e+16 2.14615e+15 2.11693e+15 
21200 3.379e+20 1.61966e+16 2.14583e+15 2.11478e+15 
21400 3.379e+20 1.61939e+16 2.14524e+15 2.1125e+15 
21600 3.379e+20 1.6191e+16 2.14456e+15 2.11045e+15 
21800 3.379e+20 1.61875e+16 2.14413e+15 2.10845e+15 
22000 3.379e+20 1.6185e+16 2.14339e+15 2.10621e+15 
22200 3.379e+20 1.61816e+16 2.14268e+15 2.10409e+15 
22400 3.379e+20 1.61784e+16 2.14223e+15 2.10196e+15 
22600 3.379e+20 1.61755e+16 2.14096e+15 2.09965e+15 
22800 3.379e+20 1.61723e+16 2.14022e+15 2.09778e+15 
23000 3.379e+20 1.6169e+16 2.13941e+15 2.09572e+15 
23200 3.379e+20 1.61658e+16 2.13761e+15 2.09354e+15 
23400 3.379e+20 1.61628e+16 2.13637e+15 2.09119e+15 
23600 3.379e+20 1.61596e+16 2.13495e+15 2.08924e+15 
23800 3.379e+20 1.61567e+16 2.13414e+15 2.08761e+15 
24000 3.379e+20 1.61533e+16 2.13285e+15 2.08592e+15 
24200 3.379e+20 1.615e+16 2.13072e+15 2.08394e+15 
24400 3.379e+20 1.61465e+16 2.12923e+15 2.08239e+15 
24600 3.379e+20 1.6143e+16 2.12773e+15 2.08049e+15 
24800 3.379e+20 1.61394e+16 2.12621e+15 2.07897e+15 
25000 3.379e+20 1.6136e+16 2.12502e+15 2.0774e+15 
25200 3.379e+20 1.61327e+16 2.12325e+15 2.07591e+15 
25400 3.379e+20 1.61293e+16 2.12172e+15 2.07474e+15 
25600 3.379e+20 1.61261e+16 2.11965e+15 2.07337e+15 
25800 3.379e+20 1.61229e+16 2.11808e+15 2.07183e+15 
26000 3.379e+20 1.61196e+16 2.11625e+15 2.07091e+15 
26200 3.379e+20 1.61164e+16 2.11465e+15 2.07013e+15 
26400 3.379e+20 1.61131e+16 2.11308e+15 2.06904e+15 
26600 3.379e+20 1.61097e+16 2.11189e+15 2.06835e+15 
26800 3.379e+20 1.61061e+16 2.11062e+15 2.068e+15 
27000 3.379e+20 1.61029e+16 2.10943e+15 2.06757e+15 
27200 3.379e+20 1.60996e+16 2.10832e+15 2.06757e+15 
27400 3.379e+20 1.60962e+16 2.10725e+15 2.06764e+15 
27600 3.379e+20 1.60929e+16 2.10616e+15 2.06792e+15 
27800 3.379e+20 1.60897e+16 2.1054e+15 2.06764e+15 
28000 3.379e+20 1.60867e+16 2.10416e+15 2.06772e+15 
28200 3.379e+20 1.60837e+16 2.10307e+15 2.06795e+15 
28400 3.379e+20 1.60806e+16 2.10165e+15 2.06825e+15 
28600 3.379e+20 1.60775e+16 2.10046e+15 2.06848e+15 
28800 3.379e+20 1.60745e+16 2.0998e+15 2.06911e+15 
29000 3.379e+20 1.60719e+16 2.09897e+15 2.06957e+15 
29200 3.379e+20 1.6069e+16 2.09828e+15 2.07025e+15 
29400 3.379e+20 1.60662e+16 2.09773e+15 2.07101e+15 
29600 3.379e+20 1.60633e+16 2.09732e+15 2.07195e+15 
29800 3.379e+20 1.60612e+16 2.09696e+15 2.07289e+15 
30000 3.379e+20 1.60588e+16 2.09669e+15 2.07357e+15 
30200 3.379e+20 1.60574e+16 2.09681e+15 2.07246e+15 
30400 3.379e+20 1.60562e+16 2.09722e+15 2.07046e+15 
30600 3.379e+20 1.60545e+16 2.09775e+15 2.06924e+15 
30800 3.379e+20 1.60533e+16 2.09803e+15 2.0683e+15 
31000 3.379e+20 1.60519e+16 2.09838e+15 2.06668e+15 
31200 3.379e+20 1.60507e+16 2.09881e+15 2.06567e+15 
31400 3.379e+20 1.60495e+16 2.09907e+15 2.06448e+15 
31600 3.379e+20 1.60481e+16 2.09945e+15 2.06318e+15 
31800 3.379e+20 1.60468e+16 2.09942e+15 2.06161e+15 
32000 3.379e+20 1.60452e+16 2.09881e+15 2.05979e+15 
32200 3.379e+20 1.60435e+16 2.09889e+15 2.05888e+15 
32400 3.379e+20 1.60416e+16 2.09892e+15 2.05751e+15 
32600 3.379e+20 1.604e+16 2.09902e+15 2.05637e+15 
32800 3.379e+20 1.60381e+16 2.09828e+15 2.05472e+15 
33000 3.379e+20 1.60362e+16 2.09803e+15 2.0532e+15 
33200 3.379e+20 1.60345e+16 2.09707e+15 2.0514e+15 
33400 3.379e+20 1.60325e+16 2.09633e+15 2.04973e+15 
33600 3.379e+20 1.60306e+16 2.09509e+15 2.04793e+15 
33800 3.379e+20 1.60285e+16 2.0939e+15 2.04623e+15 
34000 3.379e+20 1.60264e+16 2.0924e+15 2.04458e+15 
34200 3.379e+20 1.60248e+16 2.09124e+15 2.04344e+15 
34400 3.379e+20 1.60227e+16 2.09027e+15 2.0424e+15 
34600 3.379e+20 1.60206e+16 2.08901e+15 2.04081e+15 
34800 3.379e+20 1.60185e+16 2.08789e+15 2.03934e+15 
35000 3.379e+20 1.60163e+16 2.08652e+15 2.0382e+15 
35200 3.379e+20 1.60141e+16 2.08508e+15 2.0367e+15 
35400 3.379e+20 1.60123e+16 2.08331e+15 2.03589e+15 
35600 3.379e+20 1.60099e+16 2.08186e+15 2.03495e+15 
35800 3.379e+20 1.60076e+16 2.08034e+15 2.03396e+15 
36000 3.379e+20 1.60054e+16 2.07905e+15 2.03272e+15 
36200 3.379e+20 1.6003e+16 2.07781e+15 2.03244e+15 
36400 3.379e+20 1.60013e+16 2.07611e+15 2.03148e+15 
36600 3.379e+20 1.59991e+16 2.07446e+15 2.03118e+15 
36800 3.379e+20 1.59969e+16 2.0736e+15 2.03113e+15 
37000 3.379e+20 1.59947e+16 2.07236e+15 2.03092e+15 
37200 3.379e+20 1.59921e+16 2.07147e+15 2.03057e+15 
37400 3.379e+20 1.59896e+16 2.0701e+15 2.03029e+15 
37600 3.379e+20 1.59874e+16 2.06896e+15 2.03054e+15 
37800 3.379e+20 1.59853e+16 2.06825e+15 2.03021e+15 
38000 3.379e+20 1.59832e+16 2.0678e+15 2.03092e+15 
38200 3.379e+20 1.5981e+16 2.06681e+15 2.03113e+15 
38400 3.379e+20 1.59788e+16 2.06557e+15 2.03158e+15 
38600 3.379e+20 1.59765e+16 2.06519e+15 2.03234e+15 
38800 3.379e+20 1.59743e+16 2.06432e+15 2.03292e+15 
39000 3.379e+20 1.59722e+16 2.06339e+15 2.03338e+15 
39200 3.379e+20 1.59699e+16 2.0624e+15 2.03406e+15 
39400 3.379e+20 1.59678e+16 2.06181e+15 2.03515e+15 
39600 3.379e+20 1.59659e+16 2.06159e+15 2.03632e+15 
39800 3.379e+20 1.59641e+16 2.06154e+15 2.03749e+15 
40000 3.379e+20 1.59629e+16 2.06138e+15 2.03893e+15 
40200 3.379e+20 1.59622e+16 2.06108e+15 2.03946e+15 
40400 3.379e+20 1.59607e+16 2.06161e+15 2.03934e+15 
40600 3.379e+20 1.59602e+16 2.06214e+15 2.0384e+15 
40800 3.379e+20 1.59601e+16 2.0624e+15 2.0365e+15 
41000 3.379e+20 1.59588e+16 2.0626e+15 2.035e+15 
41200 3.379e+20 1.59574e+16 2.06293e+15 2.03399e+15 
41400 3.379e+20 1.59565e+16 2.06339e+15 2.03285e+15 
41600 3.379e+20 1.59556e+16 2.06364e+15 2.03176e+15 
41800 3.379e+20 1.59541e+16 2.06377e+15 2.03095e+15 
42000 3.379e+20 1.5953e+16 2.06399e+15 2.02933e+15 
42200 3.379e+20 1.59517e+16 2.06404e+15 2.02806e+15 
42400 3.379e+20 1.59509e+16 2.06387e+15 2.02679e+15 
42600 3.379e+20 1.59496e+16 2.06301e+15 2.02537e+15 
42800 3.379e+20 1.59481e+16 2.06316e+15 2.02365e+15 
43000 3.379e+20 1.59469e+16 2.06278e+15 2.02299e+15 
43200 3.379e+20 1.59454e+16 2.06235e+15 2.0217e+15 
43400 3.379e+20 1.59437e+16 2.06161e+15 2.01987e+15 
43600 3.379e+20 1.59422e+16 2.06116e+15 2.01896e+15 
43800 3.379e+20 1.59405e+16 2.06095e+15 2.01805e+15 
44000 3.379e+20 1.59392e+16 2.06019e+15 2.01696e+15 
44200 3.379e+20 1.59377e+16 2.0592e+15 2.01546e+15 
44400 3.379e+20 1.59364e+16 2.05837e+15 2.01435e+15 
44600 3.379e+20 1.59346e+16 2.05713e+15 2.01301e+15 
44800 3.379e+20 1.59329e+16 2.05599e+15 2.01204e+15 
45000 3.379e+20 1.5931e+16 2.05505e+15 2.0111e+15 
45200 3.379e+20 1.5929e+16 2.05388e+15 2.01012e+15 
45400 3.379e+20 1.59275e+16 2.05284e+15 2.00933e+15 
45600 3.379e+20 1.59257e+16 2.0518e+15 2.00893e+15 
45800 3.379e+20 1.59239e+16 2.05077e+15 2.00832e+15 
46000 3.379e+20 1.59225e+16 2.04995e+15 2.00786e+15 
46200 3.379e+20 1.59206e+16 2.04922e+15 2.00758e+15 
46400 3.379e+20 1.59186e+16 2.04859e+15 2.0073e+15 
46600 3.379e+20 1.59163e+16 2.04739e+15 2.00713e+15 
46800 3.379e+20 1.5914e+16 2.04658e+15 2.00675e+15 
47000 3.379e+20 1.59118e+16 2.04547e+15 2.00624e+15 
47200 3.379e+20 1.59097e+16 2.04456e+15 2.00535e+15 
47400 3.379e+20 1.59076e+16 2.04309e+15 2.0053e+15 
47600 3.379e+20 1.59052e+16 2.0422e+15 2.00523e+15 
47800 3.379e+20 1.59031e+16 2.04111e+15 2.00576e+15 
48000 3.379e+20 1.59014e+16 2.04027e+15 2.00611e+15 
48200 3.379e+20 1.58995e+16 2.03972e+15 2.00649e+15 
48400 3.379e+20 1.58976e+16 2.03888e+15 2.00687e+15 
48600 3.379e+20 1.58958e+16 2.03809e+15 2.00748e+15 
48800 3.379e+20 1.58945e+16 2.03771e+15 2.00865e+15 
49000 3.379e+20 1.58929e+16 2.03776e+15 2.00931e+15 
49200 3.379e+20 1.58909e+16 2.03721e+15 2.01027e+15 
49400 3.379e+20 1.58892e+16 2.0367e+15 2.01128e+15 
49600 3.379e+20 1.5888e+16 2.0364e+15 2.0125e+15 
49800 3.379e+20 1.58865e+16 2.03645e+15 2.01333e+15 
50000 3.379e+20 1.58853e+16 2.03629e+15 2.0143e+15 
50200 3.379e+20 1.58843e+16 2.0366e+15 2.01432e+15 
50400 3.379e+20 1.58837e+16 2.03721e+15 2.01311e+15 
50600 3.379e+20 1.5883e+16 2.03766e+15 2.01164e+15 
50800 3.379e+20 1.58825e+16 2.03842e+15 2.0107e+15 
51000 3.379e+20 1.58821e+16 2.03908e+15 2.00956e+15 
51200 3.379e+20 1.58815e+16 2.03951e+15 2.00849e+15 
51400 3.379e+20 1.5881e+16 2.04007e+15 2.00718e+15 
51600 3.379e+20 1.58804e+16 2.04038e+15 2.00619e+15 
51800 3.379e+20 1.58798e+16 2.04038e+15 2.00479e+15 
52000 3.379e+20 1.58787e+16 2.04045e+15 2.00391e+15 
52200 3.379e+20 1.58782e+16 2.04035e+15 2.00274e+15 
52400 3.379e+20 1.58777e+16 2.04035e+15 2.0017e+15 
52600 3.379e+20 1.58775e+16 2.04022e+15 2.00026e+15 
52800 3.379e+20 1.58768e+16 2.03997e+15 1.99909e+15 
53000 3.379e+20 1.58762e+16 2.03946e+15 1.9976e+15 
53200 3.379e+20 1.58756e+16 2.03931e+15 1.99623e+15 
53400 3.379e+20 1.58749e+16 2.03837e+15 1.9943e+15 
53600 3.379e+20 1.58735e+16 2.03718e+15 1.99276e+15 
53800 3.379e+20 1.58725e+16 2.03609e+15 1.99154e+15 
54000 3.379e+20 1.58717e+16 2.03536e+15 1.9907e+15 
54200 3.379e+20 1.58708e+16 2.0348e+15 1.98989e+15 
54400 3.379e+20 1.58699e+16 2.03414e+15 1.98845e+15 
54600 3.379e+20 1.58691e+16 2.03267e+15 1.98716e+15 
54800 3.379e+20 1.58678e+16 2.03148e+15 1.98602e+15 
55000 3.379e+20 1.58659e+16 2.03031e+15 1.98518e+15 
55200 3.379e+20 1.58647e+16 2.0291e+15 1.98419e+15 
55400 3.379e+20 1.58632e+16 2.0277e+15 1.98335e+15 
55600 3.379e+20 1.58615e+16 2.02672e+15 1.9829e+15 
55800 3.379e+20 1.58602e+16 2.02514e+15 1.98188e+15 
56000 3.379e+20 1.58586e+16 2.02423e+15 1.98148e+15 
56200 3.379e+20 1.58568e+16 2.02355e+15 1.98118e+15 
56400 3.379e+20 1.5855e+16 2.02238e+15 1.98052e+15 
56600 3.379e+20 1.58532e+16 2.02144e+15 1.98026e+15 
56800 3.379e+20 1.58516e+16 2.02086e+15 1.97983e+15 
57000 3.379e+20 1.58498e+16 2.01947e+15 1.97945e+15 
57200 3.379e+20 1.58478e+16 2.01873e+15 1.97971e+15 
57400 3.379e+20 1.58458e+16 2.01734e+15 1.9795e+15 
57600 3.379e+20 1.58442e+16 2.0162e+15 1.97963e+15 
57800 3.379e+20 1.58424e+16 2.01564e+15 1.98009e+15 
58000 3.379e+20 1.58408e+16 2.01496e+15 1.98054e+15 
58200 3.379e+20 1.58394e+16 2.01437e+15 1.98074e+15 
58400 3.379e+20 1.58383e+16 2.01349e+15 1.9812e+15 
58600 3.379e+20 1.58369e+16 2.01308e+15 1.98194e+15 
58800 3.379e+20 1.58354e+16 2.01242e+15 1.98244e+15 
59000 3.379e+20 1.58339e+16 2.01136e+15 1.98318e+15 
59200 3.379e+20 1.58324e+16 2.01085e+15 1.98399e+15 
59400 3.379e+20 1.58312e+16 2.0105e+15 1.98455e+15 
59600 3.379e+20 1.58298e+16 2.01037e+15 1.98564e+15 
59800 3.379e+20 1.58289e+16 2.00999e+15 1.98642e+15 
60000 3.379e+20 1.58282e+16 2.01017e+15 1.98809e+15 
60200 3.379e+20 1.58278e+16 2.01042e+15 1.98941e+15 
60400 3.379e+20 1.58277e+16 2.01045e+15 1.98928e+15 
60600 3.379e+20 1.58278e+16 2.01113e+15 1.98789e+15 
60800 3.379e+20 1.58279e+16 2.01148e+15 1.98652e+15 
61000 3.379e+20 1.58279e+16 2.01159e+15 1.98495e+15 
61200 3.379e+20 1.58276e+16 2.01255e+15 1.98414e+15 
61400 3.379e+20 1.58278e+16 2.01255e+15 1.983e+15 
61600 3.379e+20 1.58273e+16 2.01268e+15 1.98153e+15 
61800 3.379e+20 1.58265e+16 2.01288e+15 1.98031e+15 
62000 3.379e+20 1.5826e+16 2.01328e+15 1.97963e+15 
62200 3.379e+20 1.58251e+16 2.01339e+15 1.97798e+15 
62400 3.379e+20 1.58245e+16 2.01298e+15 1.97682e+15 
62600 3.379e+20 1.58236e+16 2.0124e+15 1.97512e+15 
62800 3.379e+20 1.58231e+16 2.01245e+15 1.9741e+15 
63000 3.379e+20 1.5822e+16 2.01176e+15 1.97215e+15 
63200 3.379e+20 1.58218e+16 2.0108e+15 1.97099e+15 
63400 3.379e+20 1.58209e+16 2.01024e+15 1.96949e+15 
63600 3.379e+20 1.58203e+16 2.00976e+15 1.96833e+15 
63800 3.379e+20 1.58193e+16 2.00931e+15 1.96698e+15 
64000 3.379e+20 1.58181e+16 2.00857e+15 1.96622e+15 
64200 3.379e+20 1.58172e+16 2.00761e+15 1.96478e+15 
64400 3.379e+20 1.58159e+16 2.00642e+15 1.96354e+15 
64600 3.379e+20 1.58144e+16 2.00561e+15 1.96242e+15 
64800 3.379e+20 1.58129e+16 2.00414e+15 1.96136e+15 
65000 3.379e+20 1.58118e+16 2.00284e+15 1.96032e+15 
65200 3.379e+20 1.58106e+16 2.00175e+15 1.95958e+15 
65400 3.379e+20 1.58092e+16 2.00051e+15 1.95877e+15 
65600 3.379e+20 1.58078e+16 1.99978e+15 1.95776e+15 
65800 3.379e+20 1.58065e+16 1.99866e+15 1.95707e+15 
66000 3.379e+20 1.58055e+16 1.99739e+15 1.95616e+15 
66200 3.379e+20 1.58043e+16 1.99636e+15 1.95568e+15 
66400 3.379e+20 1.58026e+16 1.99524e+15 1.9552e+15 
66600 3.379e+20 1.58013e+16 1.99453e+15 1.95467e+15 
66800 3.379e+20 1.58002e+16 1.99319e+15 1.95416e+15 
67000 3.379e+20 1.57988e+16 1.99228e+15 1.95403e+15 
67200 3.379e+20 1.5797e+16 1.99154e+15 1.95413e+15 
67400 3.379e+20 1.57956e+16 1.99083e+15 1.95429e+15 
67600 3.379e+20 1.57941e+16 1.98989e+15 1.95429e+15 
67800 3.379e+20 1.57927e+16 1.98908e+15 1.95439e+15 
68000 3.379e+20 1.57917e+16 1.98847e+15 1.95459e+15 
68200 3.379e+20 1.57903e+16 1.98759e+15 1.95502e+15 
68400 3.379e+20 1.57889e+16 1.98688e+15 1.95568e+15 
68600 3.379e+20 1.57878e+16 1.98574e+15 1.95588e+15 
68800 3.379e+20 1.57864e+16 1.98493e+15 1.95606e+15 
69000 3.379e+20 1.57854e+16 1.98442e+15 1.95685e+15 
69200 3.379e+20 1.57839e+16 1.98399e+15 1.95766e+15 
69400 3.379e+20 1.57826e+16 1.98341e+15 1.95859e+15 
69600 3.379e+20 1.57819e+16 1.98323e+15 1.95976e+15 
69800 3.379e+20 1.57815e+16 1.98343e+15 1.96113e+15 
70000 3.379e+20 1.57809e+16 1.98341e+15 1.96214e+15 
70200 3.379e+20 1.57806e+16 1.98358e+15 1.96257e+15 
70400 3.379e+20 1.57806e+16 1.98449e+15 1.96146e+15 
70600 3.379e+20 1.57809e+16 1.98566e+15 1.96019e+15 
70800 3.379e+20 1.57808e+16 1.98647e+15 1.95923e+15 
71000 3.379e+20 1.5781e+16 1.98713e+15 1.95839e+15 
71200 3.379e+20 1.57811e+16 1.98771e+15 1.95768e+15 
71400 3.379e+20 1.57816e+16 1.98819e+15 1.95664e+15 
71600 3.379e+20 1.57817e+16 1.9889e+15 1.95606e+15 
71800 3.379e+20 1.57816e+16 1.98893e+15 1.95472e+15 
72000 3.379e+20 1.57812e+16 1.98903e+15 1.9531e+15 
72200 3.379e+20 1.5781e+16 1.98837e+15 1.95201e+15 
72400 3.379e+20 1.57803e+16 1.98804e+15 1.95071e+15 
72600 3.379e+20 1.57795e+16 1.98738e+15 1.94886e+15 
72800 3.379e+20 1.57788e+16 1.98705e+15 1.94729e+15 
73000 3.379e+20 1.57781e+16 1.98693e+15 1.94595e+15 
73200 3.379e+20 1.57772e+16 1.98624e+15 1.94463e+15 
73400 3.379e+20 1.5776e+16 1.98576e+15 1.94362e+15 
73600 3.379e+20 1.57753e+16 1.98477e+15 1.942e+15 
73800 3.379e+20 1.57745e+16 1.98379e+15 1.94068e+15 
74000 3.379e+20 1.57736e+16 1.98282e+15 1.93941e+15 
74200 3.379e+20 1.57728e+16 1.98171e+15 1.93789e+15 
74400 3.379e+20 1.57715e+16 1.98064e+15 1.93634e+15 
74600 3.379e+20 1.57706e+16 1.97976e+15 1.93563e+15 
74800 3.379e+20 1.57696e+16 1.97877e+15 1.93447e+15 
75000 3.379e+20 1.57682e+16 1.97758e+15 1.93343e+15 
75200 3.379e+20 1.57669e+16 1.97628e+15 1.93204e+15 
75400 3.379e+20 1.57656e+16 1.97504e+15 1.93115e+15 
75600 3.379e+20 1.57648e+16 1.97383e+15 1.93052e+15 
75800 3.379e+20 1.57635e+16 1.97296e+15 1.92998e+15 
76000 3.379e+20 1.57625e+16 1.97208e+15 1.92988e+15 
76200 3.379e+20 1.57616e+16 1.97142e+15 1.92925e+15 
76400 3.379e+20 1.57606e+16 1.97053e+15 1.92884e+15 
76600 3.379e+20 1.57592e+16 1.96931e+15 1.92841e+15 
76800 3.379e+20 1.57578e+16 1.96825e+15 1.92785e+15 
77000 3.379e+20 1.57566e+16 1.96686e+15 1.92742e+15 
77200 3.379e+20 1.57553e+16 1.96579e+15 1.92745e+15 
77400 3.379e+20 1.57543e+16 1.96437e+15 1.92714e+15 
77600 3.379e+20 1.57534e+16 1.96344e+15 1.92699e+15 
77800 3.379e+20 1.57523e+16 1.9625e+15 1.92745e+15 
78000 3.379e+20 1.57512e+16 1.96202e+15 1.92796e+15 
78200 3.379e+20 1.575e+16 1.96113e+15 1.92841e+15 
78400 3.379e+20 1.57488e+16 1.96027e+15 1.92851e+15 
78600 3.379e+20 1.57481e+16 1.95943e+15 1.9291e+15 
78800 3.379e+20 1.5747e+16 1.95887e+15 1.92963e+15 
79000 3.379e+20 1.5746e+16 1.95867e+15 1.93059e+15 
79200 3.379e+20 1.57449e+16 1.95839e+15 1.9314e+15 
79400 3.379e+20 1.5744e+16 1.95829e+15 1.93257e+15 
79600 3.379e+20 1.57435e+16 1.95794e+15 1.93389e+15 
79800 3.379e+20 1.57425e+16 1.95794e+15 1.93505e+15 
80000 3.379e+20 1.57421e+16 1.95816e+15 1.93657e+15 
80200 3.379e+20 1.57415e+16 1.95796e+15 1.93769e+15 
80400 3.379e+20 1.57414e+16 1.95862e+15 1.93726e+15 
80600 3.379e+20 1.57418e+16 1.95941e+15 1.93634e+15 
80800 3.379e+20 1.5742e+16 1.95974e+15 1.93482e+15 
81000 3.379e+20 1.57417e+16 1.96032e+15 1.93366e+15 
81200 3.379e+20 1.57418e+16 1.96118e+15 1.93264e+15 
81400 3.379e+20 1.57414e+16 1.96153e+15 1.93145e+15 
81600 3.379e+20 1.57413e+16 1.96115e+15 1.92988e+15 
81800 3.379e+20 1.5741e+16 1.96143e+15 1.92864e+15 
82000 3.379e+20 1.57402e+16 1.96136e+15 1.92763e+15 
82200 3.379e+20 1.574e+16 1.96153e+15 1.92671e+15 
82400 3.379e+20 1.57396e+16 1.96148e+15 1.92519e+15 
82600 3.379e+20 1.57391e+16 1.96105e+15 1.92375e+15 
82800 3.379e+20 1.57385e+16 1.96032e+15 1.92223e+15 
83000 3.379e+20 1.57378e+16 1.96009e+15 1.92104e+15 
83200 3.379e+20 1.57376e+16 1.95956e+15 1.91977e+15 
83400 3.379e+20 1.57375e+16 1.95905e+15 1.91853e+15 
83600 3.379e+20 1.57371e+16 1.95839e+15 1.91721e+15 
83800 3.379e+20 1.57363e+16 1.95814e+15 1.91607e+15 
84000 3.379e+20 1.57358e+16 1.95682e+15 1.9149e+15 
84200 3.379e+20 1.57358e+16 1.95639e+15 1.91392e+15 
84400 3.379e+20 1.57353e+16 1.95566e+15 1.91359e+15 
84600 3.379e+20 1.57343e+16 1.95474e+15 1.91255e+15 
84800 3.379e+20 1.57329e+16 1.95424e+15 1.91194e+15 
85000 3.379e+20 1.57325e+16 1.9535e+15 1.91118e+15 
85200 3.379e+20 1.57316e+16 1.95294e+15 1.91075e+15 
85400 3.379e+20 1.57304e+16 1.95226e+15 1.91006e+15 
85600 3.379e+20 1.57291e+16 1.95165e+15 1.90935e+15 
85800 3.379e+20 1.5728e+16 1.95061e+15 1.90925e+15 
86000 3.379e+20 1.57271e+16 1.9497e+15 1.9088e+15 
86200 3.379e+20 1.57263e+16 1.94904e+15 1.90857e+15 
86400 3.379e+20 1.57252e+16 1.94798e+15 1.90826e+15 
86600 3.379e+20 1.57245e+16 1.94727e+15 1.90788e+15 
86800 3.379e+20 1.57236e+16 1.94597e+15 1.90753e+15 
87000 3.379e+20 1.57226e+16 1.94496e+15 1.9074e+15 
87200 3.379e+20 1.57217e+16 1.94385e+15 1.90743e+15 
87400 3.379e+20 1.57207e+16 1.94291e+15 1.90733e+15 
87600 3.379e+20 1.57196e+16 1.94212e+15 1.90735e+15 
87800 3.379e+20 1.57188e+16 1.94124e+15 1.90712e+15 
88000 3.379e+20 1.57175e+16 1.94037e+15 1.90733e+15 
88200 3.379e+20 1.57165e+16 1.93916e+15 1.9072e+15 
88400 3.379e+20 1.57154e+16 1.9384e+15 1.90799e+15 
88600 3.379e+20 1.57144e+16 1.93786e+15 1.90832e+15 
88800 3.379e+20 1.57132e+16 1.93716e+15 1.90852e+15 
89000 3.379e+20 1.57127e+16 1.93629e+15 1.90897e+15 
89200 3.379e+20 1.57118e+16 1.93607e+15 1.90976e+15 
89400 3.379e+20 1.57115e+16 1.93551e+15 1.91052e+15 
89600 3.379e+20 1.57108e+16 1.9347e+15 1.91103e+15 
89800 3.379e+20 1.57103e+16 1.93429e+15 1.91194e+15 
90000 3.379e+20 1.57098e+16 1.93422e+15 1.91295e+15 
90200 3.379e+20 1.57099e+16 1.93492e+15 1.91328e+15 
90400 3.379e+20 1.57108e+16 1.93596e+15 1.91245e+15 
90600 3.379e+20 1.57115e+16 1.93637e+15 1.9111e+15 
90800 3.379e+20 1.5712e+16 1.93736e+15 1.91067e+15 
91000 3.379e+20 1.57122e+16 1.93857e+15 1.90981e+15 
91200 3.379e+20 1.57126e+16 1.93939e+15 1.90918e+15 
91400 3.379e+20 1.57129e+16 1.93997e+15 1.90847e+15 
91600 3.379e+20 1.57128e+16 1.94027e+15 1.90712e+15 
91800 3.379e+20 1.5713e+16 1.9407e+15 1.90654e+15 
92000 3.379e+20 1.57128e+16 1.94091e+15 1.9054e+15 
92200 3.379e+20 1.57133e+16 1.94096e+15 1.90418e+15 
92400 3.379e+20 1.57134e+16 1.9407e+15 1.90274e+15 
92600 3.379e+20 1.57136e+16 1.94065e+15 1.90127e+15 
92800 3.379e+20 1.57132e+16 1.94025e+15 1.90008e+15 
93000 3.379e+20 1.5713e+16 1.94004e+15 1.89889e+15 
93200 3.379e+20 1.57125e+16 1.93944e+15 1.89754e+15 
93400 3.379e+20 1.57121e+16 1.93883e+15 1.89623e+15 
93600 3.379e+20 1.57115e+16 1.93792e+15 1.89511e+15 
93800 3.379e+20 1.57112e+16 1.93741e+15 1.89382e+15 
94000 3.379e+20 1.57108e+16 1.9368e+15 1.89316e+15 
94200 3.379e+20 1.571e+16 1.93546e+15 1.89131e+15 
94400 3.379e+20 1.57094e+16 1.93513e+15 1.89096e+15 
94600 3.379e+20 1.57087e+16 1.93391e+15 1.88966e+15 
94800 3.379e+20 1.57079e+16 1.93239e+15 1.8887e+15 
95000 3.379e+20 1.5707e+16 1.93143e+15 1.88812e+15 
95200 3.379e+20 1.57067e+16 1.93084e+15 1.88738e+15 
95400 3.379e+20 1.57059e+16 1.93006e+15 1.88632e+15 
95600 3.379e+20 1.57052e+16 1.92899e+15 1.88571e+15 
95800 3.379e+20 1.57043e+16 1.92773e+15 1.88495e+15 
96000 3.379e+20 1.57033e+16 1.92644e+15 1.88452e+15 
96200 3.379e+20 1.57024e+16 1.9255e+15 1.88416e+15 
96400 3.379e+20 1.57014e+16 1.92431e+15 1.88363e+15 
96600 3.379e+20 1.56999e+16 1.92367e+15 1.88366e+15 
96800 3.379e+20 1.56989e+16 1.92256e+15 1.88345e+15 
97000 3.379e+20 1.56978e+16 1.92172e+15 1.8834e+15 
97200 3.379e+20 1.56967e+16 1.92061e+15 1.88368e+15 
97400 3.379e+20 1.56956e+16 1.9199e+15 1.88376e+15 
97600 3.379e+20 1.56946e+16 1.91919e+15 1.88414e+15 
97800 3.379e+20 1.56936e+16 1.91843e+15 1.88429e+15 
98000 3.379e+20 1.56925e+16 1.918e+15 1.88459e+15 
98200 3.379e+20 1.56917e+16 1.91749e+15 1.8849e+15 
98400 3.379e+20 1.56905e+16 1.91658e+15 1.88515e+15 
98600 3.379e+20 1.56896e+16 1.91604e+15 1.88574e+15 
98800 3.379e+20 1.56888e+16 1.91528e+15 1.88622e+15 
99000 3.379e+20 1.56881e+16 1.91493e+15 1.88703e+15 
99200 3.379e+20 1.56874e+16 1.9144e+15 1.88769e+15 
99400 3.379e+20 1.56869e+16 1.91402e+15 1.88873e+15 
99600 3.379e+20 1.56869e+16 1.91397e+15 1.8902e+15 
99800 3.379e+20 1.56868e+16 1.91402e+15 1.89144e+15 
100000 3.379e+20 1.56864e+16 1.91387e+15 1.89253e+15 
100200 3.379e+20 1.56867e+16 1.91402e+15 1.89364e+15 
100400 3.379e+20 1.56876e+16 1.91457e+15 1.89331e+15 
100600 3.379e+20 1.56884e+16 1.91526e+15 1.89202e+15 
100800 3.379e+20 1.56891e+16 1.91599e+15 1.8907e+15 
101000 3.379e+20 1.56897e+16 1.91615e+15 1.88964e+15 
101200 3.379e+20 1.56906e+16 1.9167e+15 1.88847e+15 
101400 3.379e+20 1.56909e+16 1.91741e+15 1.88731e+15 
101600 3.379e+20 1.56917e+16 1.9181e+15 1.88677e+15 
101800 3.379e+20 1.56924e+16 1.91815e+15 1.88568e+15 
102000 3.379e+20 1.56931e+16 1.91866e+15 1.88467e+15 
102200 3.379e+20 1.56938e+16 1.91883e+15 1.88353e+15 
102400 3.379e+20 1.56943e+16 1.91871e+15 1.88209e+15 
102600 3.379e+20 1.56945e+16 1.91827e+15 1.88102e+15 
102800 3.379e+20 1.56949e+16 1.91866e+15 1.88011e+15 
103000 3.379e+20 1.5695e+16 1.91797e+15 1.87892e+15 
103200 3.379e+20 1.56945e+16 1.91744e+15 1.8775e+15 
103400 3.379e+20 1.5694e+16 1.91703e+15 1.87664e+15 
103600 3.379e+20 1.56941e+16 1.9167e+15 1.87578e+15 
103800 3.379e+20 1.56936e+16 1.91612e+15 1.87453e+15 
104000 3.379e+20 1.56933e+16 1.91554e+15 1.874e+15 
104200 3.379e+20 1.56932e+16 1.91475e+15 1.87276e+15 
104400 3.379e+20 1.56929e+16 1.91346e+15 1.87137e+15 
104600 3.379e+20 1.56922e+16 1.91257e+15 1.87017e+15 
104800 3.379e+20 1.56916e+16 1.91194e+15 1.86967e+15 
105000 3.379e+20 1.56906e+16 1.91093e+15 1.86843e+15 
105200 3.379e+20 1.56899e+16 1.90963e+15 1.86734e+15 
105400 3.379e+20 1.56896e+16 1.9087e+15 1.86668e+15 
105600 3.379e+20 1.5689e+16 1.90768e+15 1.86564e+15 
105800 3.379e+20 1.56883e+16 1.90649e+15 1.86521e+15 
106000 3.379e+20 1.56877e+16 1.90568e+15 1.86488e+15 
106200 3.379e+20 1.56868e+16 1.90416e+15 1.86432e+15 
106400 3.379e+20 1.56864e+16 1.90332e+15 1.86414e+15 
106600 3.379e+20 1.56855e+16 1.90251e+15 1.86381e+15 
106800 3.379e+20 1.56846e+16 1.90165e+15 1.86371e+15 
107000 3.379e+20 1.56837e+16 1.90089e+15 1.86364e+15 
107200 3.379e+20 1.56826e+16 1.89998e+15 1.86364e+15 
107400 3.379e+20 1.56818e+16 1.89937e+15 1.86338e+15 
107600 3.379e+20 1.56809e+16 1.89856e+15 1.86341e+15 
107800 3.379e+20 1.56798e+16 1.89805e+15 1.86399e+15 
108000 3.379e+20 1.56788e+16 1.89732e+15 1.86455e+15 
108200 3.379e+20 1.56781e+16 1.89711e+15 1.86536e+15 
108400 3.379e+20 1.56775e+16 1.89673e+15 1.86577e+15 
108600 3.379e+20 1.56769e+16 1.89597e+15 1.86642e+15 
108800 3.379e+20 1.56761e+16 1.89587e+15 1.86739e+15 
109000 3.379e+20 1.56757e+16 1.89501e+15 1.86797e+15 
109200 3.379e+20 1.56747e+16 1.8944e+15 1.86868e+15 
109400 3.379e+20 1.56741e+16 1.89445e+15 1.86939e+15 
109600 3.379e+20 1.56737e+16 1.89384e+15 1.87056e+15 
109800 3.379e+20 1.56736e+16 1.89397e+15 1.87167e+15 
110000 3.379e+20 1.56738e+16 1.89422e+15 1.87268e+15 
110200 3.379e+20 1.56739e+16 1.8941e+15 1.87266e+15 
110400 3.379e+20 1.56746e+16 1.89509e+15 1.87154e+15 
110600 3.379e+20 1.56752e+16 1.89607e+15 1.87078e+15 
110800 3.379e+20 1.56765e+16 1.89704e+15 1.86985e+15 
111000 3.379e+20 1.5677e+16 1.89777e+15 1.86888e+15 
111200 3.379e+20 1.56774e+16 1.89874e+15 1.86843e+15 
111400 3.379e+20 1.56776e+16 1.89879e+15 1.86716e+15 
111600 3.379e+20 1.5678e+16 1.89904e+15 1.86622e+15 
111800 3.379e+20 1.56785e+16 1.89934e+15 1.86544e+15 
112000 3.379e+20 1.56788e+16 1.89967e+15 1.86422e+15 
112200 3.379e+20 1.56795e+16 1.8998e+15 1.86318e+15 
112400 3.379e+20 1.56796e+16 1.89983e+15 1.86191e+15 
112600 3.379e+20 1.568e+16 1.89932e+15 1.86057e+15 
112800 3.379e+20 1.56802e+16 1.89927e+15 1.85973e+15 
113000 3.379e+20 1.56797e+16 1.89881e+15 1.85864e+15 
113200 3.379e+20 1.56798e+16 1.89846e+15 1.85707e+15 
113400 3.379e+20 1.56797e+16 1.8978e+15 1.85586e+15 
113600 3.379e+20 1.56797e+16 1.89716e+15 1.85429e+15 
113800 3.37899e+20 1.56791e+16 1.89673e+15 1.85358e+15 
114000 3.37899e+20 1.56786e+16 1.89595e+15 1.85236e+15 
114200 3.37899e+20 1.5678e+16 1.89526e+15 1.85147e+15 
114400 3.37899e+20 1.56781e+16 1.89443e+15 1.85036e+15 
114600 3.37899e+20 1.56778e+16 1.89334e+15 1.84942e+15 
114800 3.37899e+20 1.56774e+16 1.89235e+15 1.8483e+15 
115000 3.37899e+20 1.56767e+16 1.89118e+15 1.84754e+15 
115200 3.37899e+20 1.56768e+16 1.89055e+15 1.84694e+15 
115400 3.37899e+20 1.56768e+16 1.88931e+15 1.84595e+15 
115600 3.37899e+20 1.56767e+16 1.88819e+15 1.84529e+15 
115800 3.37899e+20 1.56759e+16 1.88728e+15 1.84458e+15 
116000 3.37899e+20 1.56752e+16 1.88662e+15 1.8442e+15 
116200 3.37899e+20 1.56749e+16 1.88515e+15 1.84372e+15 
116400 3.37899e+20 1.56744e+16 1.88399e+15 1.84349e+15 
116600 3.37899e+20 1.56738e+16 1.8829e+15 1.84336e+15 
116800 3.37899e+20 1.56731e+16 1.88186e+15 1.84303e+15 
117000 3.37899e+20 1.56727e+16 1.88089e+15 1.84291e+15 
117200 3.37899e+20 1.56725e+16 1.88016e+15 1.84291e+15 
117400 3.37899e+20 1.56718e+16 1.8793e+15 1.84306e+15 
117600 3.37899e+20 1.56708e+16 1.87889e+15 1.84329e+15 
117800 3.37899e+20 1.56699e+16 1.87851e+15 1.84357e+15 
118000 3.37899e+20 1.56693e+16 1.87775e+15 1.84392e+15 
118200 3.37899e+20 1.56686e+16 1.87704e+15 1.84435e+15 
118400 3.37899e+20 1.56682e+16 1.87631e+15 1.84493e+15 
118600 3.37899e+20 1.56679e+16 1.87605e+15 1.84564e+15 
118800 3.37899e+20 1.56673e+16 1.87504e+15 1.84635e+15 
119000 3.37899e+20 1.56669e+16 1.87456e+15 1.84686e+15 
119200 3.37899e+20 1.56663e+16 1.87415e+15 1.848e+15 
119400 3.37899e+20 1.56664e+16 1.87385e+15 1.84914e+15 
119600 3.37899e+20 1.5666e+16 1.87423e+15 1.85069e+15 
119800 3.37899e+20 1.56662e+16 1.87428e+15 1.85203e+15 
120000 3.37899e+20 1.56665e+16 1.87428e+15 1.8533e+15 
120200 3.37899e+20 1.56665e+16 1.87428e+15 1.85426e+15 
120400 3.37899e+20 1.56671e+16 1.87519e+15 1.85383e+15 
120600 3.37899e+20 1.56679e+16 1.8759e+15 1.85282e+15 
120800 3.37899e+20 1.56687e+16 1.87643e+15 1.8515e+15 
121000 3.37899e+20 1.56698e+16 1.87717e+15 1.85018e+15 
121200 3.37899e+20 1.56706e+16 1.8773e+15 1.84886e+15 
121400 3.37899e+20 1.56715e+16 1.87801e+15 1.8481e+15 
121600 3.37899e+20 1.56718e+16 1.87831e+15 1.84686e+15 
121800 3.37899e+20 1.56719e+16 1.87872e+15 1.84597e+15 
122000 3.37899e+20 1.56722e+16 1.87854e+15 1.84481e+15 
122200 3.37899e+20 1.56723e+16 1.87826e+15 1.84349e+15 
122400 3.37899e+20 1.56721e+16 1.87828e+15 1.8425e+15 
122600 3.37899e+20 1.56726e+16 1.87811e+15 1.84085e+15 
122800 3.37899e+20 1.5673e+16 1.87808e+15 1.84032e+15 
123000 3.37899e+20 1.56728e+16 1.87828e+15 1.83938e+15 
123200 3.37899e+20 1.56724e+16 1.87796e+15 1.83829e+15 
123400 3.37899e+20 1.56723e+16 1.8773e+15 1.8369e+15 
123600 3.37899e+20 1.56723e+16 1.87681e+15 1.83614e+15 
123800 3.37899e+20 1.56718e+16 1.876e+15 1.83459e+15 
124000 3.37899e+20 1.56713e+16 1.87545e+15 1.83368e+15 
124200 3.37899e+20 1.56712e+16 1.87461e+15 1.83247e+15 
124400 3.37899e+20 1.56708e+16 1.87342e+15 1.8315e+15 
124600 3.37899e+20 1.56705e+16 1.87322e+15 1.83087e+15 
124800 3.37899e+20 1.56703e+16 1.87213e+15 1.82983e+15 
125000 3.37899e+20 1.567e+16 1.87139e+15 1.82894e+15 
125200 3.37899e+20 1.56693e+16 1.87043e+15 1.82788e+15 
125400 3.37899e+20 1.56687e+16 1.86906e+15 1.82646e+15 
125600 3.37899e+20 1.56682e+16 1.86767e+15 1.826e+15 
125800 3.37899e+20 1.56675e+16 1.86647e+15 1.82527e+15 
126000 3.37899e+20 1.56668e+16 1.86584e+15 1.82476e+15 
126200 3.37899e+20 1.56664e+16 1.86435e+15 1.82433e+15 
126400 3.37899e+20 1.56657e+16 1.86346e+15 1.82329e+15 
126600 3.37899e+20 1.5665e+16 1.86217e+15 1.82327e+15 
126800 3.37899e+20 1.5664e+16 1.86141e+15 1.82306e+15 
127000 3.37899e+20 1.56631e+16 1.86057e+15 1.82268e+15 
127200 3.37899e+20 1.56623e+16 1.85958e+15 1.82278e+15 
127400 3.37899e+20 1.56619e+16 1.85902e+15 1.82309e+15 
127600 3.37899e+20 1.56614e+16 1.85804e+15 1.82334e+15 
127800 3.37899e+20 1.56607e+16 1.85733e+15 1.82365e+15 
128000 3.37899e+20 1.56604e+16 1.85659e+15 1.82392e+15 
128200 3.37899e+20 1.56598e+16 1.85591e+15 1.82448e+15 
128400 3.37899e+20 1.56591e+16 1.85548e+15 1.82491e+15 
128600 3.37899e+20 1.56588e+16 1.85482e+15 1.82545e+15 
128800 3.37899e+20 1.56585e+16 1.85423e+15 1.82608e+15 
129000 3.37899e+20 1.56584e+16 1.85383e+15 1.82661e+15 
129200 3.37899e+20 1.56579e+16 1.85375e+15 1.82765e+15 
129400 3.37899e+20 1.56575e+16 1.8532e+15 1.82823e+15 
129600 3.37899e+20 1.56572e+16 1.85276e+15 1.82915e+15 
129800 3.37899e+20 1.56571e+16 1.85244e+15 1.83024e+15 
130000 3.37899e+20 1.56571e+16 1.85274e+15 1.83148e+15 
130200 3.37899e+20 1.56574e+16 1.8534e+15 1.83178e+15 
130400 3.37899e+20 1.56584e+16 1.85345e+15 1.83036e+15 
130600 3.37899e+20 1.56592e+16 1.85449e+15 1.82932e+15 
130800 3.37899e+20 1.56602e+16 1.85461e+15 1.82778e+15 
131000 3.37899e+20 1.5661e+16 1.85502e+15 1.82643e+15 
131200 3.37899e+20 1.56617e+16 1.85543e+15 1.82532e+15 
131400 3.37899e+20 1.56623e+16 1.85578e+15 1.82463e+15 
131600 3.37899e+20 1.56625e+16 1.85606e+15 1.82352e+15 
131800 3.37899e+20 1.56634e+16 1.85619e+15 1.82248e+15 
132000 3.37899e+20 1.56637e+16 1.85667e+15 1.82147e+15 
132200 3.37899e+20 1.56643e+16 1.85674e+15 1.82007e+15 
132400 3.37899e+20 1.56646e+16 1.85684e+15 1.81934e+15 
132600 3.37899e+20 1.56647e+16 1.85674e+15 1.81812e+15 
132800 3.37899e+20 1.56646e+16 1.85687e+15 1.81739e+15 
133000 3.37899e+20 1.56647e+16 1.85659e+15 1.8162e+15 
133200 3.37899e+20 1.56647e+16 1.85581e+15 1.81465e+15 
133400 3.37899e+20 1.56653e+16 1.85502e+15 1.81364e+15 
133600 3.37899e+20 1.5665e+16 1.85431e+15 1.81194e+15 
133800 3.37899e+20 1.56646e+16 1.85368e+15 1.8113e+15 
134000 3.37899e+20 1.56641e+16 1.85312e+15 1.81001e+15 
134200 3.37899e+20 1.56633e+16 1.85223e+15 1.80918e+15 
134400 3.37899e+20 1.56628e+16 1.85107e+15 1.80809e+15 
134600 3.37899e+20 1.56625e+16 1.85074e+15 1.80697e+15 
134800 3.37899e+20 1.56622e+16 1.84993e+15 1.80639e+15 
135000 3.37899e+20 1.56617e+16 1.84972e+15 1.80608e+15 
135200 3.37899e+20 1.56618e+16 1.84917e+15 1.80563e+15 
135400 3.37899e+20 1.56614e+16 1.84841e+15 1.80464e+15 
135600 3.37899e+20 1.56614e+16 1.8477e+15 1.80416e+15 
135800 3.37899e+20 1.5661e+16 1.84661e+15 1.80357e+15 
136000 3.37899e+20 1.56606e+16 1.84476e+15 1.80279e+15 
136200 3.37899e+20 1.566e+16 1.84344e+15 1.80205e+15 
136400 3.37899e+20 1.56597e+16 1.84242e+15 1.80152e+15 
136600 3.37899e+20 1.56592e+16 1.84128e+15 1.80119e+15 
136800 3.37899e+20 1.56591e+16 1.8404e+15 1.80127e+15 
137000 3.37899e+20 1.5659e+16 1.83966e+15 1.80129e+15 
137200 3.37899e+20 1.56585e+16 1.83862e+15 1.80145e+15 
137400 3.37899e+20 1.56577e+16 1.83786e+15 1.80172e+15 
137600 3.37899e+20 1.56572e+16 1.83723e+15 1.8021e+15 
137800 3.37899e+20 1.56568e+16 1.83652e+15 1.80218e+15 
138000 3.37899e+20 1.56561e+16 1.83591e+15 1.80264e+15 
138200 3.37899e+20 1.56554e+16 1.83515e+15 1.80299e+15 
138400 3.37899e+20 1.56546e+16 1.83449e+15 1.80352e+15 
138600 3.37899e+20 1.56543e+16 1.83391e+15 1.80385e+15 
138800 3.37899e+20 1.56541e+16 1.83317e+15 1.80439e+15 
139000 3.37899e+20 1.56538e+16 1.83282e+15 1.8052e+15 
139200 3.37899e+20 1.56537e+16 1.83214e+15 1.80568e+15 
139400 3.37899e+20 1.56536e+16 1.83181e+15 1.80657e+15 
139600 3.37899e+20 1.56534e+16 1.83153e+15 1.80758e+15 
139800 3.37899e+20 1.56531e+16 1.8314e+15 1.80877e+15 
140000 3.37899e+20 1.56534e+16 1.83138e+15 1.81001e+15 
140200 3.37899e+20 1.56538e+16 1.83211e+15 1.81133e+15 
140400 3.37899e+20 1.56546e+16 1.83247e+15 1.81067e+15 
140600 3.37899e+20 1.56559e+16 1.8331e+15 1.80933e+15 
140800 3.37899e+20 1.56578e+16 1.83378e+15 1.80849e+15 
141000 3.37899e+20 1.56589e+16 1.83449e+15 1.80768e+15 
141200 3.37899e+20 1.56596e+16 1.83584e+15 1.80715e+15 
141400 3.37899e+20 1.56605e+16 1.83619e+15 1.80616e+15 
141600 3.37899e+20 1.56611e+16 1.83657e+15 1.80548e+15 
141800 3.37899e+20 1.5662e+16 1.83665e+15 1.80401e+15 
142000 3.37899e+20 1.56627e+16 1.8369e+15 1.80276e+15 
142200 3.37899e+20 1.5663e+16 1.83718e+15 1.80193e+15 
142400 3.37899e+20 1.56632e+16 1.837e+15 1.80061e+15 
142600 3.37899e+20 1.56632e+16 1.83672e+15 1.79977e+15 
142800 3.37899e+20 1.56637e+16 1.8366e+15 1.79775e+15 
143000 3.37899e+20 1.56641e+16 1.83644e+15 1.79747e+15 
143200 3.37899e+20 1.56646e+16 1.83642e+15 1.79607e+15 
143400 3.37899e+20 1.56646e+16 1.83571e+15 1.79481e+15 
143600 3.37899e+20 1.56648e+16 1.83487e+15 1.79351e+15 
143800 3.37899e+20 1.56645e+16 1.83381e+15 1.79232e+15 
144000 3.37899e+20 1.56644e+16 1.8329e+15 1.79095e+15 
144200 3.37899e+20 1.56643e+16 1.8317e+15 1.78964e+15 
144400 3.37899e+20 1.56639e+16 1.83082e+15 1.78855e+15 
144600 3.37899e+20 1.56639e+16 1.8298e+15 1.78715e+15 
144800 3.37899e+20 1.56634e+16 1.82866e+15 1.78632e+15 
145000 3.37899e+20 1.5663e+16 1.82765e+15 1.785e+15 
145200 3.37899e+20 1.5663e+16 1.82656e+15 1.78437e+15 
145400 3.37899e+20 1.56629e+16 1.82524e+15 1.7835e+15 
145600 3.37899e+20 1.56624e+16 1.82453e+15 1.7829e+15 
145800 3.37899e+20 1.56619e+16 1.82347e+15 1.78257e+15 
146000 3.37899e+20 1.56611e+16 1.82253e+15 1.78198e+15 
146200 3.37899e+20 1.56606e+16 1.82149e+15 1.7812e+15 
146400 3.37899e+20 1.56597e+16 1.82058e+15 1.78056e+15 
146600 3.37899e+20 1.5659e+16 1.81949e+15 1.78036e+15 
146800 3.37899e+20 1.56588e+16 1.81868e+15 1.78011e+15 
147000 3.37899e+20 1.56582e+16 1.81789e+15 1.77988e+15 
147200 3.37899e+20 1.56574e+16 1.81678e+15 1.77973e+15 
147400 3.37899e+20 1.56571e+16 1.81554e+15 1.77968e+15 
147600 3.37899e+20 1.56566e+16 1.81437e+15 1.7793e+15 
147800 3.37899e+20 1.56561e+16 1.81366e+15 1.77958e+15 
148000 3.37899e+20 1.56556e+16 1.81305e+15 1.77963e+15 
148200 3.37899e+20 1.56551e+16 1.81234e+15 1.78013e+15 
148400 3.37899e+20 1.5655e+16 1.81143e+15 1.78054e+15 
148600 3.37899e+20 1.56545e+16 1.81067e+15 1.78074e+15 
148800 3.37899e+20 1.5654e+16 1.80999e+15 1.7813e+15 
149000 3.37899e+20 1.56541e+16 1.80925e+15 1.78211e+15 
149200 3.37899e+20 1.56537e+16 1.80902e+15 1.78325e+15 
149400 3.37899e+20 1.56536e+16 1.80869e+15 1.78411e+15 
149600 3.37899e+20 1.56536e+16 1.80872e+15 1.7849e+15 
149800 3.37899e+20 1.5654e+16 1.80872e+15 1.78576e+15 
150000 3.37899e+20 1.56542e+16 1.80852e+15 1.78687e+15 
150200 3.37899e+20 1.56548e+16 1.80849e+15 1.7866e+15 
150400 3.37899e+20 1.56559e+16 1.80918e+15 1.78578e+15 
150600 3.37899e+20 1.56569e+16 1.81009e+15 1.7848e+15 
150800 3.37899e+20 1.56576e+16 1.81067e+15 1.78368e+15 
151000 3.37899e+20 1.56585e+16 1.81123e+15 1.78246e+15 
151200 3.37899e+20 1.56595e+16 1.81179e+15 1.78143e+15 
151400 3.37899e+20 1.56605e+16 1.81224e+15 1.78039e+15 
151600 3.37899e+20 1.56618e+16 1.81262e+15 1.77947e+15 
151800 3.37899e+20 1.56628e+16 1.81285e+15 1.77844e+15 
152000 3.37899e+20 1.56631e+16 1.81303e+15 1.77727e+15 
152200 3.37899e+20 1.5664e+16 1.81262e+15 1.77615e+15 
152400 3.37899e+20 1.56648e+16 1.8127e+15 1.77484e+15 
152600 3.37899e+20 1.56656e+16 1.81239e+15 1.77352e+15 
152800 3.37899e+20 1.56664e+16 1.81201e+15 1.77205e+15 
153000 3.37899e+20 1.5667e+16 1.81219e+15 1.77104e+15 
153200 3.37899e+20 1.56676e+16 1.8113e+15 1.76987e+15 
153400 3.37899e+20 1.56676e+16 1.81105e+15 1.76878e+15 
153600 3.37899e+20 1.56681e+16 1.81019e+15 1.76756e+15 
153800 3.37899e+20 1.56676e+16 1.80907e+15 1.76602e+15 
154000 3.37899e+20 1.56679e+16 1.80852e+15 1.76493e+15 
154200 3.37899e+20 1.56677e+16 1.80763e+15 1.76384e+15 
154400 3.37899e+20 1.56675e+16 1.80674e+15 1.7631e+15 
154600 3.37899e+20 1.56674e+16 1.80563e+15 1.76176e+15 
154800 3.37899e+20 1.56672e+16 1.80522e+15 1.76143e+15 
155000 3.37899e+20 1.56669e+16 1.80431e+15 1.76037e+15 
155200 3.37899e+20 1.56665e+16 1.8034e+15 1.75981e+15 
155400 3.37899e+20 1.56662e+16 1.80264e+15 1.75925e+15 
155600 3.37899e+20 1.56658e+16 1.80107e+15 1.75809e+15 
155800 3.37899e+20 1.56657e+16 1.79987e+15 1.75758e+15 
156000 3.37899e+20 1.56653e+16 1.79876e+15 1.75707e+15 
156200 3.37899e+20 1.5665e+16 1.79785e+15 1.75641e+15 
156400 3.37899e+20 1.56644e+16 1.79663e+15 1.75621e+15 
156600 3.37899e+20 1.5664e+16 1.79572e+15 1.75591e+15 
156800 3.37899e+20 1.56635e+16 1.79473e+15 1.75611e+15 
157000 3.37899e+20 1.56632e+16 1.79359e+15 1.75563e+15 
157200 3.37899e+20 1.56627e+16 1.79278e+15 1.75578e+15 
157400 3.37899e+20 1.56623e+16 1.79197e+15 1.75553e+15 
157600 3.37899e+20 1.56619e+16 1.7908e+15 1.75555e+15 
157800 3.37899e+20 1.56617e+16 1.7903e+15 1.75629e+15 
158000 3.37899e+20 1.56617e+16 1.78948e+15 1.75618e+15 
158200 3.37899e+20 1.56611e+16 1.78872e+15 1.75667e+15 
158400 3.37899e+20 1.56609e+16 1.78781e+15 1.75735e+15 
158600 3.37899e+20 1.56609e+16 1.78746e+15 1.75801e+15 
158800 3.37899e+20 1.56603e+16 1.787e+15 1.75872e+15 
159000 3.37899e+20 1.56595e+16 1.78637e+15 1.75902e+15 
159200 3.37899e+20 1.56592e+16 1.78584e+15 1.75958e+15 
159400 3.37899e+20 1.5659e+16 1.78535e+15 1.76054e+15 
159600 3.37899e+20 1.56597e+16 1.7851e+15 1.76146e+15 
159800 3.37899e+20 1.566e+16 1.78543e+15 1.76308e+15 
160000 3.37899e+20 1.56602e+16 1.78619e+15 1.7648e+15 
160200 3.37899e+20 1.56608e+16 1.78685e+15 1.76614e+15 
160400 3.37899e+20 1.56614e+16 1.78763e+15 1.76543e+15 
160600 3.37899e+20 1.56627e+16 1.78796e+15 1.76419e+15 
160800 3.37899e+20 1.5664e+16 1.78837e+15 1.7627e+15 
161000 3.37899e+20 1.56652e+16 1.78857e+15 1.76115e+15 
161200 3.37899e+20 1.56659e+16 1.78898e+15 1.76004e+15 
161400 3.37899e+20 1.56672e+16 1.78948e+15 1.75872e+15 
161600 3.37899e+20 1.56685e+16 1.78969e+15 1.75806e+15 
161800 3.37899e+20 1.56692e+16 1.79014e+15 1.75717e+15 
162000 3.37899e+20 1.56701e+16 1.79017e+15 1.75611e+15 
162200 3.37899e+20 1.5671e+16 1.79057e+15 1.75545e+15 
162400 3.37899e+20 1.56719e+16 1.7909e+15 1.75431e+15 
162600 3.37899e+20 1.56726e+16 1.79085e+15 1.75355e+15 
162800 3.37899e+20 1.56729e+16 1.79037e+15 1.75228e+15 
163000 3.37899e+20 1.56738e+16 1.78992e+15 1.75089e+15 
163200 3.37899e+20 1.5674e+16 1.78931e+15 1.74977e+15 
163400 3.37899e+20 1.5674e+16 1.78898e+15 1.74843e+15 
163600 3.37899e+20 1.5674e+16 1.7885e+15 1.74696e+15 
163800 3.37899e+20 1.56739e+16 1.78751e+15 1.74529e+15 
164000 3.37899e+20 1.56739e+16 1.78677e+15 1.7445e+15 
164200 3.37899e+20 1.56743e+16 1.78548e+15 1.74354e+15 
164400 3.37899e+20 1.56741e+16 1.78492e+15 1.74204e+15 
164600 3.37899e+20 1.56741e+16 1.78383e+15 1.74123e+15 
164800 3.37899e+20 1.56744e+16 1.7829e+15 1.7405e+15 
165000 3.37899e+20 1.56743e+16 1.78216e+15 1.73951e+15 
165200 3.37899e+20 1.56743e+16 1.78102e+15 1.7387e+15 
165400 3.37899e+20 1.56741e+16 1.7796e+15 1.73794e+15 
165600 3.37899e+20 1.56742e+16 1.77887e+15 1.73728e+15 
165800 3.37899e+20 1.56741e+16 1.77788e+15 1.73675e+15 
166000 3.37899e+20 1.56743e+16 1.77694e+15 1.73596e+15 
166200 3.37899e+20 1.56742e+16 1.77539e+15 1.7354e+15 
166400 3.37899e+20 1.56742e+16 1.77451e+15 1.73477e+15 
166600 3.37899e+20 1.56741e+16 1.77354e+15 1.73429e+15 
166800 3.37899e+20 1.56737e+16 1.77233e+15 1.73386e+15 
167000 3.37899e+20 1.56734e+16 1.77116e+15 1.73393e+15 
167200 3.37899e+20 1.56727e+16 1.7701e+15 1.73355e+15 
167400 3.37899e+20 1.56723e+16 1.76916e+15 1.73378e+15 
167600 3.37899e+20 1.5672e+16 1.76853e+15 1.73393e+15 
167800 3.37899e+20 1.56712e+16 1.76766e+15 1.73393e+15 
168000 3.37899e+20 1.56712e+16 1.76663e+15 1.73391e+15 
168200 3.37899e+20 1.56711e+16 1.76612e+15 1.73439e+15 
168400 3.37899e+20 1.56706e+16 1.76554e+15 1.73492e+15 
168600 3.37899e+20 1.56705e+16 1.76485e+15 1.73535e+15 
168800 3.37899e+20 1.56704e+16 1.7646e+15 1.73639e+15 
169000 3.37899e+20 1.56699e+16 1.76414e+15 1.7367e+15 
169200 3.37899e+20 1.56698e+16 1.76358e+15 1.73738e+15 
169400 3.37899e+20 1.56696e+16 1.76348e+15 1.73837e+15 
169600 3.37899e+20 1.56701e+16 1.76328e+15 1.73938e+15 
169800 3.37899e+20 1.56699e+16 1.7629e+15 1.74019e+15 
170000 3.37899e+20 1.56701e+16 1.763e+15 1.74151e+15 
170200 3.37899e+20 1.56707e+16 1.76364e+15 1.74214e+15 
170400 3.37899e+20 1.56718e+16 1.76414e+15 1.74111e+15 
170600 3.37899e+20 1.56733e+16 1.76503e+15 1.74014e+15 
170800 3.37899e+20 1.56746e+16 1.76561e+15 1.73903e+15 
171000 3.37899e+20 1.56759e+16 1.76657e+15 1.73776e+15 
171200 3.37899e+20 1.56775e+16 1.76734e+15 1.73675e+15 
171400 3.37899e+20 1.56791e+16 1.76769e+15 1.73543e+15 
171600 3.37899e+20 1.56802e+16 1.76812e+15 1.73459e+15 
171800 3.37899e+20 1.56812e+16 1.7681e+15 1.73338e+15 
172000 3.37899e+20 1.56817e+16 1.76822e+15 1.73234e+15 
172200 3.37899e+20 1.56824e+16 1.76815e+15 1.7311e+15 
172400 3.37899e+20 1.56829e+16 1.76799e+15 1.73026e+15 
172600 3.37899e+20 1.56832e+16 1.76784e+15 1.72897e+15 
172800 3.37899e+20 1.56836e+16 1.76764e+15 1.72772e+15 
173000 3.37899e+20 1.56838e+16 1.76723e+15 1.72717e+15 
173200 3.37899e+20 1.56842e+16 1.76688e+15 1.72608e+15 
173400 3.37899e+20 1.5685e+16 1.7663e+15 1.72484e+15 
173600 3.37899e+20 1.56852e+16 1.76564e+15 1.72344e+15 
173800 3.37899e+20 1.56857e+16 1.76495e+15 1.72215e+15 
174000 3.37899e+20 1.5686e+16 1.76427e+15 1.72103e+15 
174200 3.37899e+20 1.56862e+16 1.76323e+15 1.71934e+15 
174400 3.37899e+20 1.56864e+16 1.76249e+15 1.71906e+15 
174600 3.37899e+20 1.56867e+16 1.76133e+15 1.71794e+15 
174800 3.37899e+20 1.56867e+16 1.76067e+15 1.71718e+15 
175000 3.37899e+20 1.56864e+16 1.75996e+15 1.71652e+15 
175200 3.37899e+20 1.56863e+16 1.75907e+15 1.71559e+15 
175400 3.37899e+20 1.56861e+16 1.75852e+15 1.71548e+15 
175600 3.37899e+20 1.56858e+16 1.75717e+15 1.71465e+15 
175800 3.37899e+20 1.56854e+16 1.75646e+15 1.71409e+15 
176000 3.37899e+20 1.56854e+16 1.75504e+15 1.71343e+15 
176200 3.37899e+20 1.56852e+16 1.75406e+15 1.71303e+15 
176400 3.37899e+20 1.56854e+16 1.75294e+15 1.71272e+15 
176600 3.37899e+20 1.56855e+16 1.75203e+15 1.71227e+15 
176800 3.37899e+20 1.56851e+16 1.75104e+15 1.71211e+15 
177000 3.37899e+20 1.5685e+16 1.75025e+15 1.71173e+15 
177200 3.37899e+20 1.56846e+16 1.74932e+15 1.71191e+15 
177400 3.37899e+20 1.56846e+16 1.7483e+15 1.71189e+15 
177600 3.37899e+20 1.56845e+16 1.74775e+15 1.71239e+15 
177800 3.37899e+20 1.56842e+16 1.74714e+15 1.71275e+15 
178000 3.37899e+20 1.56839e+16 1.74615e+15 1.71323e+15 
178200 3.37899e+20 1.56843e+16 1.74564e+15 1.71376e+15 
178400 3.37899e+20 1.5684e+16 1.74488e+15 1.71404e+15 
178600 3.37899e+20 1.56837e+16 1.74432e+15 1.7147e+15 
178800 3.37899e+20 1.56834e+16 1.74367e+15 1.71513e+15 
179000 3.37899e+20 1.56832e+16 1.74303e+15 1.71599e+15 
179200 3.37899e+20 1.5683e+16 1.74283e+15 1.71685e+15 
179400 3.37899e+20 1.56832e+16 1.74247e+15 1.71754e+15 
179600 3.37899e+20 1.56834e+16 1.74182e+15 1.71832e+15 
179800 3.37899e+20 1.56837e+16 1.7423e+15 1.71951e+15 
180000 3.37899e+20 1.56843e+16 1.74252e+15 1.72076e+15 
180200 3.37899e+20 1.5685e+16 1.74247e+15 1.72172e+15 
180400 3.37899e+20 1.56858e+16 1.74369e+15 1.72149e+15 
180600 3.37899e+20 1.56866e+16 1.74377e+15 1.7205e+15 
180800 3.37899e+20 1.56881e+16 1.74478e+15 1.71979e+15 
181000 3.37899e+20 1.5689e+16 1.74491e+15 1.71804e+15 
181200 3.37899e+20 1.56896e+16 1.74524e+15 1.71688e+15 
181400 3.37899e+20 1.56907e+16 1.74557e+15 1.71584e+15 
181600 3.37899e+20 1.5692e+16 1.74574e+15 1.71432e+15 
181800 3.37899e+20 1.56933e+16 1.74607e+15 1.71361e+15 
182000 3.37899e+20 1.56939e+16 1.74607e+15 1.71196e+15 
182200 3.37899e+20 1.56947e+16 1.746e+15 1.71064e+15 
182400 3.37899e+20 1.56962e+16 1.74595e+15 1.70925e+15 
182600 3.37899e+20 1.5697e+16 1.74541e+15 1.70834e+15 
182800 3.37899e+20 1.56975e+16 1.74488e+15 1.70618e+15 
183000 3.37899e+20 1.56975e+16 1.74453e+15 1.70535e+15 
183200 3.37899e+20 1.56982e+16 1.74417e+15 1.70436e+15 
183400 3.37899e+20 1.56985e+16 1.74331e+15 1.70297e+15 
183600 3.37899e+20 1.56991e+16 1.74298e+15 1.7017e+15 
183800 3.37899e+20 1.56994e+16 1.74237e+15 1.70056e+15 
184000 3.37899e+20 1.56993e+16 1.74136e+15 1.69914e+15 
184200 3.37899e+20 1.56995e+16 1.74103e+15 1.6981e+15 
184400 3.37899e+20 1.56996e+16 1.74007e+15 1.69731e+15 
184600 3.37899e+20 1.57e+16 1.7389e+15 1.69627e+15 
184800 3.37899e+20 1.56999e+16 1.73786e+15 1.69518e+15 
185000 3.37899e+20 1.56998e+16 1.73642e+15 1.69399e+15 
185200 3.37899e+20 1.57e+16 1.73566e+15 1.69344e+15 
185400 3.37899e+20 1.56996e+16 1.73467e+15 1.69222e+15 
185600 3.37899e+20 1.56993e+16 1.73348e+15 1.69148e+15 
185800 3.37899e+20 1.56989e+16 1.73234e+15 1.69065e+15 
186000 3.37899e+20 1.56989e+16 1.73132e+15 1.69019e+15 
186200 3.37899e+20 1.56988e+16 1.73011e+15 1.68948e+15 
186400 3.37899e+20 1.5699e+16 1.72907e+15 1.68931e+15 
186600 3.37899e+20 1.5699e+16 1.72818e+15 1.68925e+15 
186800 3.37899e+20 1.56988e+16 1.72684e+15 1.68867e+15 
187000 3.37899e+20 1.56989e+16 1.72636e+15 1.68905e+15 
187200 3.37899e+20 1.56988e+16 1.72585e+15 1.6891e+15 
187400 3.37899e+20 1.56986e+16 1.72489e+15 1.68938e+15 
187600 3.37899e+20 1.56985e+16 1.72395e+15 1.68933e+15 
187800 3.37899e+20 1.5698e+16 1.72324e+15 1.68961e+15 
188000 3.37899e+20 1.56979e+16 1.72261e+15 1.68971e+15 
188200 3.37899e+20 1.5698e+16 1.72192e+15 1.68989e+15 
188400 3.37899e+20 1.56978e+16 1.72159e+15 1.69057e+15 
188600 3.37899e+20 1.56976e+16 1.72098e+15 1.69118e+15 
188800 3.37899e+20 1.56976e+16 1.72027e+15 1.69237e+15 
189000 3.37899e+20 1.56976e+16 1.71923e+15 1.6925e+15 
189200 3.37899e+20 1.56973e+16 1.71888e+15 1.69351e+15 
189400 3.37899e+20 1.56972e+16 1.71873e+15 1.6943e+15 
189600 3.37899e+20 1.56972e+16 1.7185e+15 1.69534e+15 
189800 3.37899e+20 1.56982e+16 1.7184e+15 1.69607e+15 
190000 3.37899e+20 1.56982e+16 1.71784e+15 1.69701e+15 
190200 3.37899e+20 1.56989e+16 1.71807e+15 1.69688e+15 
190400 3.37899e+20 1.56998e+16 1.71865e+15 1.69582e+15 
190600 3.37899e+20 1.57011e+16 1.71936e+15 1.6945e+15 
190800 3.37899e+20 1.57021e+16 1.71982e+15 1.69283e+15 
191000 3.37899e+20 1.57033e+16 1.71997e+15 1.69161e+15 
191200 3.37899e+20 1.57048e+16 1.72073e+15 1.6908e+15 
191400 3.37899e+20 1.57058e+16 1.72136e+15 1.68966e+15 
191600 3.37899e+20 1.57072e+16 1.72192e+15 1.68862e+15 
191800 3.37899e+20 1.57085e+16 1.72238e+15 1.68817e+15 
192000 3.37899e+20 1.57098e+16 1.72309e+15 1.68708e+15 
192200 3.37899e+20 1.57109e+16 1.72299e+15 1.68626e+15 
192400 3.37899e+20 1.57121e+16 1.72301e+15 1.68502e+15 
192600 3.37899e+20 1.57122e+16 1.72301e+15 1.68416e+15 
192800 3.37899e+20 1.57126e+16 1.72293e+15 1.68317e+15 
193000 3.37899e+20 1.57128e+16 1.7225e+15 1.68185e+15 
193200 3.37899e+20 1.57133e+16 1.72174e+15 1.68069e+15 
193400 3.37899e+20 1.57136e+16 1.72093e+15 1.67945e+15 
193600 3.37899e+20 1.57138e+16 1.72083e+15 1.67859e+15 
193800 3.37899e+20 1.5714e+16 1.72045e+15 1.67734e+15 
194000 3.37899e+20 1.57142e+16 1.72012e+15 1.67686e+15 
194200 3.37899e+20 1.57141e+16 1.71903e+15 1.67527e+15 
194400 3.37899e+20 1.57139e+16 1.71802e+15 1.67453e+15 
194600 3.37899e+20 1.57142e+16 1.71761e+15 1.67418e+15 
194800 3.37899e+20 1.57143e+16 1.7169e+15 1.67339e+15 
195000 3.37899e+20 1.57147e+16 1.71612e+15 1.67283e+15 
195200 3.37899e+20 1.57146e+16 1.71566e+15 1.67207e+15 
195400 3.37899e+20 1.57146e+16 1.7149e+15 1.6719e+15 
195600 3.37899e+20 1.5715e+16 1.71465e+15 1.67207e+15 
195800 3.37899e+20 1.57156e+16 1.71439e+15 1.6721e+15 
196000 3.37899e+20 1.57156e+16 1.71417e+15 1.67243e+15 
196200 3.37899e+20 1.57158e+16 1.71368e+15 1.6724e+15 
196400 3.37899e+20 1.57157e+16 1.71242e+15 1.67202e+15 
196600 3.37899e+20 1.57151e+16 1.71148e+15 1.67146e+15 
196800 3.37899e+20 1.57151e+16 1.71085e+15 1.67152e+15 
197000 3.37899e+20 1.57147e+16 1.70996e+15 1.67174e+15 
197200 3.37899e+20 1.5715e+16 1.70922e+15 1.67187e+15 
197400 3.37899e+20 1.57146e+16 1.70819e+15 1.67207e+15 
197600 3.37899e+20 1.57145e+16 1.70722e+15 1.67184e+15 
197800 3.37899e+20 1.57145e+16 1.70618e+15 1.67182e+15 
198000 3.37899e+20 1.57141e+16 1.70542e+15 1.67217e+15 
198200 3.37899e+20 1.5714e+16 1.70466e+15 1.67258e+15 
198400 3.37899e+20 1.57144e+16 1.70393e+15 1.67286e+15 
198600 3.37899e+20 1.57144e+16 1.70342e+15 1.67362e+15 
198800 3.37899e+20 1.57145e+16 1.70291e+15 1.67483e+15 
199000 3.37899e+20 1.57147e+16 1.70266e+15 1.67557e+15 
199200 3.37899e+20 1.57147e+16 1.70213e+15 1.67643e+15 
199400 3.37899e+20 1.57149e+16 1.7022e+15 1.67724e+15 
199600 3.37899e+20 1.57149e+16 1.7021e+15 1.67821e+15 
199800 3.37899e+20 1.57151e+16 1.70208e+15 1.6795e+15 
200000 3.37899e+20 1.5716e+16 1.70215e+15 1.68061e+15 
