Iteration / Neutral Density / Excited Density / Ion Density / Electron Density
199 7.24113e+19 3.62056e+15 5.42379e+14 4.91329e+14
399 7.24113e+19 3.62056e+15 5.40587e+14 4.89211e+14
599 7.24113e+19 3.62056e+15 5.36785e+14 4.89374e+14
799 7.24113e+19 3.62056e+15 5.33418e+14 4.87147e+14
999 7.24113e+19 3.62056e+15 5.28639e+14 4.86278e+14
1199 7.24113e+19 3.62056e+15 5.24348e+14 4.81553e+14
1399 7.24113e+19 3.62056e+15 5.19243e+14 4.79164e+14
1599 7.24113e+19 3.62056e+15 5.14627e+14 4.74602e+14
1799 7.24113e+19 3.62056e+15 5.11369e+14 4.70474e+14
1999 7.24113e+19 3.62056e+15 5.06589e+14 4.68139e+14
2199 7.24113e+19 3.62056e+15 5.03222e+14 4.64066e+14
2399 7.24113e+19 3.62056e+15 4.99312e+14 4.60319e+14
2599 7.24113e+19 3.62056e+15 4.96217e+14 4.56408e+14
2799 7.24113e+19 3.62056e+15 4.92741e+14 4.5353e+14
2999 7.24113e+19 3.62056e+15 4.89754e+14 4.50489e+14
3199 7.24113e+19 3.62056e+15 4.87093e+14 4.47448e+14
3399 7.24113e+19 3.62056e+15 4.84377e+14 4.44135e+14
3599 7.24113e+19 3.62056e+15 4.8139e+14 4.41582e+14
3799 7.24113e+19 3.62056e+15 4.78946e+14 4.38867e+14
3999 7.24113e+19 3.62056e+15 4.75797e+14 4.36803e+14
4199 7.24113e+19 3.62056e+15 4.73461e+14 4.34739e+14
4399 7.24113e+19 3.62056e+15 4.708e+14 4.32947e+14
4599 7.24113e+19 3.62056e+15 4.68139e+14 4.30992e+14
4799 7.24113e+19 3.62056e+15 4.65858e+14 4.28277e+14
4999 7.24113e+19 3.62056e+15 4.63903e+14 4.26919e+14
5199 7.24113e+19 3.62056e+15 4.61568e+14 4.25127e+14
5399 7.24113e+19 3.62056e+15 4.58961e+14 4.23335e+14
5599 7.24113e+19 3.62056e+15 4.5668e+14 4.21923e+14
5799 7.24113e+19 3.62056e+15 4.54833e+14 4.20456e+14
5999 7.24113e+19 3.62056e+15 4.52552e+14 4.19044e+14
6199 7.24113e+19 3.62056e+15 4.50597e+14 4.17958e+14
6399 7.24113e+19 3.62056e+15 4.48534e+14 4.16437e+14
6599 7.24113e+19 3.62056e+15 4.46687e+14 4.15568e+14
6799 7.24113e+19 3.62056e+15 4.44841e+14 4.14808e+14
6999 7.24113e+19 3.62056e+15 4.43429e+14 4.13396e+14
7199 7.24113e+19 3.62056e+15 4.41474e+14 4.12636e+14
7399 7.24113e+19 3.62056e+15 4.39736e+14 4.11767e+14
7599 7.24113e+19 3.62056e+15 4.38378e+14 4.11387e+14
7799 7.24113e+19 3.62056e+15 4.36803e+14 4.10681e+14
7999 7.24113e+19 3.62056e+15 4.35391e+14 4.10192e+14
8199 7.24113e+19 3.62056e+15 4.34251e+14 4.09432e+14
8399 7.24113e+19 3.62056e+15 4.32458e+14 4.0878e+14
8599 7.24113e+19 3.62056e+15 4.30938e+14 4.08563e+14
8799 7.24113e+19 3.62056e+15 4.29363e+14 4.08128e+14
8999 7.24113e+19 3.62056e+15 4.28222e+14 4.08237e+14
9199 7.24113e+19 3.62056e+15 4.2719e+14 4.07748e+14
9399 7.24113e+19 3.62056e+15 4.26159e+14 4.07476e+14
9599 7.24113e+19 3.62056e+15 4.24584e+14 4.06716e+14
9799 7.24113e+19 3.62056e+15 4.23878e+14 4.06173e+14
9999 7.24113e+19 3.62056e+15 4.23063e+14 4.04435e+14
10199 7.24113e+19 3.62056e+15 4.21868e+14 4.01828e+14
10399 7.24113e+19 3.62056e+15 4.20565e+14 3.98841e+14
10599 7.24113e+19 3.62056e+15 4.1975e+14 3.95909e+14
10799 7.24113e+19 3.62056e+15 4.18773e+14 3.93193e+14
10999 7.24113e+19 3.62056e+15 4.17686e+14 3.90912e+14
11199 7.24113e+19 3.62056e+15 4.166e+14 3.88686e+14
11399 7.24113e+19 3.62056e+15 4.15297e+14 3.8635e+14
11599 7.24113e+19 3.62056e+15 4.14537e+14 3.84341e+14
11799 7.24113e+19 3.62056e+15 4.13233e+14 3.82006e+14
11999 7.24113e+19 3.62056e+15 4.11713e+14 3.80051e+14
12199 7.24113e+19 3.62056e+15 4.10246e+14 3.77987e+14
12399 7.24113e+19 3.62056e+15 4.08671e+14 3.75652e+14
12599 7.24113e+19 3.62056e+15 4.07476e+14 3.73154e+14
12799 7.24113e+19 3.62056e+15 4.05847e+14 3.71361e+14
12999 7.24113e+19 3.62056e+15 4.04272e+14 3.69732e+14
13199 7.24113e+19 3.62056e+15 4.0286e+14 3.67614e+14
13399 7.24113e+19 3.62056e+15 4.01014e+14 3.65768e+14
13599 7.24113e+19 3.62056e+15 3.99276e+14 3.63812e+14
13799 7.24113e+19 3.62056e+15 3.97592e+14 3.62292e+14
13999 7.24113e+19 3.62056e+15 3.95854e+14 3.60228e+14
14199 7.24113e+19 3.62056e+15 3.94388e+14 3.58762e+14
14399 7.24113e+19 3.62056e+15 3.92324e+14 3.57295e+14
14599 7.24113e+19 3.62056e+15 3.90641e+14 3.55829e+14
14799 7.24113e+19 3.62056e+15 3.89066e+14 3.54308e+14
14999 7.24113e+19 3.62056e+15 3.87219e+14 3.53277e+14
15199 7.24113e+19 3.62056e+15 3.85536e+14 3.5181e+14
15399 7.24113e+19 3.62056e+15 3.83689e+14 3.50398e+14
15599 7.24113e+19 3.62056e+15 3.8206e+14 3.49366e+14
15799 7.24113e+19 3.62056e+15 3.80377e+14 3.48443e+14
15999 7.24113e+19 3.62056e+15 3.79073e+14 3.4714e+14
16199 7.24113e+19 3.62056e+15 3.77227e+14 3.45891e+14
16399 7.24113e+19 3.62056e+15 3.75597e+14 3.4513e+14
16599 7.24113e+19 3.62056e+15 3.74403e+14 3.44316e+14
16799 7.24113e+19 3.62056e+15 3.72936e+14 3.43718e+14
16999 7.24113e+19 3.62056e+15 3.71144e+14 3.43012e+14
17199 7.24113e+19 3.62056e+15 3.70275e+14 3.41926e+14
17399 7.24113e+19 3.62056e+15 3.68755e+14 3.416e+14
17599 7.24113e+19 3.62056e+15 3.67288e+14 3.41437e+14
17799 7.24113e+19 3.62056e+15 3.66093e+14 3.40623e+14
17999 7.24113e+19 3.62056e+15 3.64736e+14 3.40243e+14
18199 7.24113e+19 3.62056e+15 3.63541e+14 3.40188e+14
18399 7.24113e+19 3.62056e+15 3.62292e+14 3.40025e+14
18599 7.24113e+19 3.62056e+15 3.6126e+14 3.39917e+14
18799 7.24113e+19 3.62056e+15 3.60282e+14 3.39971e+14
18999 7.24113e+19 3.62056e+15 3.59196e+14 3.39917e+14
19199 7.24113e+19 3.62056e+15 3.58001e+14 3.40297e+14
19399 7.24113e+19 3.62056e+15 3.56752e+14 3.40514e+14
19599 7.24113e+19 3.62056e+15 3.56155e+14 3.41057e+14
19799 7.24113e+19 3.62056e+15 3.55286e+14 3.41003e+14
19999 7.24113e+19 3.62056e+15 3.54417e+14 3.42035e+14
20199 7.24113e+19 3.62056e+15 3.53548e+14 3.42252e+14
20399 7.24113e+19 3.62056e+15 3.52896e+14 3.4084e+14
20599 7.24113e+19 3.62056e+15 3.52082e+14 3.39917e+14
20799 7.24113e+19 3.62056e+15 3.51322e+14 3.37419e+14
20999 7.24113e+19 3.62056e+15 3.50778e+14 3.36115e+14
21199 7.24113e+19 3.62056e+15 3.50181e+14 3.34269e+14
21399 7.24113e+19 3.62056e+15 3.49366e+14 3.32639e+14
21599 7.24113e+19 3.62056e+15 3.48823e+14 3.31662e+14
21799 7.24113e+19 3.62056e+15 3.48226e+14 3.28892e+14
21999 7.24113e+19 3.62056e+15 3.47248e+14 3.27589e+14
22199 7.24113e+19 3.62056e+15 3.46597e+14 3.26394e+14
22399 7.24113e+19 3.62056e+15 3.45891e+14 3.24873e+14
22599 7.24113e+19 3.62056e+15 3.45293e+14 3.23678e+14
22799 7.24113e+19 3.62056e+15 3.44479e+14 3.22972e+14
22999 7.24113e+19 3.62056e+15 3.43936e+14 3.20909e+14
23199 7.24113e+19 3.62056e+15 3.43067e+14 3.1966e+14
23399 7.24113e+19 3.62056e+15 3.42252e+14 3.18736e+14
23599 7.24113e+19 3.62056e+15 3.41329e+14 3.17053e+14
23799 7.24113e+19 3.62056e+15 3.40514e+14 3.16673e+14
23999 7.24113e+19 3.62056e+15 3.39591e+14 3.14826e+14
24199 7.24113e+19 3.62056e+15 3.38668e+14 3.13794e+14
24399 7.24113e+19 3.62056e+15 3.37799e+14 3.12817e+14
24599 7.24113e+19 3.62056e+15 3.36984e+14 3.11405e+14
24799 7.24113e+19 3.62056e+15 3.35844e+14 3.09993e+14
24999 7.24113e+19 3.62056e+15 3.3492e+14 3.09504e+14
25199 7.24113e+19 3.62056e+15 3.33617e+14 3.07983e+14
25399 7.24113e+19 3.62056e+15 3.32476e+14 3.07549e+14
25599 7.24113e+19 3.62056e+15 3.31608e+14 3.06354e+14
25799 7.24113e+19 3.62056e+15 3.30576e+14 3.05594e+14
25999 7.24113e+19 3.62056e+15 3.29544e+14 3.05159e+14
26199 7.24113e+19 3.62056e+15 3.28729e+14 3.04236e+14
26399 7.24113e+19 3.62056e+15 3.27643e+14 3.03584e+14
26599 7.24113e+19 3.62056e+15 3.26503e+14 3.02552e+14
26799 7.24113e+19 3.62056e+15 3.25579e+14 3.02281e+14
26999 7.24113e+19 3.62056e+15 3.24439e+14 3.01792e+14
27199 7.24113e+19 3.62056e+15 3.23624e+14 3.01684e+14
27399 7.24113e+19 3.62056e+15 3.22375e+14 3.01629e+14
27599 7.24113e+19 3.62056e+15 3.21506e+14 3.01249e+14
27799 7.24113e+19 3.62056e+15 3.20692e+14 3.01086e+14
27999 7.24113e+19 3.62056e+15 3.19714e+14 3.00597e+14
28199 7.24113e+19 3.62056e+15 3.18791e+14 3.00054e+14
28399 7.24113e+19 3.62056e+15 3.17922e+14 2.99783e+14
28599 7.24113e+19 3.62056e+15 3.17379e+14 2.9962e+14
28799 7.24113e+19 3.62056e+15 3.16075e+14 3.00272e+14
28999 7.24113e+19 3.62056e+15 3.15478e+14 3.00163e+14
29199 7.24113e+19 3.62056e+15 3.14881e+14 3.0038e+14
29399 7.24113e+19 3.62056e+15 3.13957e+14 3.00923e+14
29599 7.24113e+19 3.62056e+15 3.13143e+14 3.00272e+14
29799 7.24113e+19 3.62056e+15 3.126e+14 3.00815e+14
29999 7.24113e+19 3.62056e+15 3.12056e+14 3.0038e+14
30199 7.24113e+19 3.62056e+15 3.11242e+14 2.98642e+14
30399 7.24113e+19 3.62056e+15 3.1059e+14 2.96796e+14
30599 7.24113e+19 3.62056e+15 3.1021e+14 2.95981e+14
30799 7.24113e+19 3.62056e+15 3.09287e+14 2.93266e+14
30999 7.24113e+19 3.62056e+15 3.08744e+14 2.91039e+14
31199 7.24113e+19 3.62056e+15 3.08309e+14 2.90062e+14
31399 7.24113e+19 3.62056e+15 3.07603e+14 2.88324e+14
31599 7.24113e+19 3.62056e+15 3.07114e+14 2.87183e+14
31799 7.24113e+19 3.62056e+15 3.06571e+14 2.86097e+14
31999 7.24113e+19 3.62056e+15 3.05974e+14 2.84631e+14
32199 7.24113e+19 3.62056e+15 3.05159e+14 2.83219e+14
32399 7.24113e+19 3.62056e+15 3.04562e+14 2.82676e+14
32599 7.24113e+19 3.62056e+15 3.03965e+14 2.80286e+14
32799 7.24113e+19 3.62056e+15 3.0315e+14 2.79797e+14
32999 7.24113e+19 3.62056e+15 3.02444e+14 2.78168e+14
33199 7.24113e+19 3.62056e+15 3.01684e+14 2.77571e+14
33399 7.24113e+19 3.62056e+15 3.01032e+14 2.76484e+14
33599 7.24113e+19 3.62056e+15 3.00326e+14 2.75507e+14
33799 7.24113e+19 3.62056e+15 2.99457e+14 2.74258e+14
33999 7.24113e+19 3.62056e+15 2.98642e+14 2.7328e+14
34199 7.24113e+19 3.62056e+15 2.9761e+14 2.71977e+14
34399 7.24113e+19 3.62056e+15 2.9685e+14 2.71217e+14
34599 7.24113e+19 3.62056e+15 2.95873e+14 2.70185e+14
34799 7.24113e+19 3.62056e+15 2.94895e+14 2.69479e+14
34999 7.24113e+19 3.62056e+15 2.937e+14 2.6861e+14
35199 7.24113e+19 3.62056e+15 2.93157e+14 2.67795e+14
35399 7.24113e+19 3.62056e+15 2.92017e+14 2.67306e+14
35599 7.24113e+19 3.62056e+15 2.91093e+14 2.66329e+14
35799 7.24113e+19 3.62056e+15 2.90224e+14 2.65677e+14
35999 7.24113e+19 3.62056e+15 2.89084e+14 2.65134e+14
36199 7.24113e+19 3.62056e+15 2.88161e+14 2.64699e+14
36399 7.24113e+19 3.62056e+15 2.87129e+14 2.63885e+14
36599 7.24113e+19 3.62056e+15 2.86314e+14 2.63776e+14
36799 7.24113e+19 3.62056e+15 2.85337e+14 2.63287e+14
36999 7.24113e+19 3.62056e+15 2.84576e+14 2.63179e+14
37199 7.24113e+19 3.62056e+15 2.83382e+14 2.62473e+14
37399 7.24113e+19 3.62056e+15 2.82621e+14 2.62147e+14
37599 7.24113e+19 3.62056e+15 2.81752e+14 2.62147e+14
37799 7.24113e+19 3.62056e+15 2.8072e+14 2.6193e+14
37999 7.24113e+19 3.62056e+15 2.80014e+14 2.61767e+14
38199 7.24113e+19 3.62056e+15 2.792e+14 2.61387e+14
38399 7.24113e+19 3.62056e+15 2.78385e+14 2.61007e+14
38599 7.24113e+19 3.62056e+15 2.77734e+14 2.60898e+14
38799 7.24113e+19 3.62056e+15 2.76702e+14 2.60463e+14
38999 7.24113e+19 3.62056e+15 2.76267e+14 2.60789e+14
39199 7.24113e+19 3.62056e+15 2.75398e+14 2.60518e+14
39399 7.24113e+19 3.62056e+15 2.74747e+14 2.60844e+14
39599 7.24113e+19 3.62056e+15 2.74095e+14 2.61169e+14
39799 7.24113e+19 3.62056e+15 2.73389e+14 2.61224e+14
39999 7.24113e+19 3.62056e+15 2.72846e+14 2.61767e+14
40199 7.24113e+19 3.62056e+15 2.72194e+14 2.62147e+14
40399 7.24113e+19 3.62056e+15 2.71597e+14 2.61061e+14
40599 7.24113e+19 3.62056e+15 2.70891e+14 2.57965e+14
40799 7.24113e+19 3.62056e+15 2.7051e+14 2.56282e+14
40999 7.24113e+19 3.62056e+15 2.69804e+14 2.55576e+14
41199 7.24113e+19 3.62056e+15 2.69316e+14 2.5525e+14
41399 7.24113e+19 3.62056e+15 2.68664e+14 2.53566e+14
41599 7.24113e+19 3.62056e+15 2.68175e+14 2.52317e+14
41799 7.24113e+19 3.62056e+15 2.67578e+14 2.5172e+14
41999 7.24113e+19 3.62056e+15 2.67089e+14 2.50362e+14
42199 7.24113e+19 3.62056e+15 2.66383e+14 2.48353e+14
42399 7.24113e+19 3.62056e+15 2.65949e+14 2.47755e+14
42599 7.24113e+19 3.62056e+15 2.6546e+14 2.46506e+14
42799 7.24113e+19 3.62056e+15 2.64699e+14 2.45474e+14
42999 7.24113e+19 3.62056e+15 2.63939e+14 2.4466e+14
43199 7.24113e+19 3.62056e+15 2.63559e+14 2.43085e+14
43399 7.24113e+19 3.62056e+15 2.62636e+14 2.40967e+14
43599 7.24113e+19 3.62056e+15 2.62201e+14 2.40641e+14
43799 7.24113e+19 3.62056e+15 2.61495e+14 2.39826e+14
43999 7.24113e+19 3.62056e+15 2.60844e+14 2.39066e+14
44199 7.24113e+19 3.62056e+15 2.59975e+14 2.37817e+14
44399 7.24113e+19 3.62056e+15 2.59051e+14 2.37056e+14
44599 7.24113e+19 3.62056e+15 2.58291e+14 2.3597e+14
44799 7.24113e+19 3.62056e+15 2.57422e+14 2.3559e+14
44999 7.24113e+19 3.62056e+15 2.5677e+14 2.34178e+14
45199 7.24113e+19 3.62056e+15 2.56064e+14 2.33852e+14
45399 7.24113e+19 3.62056e+15 2.55304e+14 2.33472e+14
45599 7.24113e+19 3.62056e+15 2.5449e+14 2.33038e+14
45799 7.24113e+19 3.62056e+15 2.53512e+14 2.3168e+14
45999 7.24113e+19 3.62056e+15 2.52752e+14 2.31083e+14
46199 7.24113e+19 3.62056e+15 2.5172e+14 2.30322e+14
46399 7.24113e+19 3.62056e+15 2.50905e+14 2.29453e+14
46599 7.24113e+19 3.62056e+15 2.50091e+14 2.29508e+14
46799 7.24113e+19 3.62056e+15 2.4933e+14 2.29562e+14
46999 7.24113e+19 3.62056e+15 2.48516e+14 2.29562e+14
47199 7.24113e+19 3.62056e+15 2.47755e+14 2.29073e+14
47399 7.24113e+19 3.62056e+15 2.46995e+14 2.28584e+14
47599 7.24113e+19 3.62056e+15 2.46235e+14 2.2777e+14
47799 7.24113e+19 3.62056e+15 2.45366e+14 2.27498e+14
47999 7.24113e+19 3.62056e+15 2.4466e+14 2.27227e+14
48199 7.24113e+19 3.62056e+15 2.44008e+14 2.27498e+14
48399 7.24113e+19 3.62056e+15 2.43193e+14 2.2739e+14
48599 7.24113e+19 3.62056e+15 2.42216e+14 2.27118e+14
48799 7.24113e+19 3.62056e+15 2.4189e+14 2.26303e+14
48999 7.24113e+19 3.62056e+15 2.41075e+14 2.26575e+14
49199 7.24113e+19 3.62056e+15 2.40261e+14 2.26684e+14
49399 7.24113e+19 3.62056e+15 2.39555e+14 2.26303e+14
49599 7.24113e+19 3.62056e+15 2.39066e+14 2.26792e+14
49799 7.24113e+19 3.62056e+15 2.3836e+14 2.27661e+14
49999 7.24113e+19 3.62056e+15 2.37871e+14 2.27607e+14
50199 7.24113e+19 3.62056e+15 2.37165e+14 2.24511e+14
50399 7.24113e+19 3.62056e+15 2.36731e+14 2.22719e+14
50599 7.24113e+19 3.62056e+15 2.3597e+14 2.21904e+14
50799 7.24113e+19 3.62056e+15 2.35482e+14 2.20384e+14
50999 7.24113e+19 3.62056e+15 2.34993e+14 2.19569e+14
51199 7.24113e+19 3.62056e+15 2.34395e+14 2.17886e+14
51399 7.24113e+19 3.62056e+15 2.33961e+14 2.16854e+14
51599 7.24113e+19 3.62056e+15 2.33418e+14 2.15876e+14
51799 7.24113e+19 3.62056e+15 2.32983e+14 2.1479e+14
51999 7.24113e+19 3.62056e+15 2.32169e+14 2.13541e+14
52199 7.24113e+19 3.62056e+15 2.31789e+14 2.12455e+14
52399 7.24113e+19 3.62056e+15 2.31083e+14 2.1126e+14
52599 7.24113e+19 3.62056e+15 2.30594e+14 2.105e+14
52799 7.24113e+19 3.62056e+15 2.30051e+14 2.09196e+14
52999 7.24113e+19 3.62056e+15 2.29508e+14 2.08164e+14
53199 7.24113e+19 3.62056e+15 2.28856e+14 2.06861e+14
53399 7.24113e+19 3.62056e+15 2.28096e+14 2.05883e+14
53599 7.24113e+19 3.62056e+15 2.27661e+14 2.04634e+14
53799 7.24113e+19 3.62056e+15 2.26901e+14 2.04417e+14
53999 7.24113e+19 3.62056e+15 2.26412e+14 2.03277e+14
54199 7.24113e+19 3.62056e+15 2.25489e+14 2.03005e+14
54399 7.24113e+19 3.62056e+15 2.24891e+14 2.02136e+14
54599 7.24113e+19 3.62056e+15 2.24185e+14 2.0105e+14
54799 7.24113e+19 3.62056e+15 2.23316e+14 1.99855e+14
54999 7.24113e+19 3.62056e+15 2.22556e+14 1.99692e+14
55199 7.24113e+19 3.62056e+15 2.21796e+14 1.98172e+14
55399 7.24113e+19 3.62056e+15 2.20927e+14 1.979e+14
55599 7.24113e+19 3.62056e+15 2.20112e+14 1.97574e+14
55799 7.24113e+19 3.62056e+15 2.19461e+14 1.97085e+14
55999 7.24113e+19 3.62056e+15 2.18592e+14 1.96651e+14
56199 7.24113e+19 3.62056e+15 2.17668e+14 1.95891e+14
56399 7.24113e+19 3.62056e+15 2.16908e+14 1.95456e+14
56599 7.24113e+19 3.62056e+15 2.15985e+14 1.94913e+14
56799 7.24113e+19 3.62056e+15 2.15224e+14 1.94587e+14
56999 7.24113e+19 3.62056e+15 2.1441e+14 1.93555e+14
57199 7.24113e+19 3.62056e+15 2.1365e+14 1.93664e+14
57399 7.24113e+19 3.62056e+15 2.12781e+14 1.93664e+14
57599 7.24113e+19 3.62056e+15 2.11966e+14 1.93392e+14
57799 7.24113e+19 3.62056e+15 2.1126e+14 1.9361e+14
57999 7.24113e+19 3.62056e+15 2.10445e+14 1.9323e+14
58199 7.24113e+19 3.62056e+15 2.09848e+14 1.93447e+14
58399 7.24113e+19 3.62056e+15 2.08979e+14 1.93012e+14
58599 7.24113e+19 3.62056e+15 2.08273e+14 1.92958e+14
58799 7.24113e+19 3.62056e+15 2.07676e+14 1.93067e+14
58999 7.24113e+19 3.62056e+15 2.07024e+14 1.93284e+14
59199 7.24113e+19 3.62056e+15 2.06318e+14 1.93555e+14
59399 7.24113e+19 3.62056e+15 2.05775e+14 1.93718e+14
59599 7.24113e+19 3.62056e+15 2.0534e+14 1.93175e+14
59799 7.24113e+19 3.62056e+15 2.04417e+14 1.93284e+14
59999 7.24113e+19 3.62056e+15 2.03983e+14 1.93067e+14
60199 7.24113e+19 3.62056e+15 2.03331e+14 1.93392e+14
60399 7.24113e+19 3.62056e+15 2.03005e+14 1.92524e+14
60599 7.24113e+19 3.62056e+15 2.02353e+14 1.90786e+14
60799 7.24113e+19 3.62056e+15 2.01756e+14 1.90894e+14
60999 7.24113e+19 3.62056e+15 2.01267e+14 1.89754e+14
61199 7.24113e+19 3.62056e+15 2.00561e+14 1.87907e+14
61399 7.24113e+19 3.62056e+15 2.00072e+14 1.8693e+14
61599 7.24113e+19 3.62056e+15 1.99421e+14 1.86061e+14
61799 7.24113e+19 3.62056e+15 1.99041e+14 1.84649e+14
61999 7.24113e+19 3.62056e+15 1.98552e+14 1.8302e+14
62199 7.24113e+19 3.62056e+15 1.979e+14 1.81608e+14
62399 7.24113e+19 3.62056e+15 1.97574e+14 1.80956e+14
62599 7.24113e+19 3.62056e+15 1.96923e+14 1.7987e+14
62799 7.24113e+19 3.62056e+15 1.96379e+14 1.79001e+14
62999 7.24113e+19 3.62056e+15 1.95891e+14 1.7748e+14
63199 7.24113e+19 3.62056e+15 1.95293e+14 1.76014e+14
63399 7.24113e+19 3.62056e+15 1.94696e+14 1.75199e+14
63599 7.24113e+19 3.62056e+15 1.94207e+14 1.74113e+14
63799 7.24113e+19 3.62056e+15 1.9361e+14 1.73027e+14
63999 7.24113e+19 3.62056e+15 1.92958e+14 1.72212e+14
64199 7.24113e+19 3.62056e+15 1.92306e+14 1.71778e+14
64399 7.24113e+19 3.62056e+15 1.91709e+14 1.70854e+14
64599 7.24113e+19 3.62056e+15 1.91057e+14 1.69986e+14
64799 7.24113e+19 3.62056e+15 1.90188e+14 1.69225e+14
64999 7.24113e+19 3.62056e+15 1.89537e+14 1.68573e+14
65199 7.24113e+19 3.62056e+15 1.88885e+14 1.67867e+14
65399 7.24113e+19 3.62056e+15 1.88125e+14 1.67542e+14
65599 7.24113e+19 3.62056e+15 1.8731e+14 1.66727e+14
65799 7.24113e+19 3.62056e+15 1.86821e+14 1.66293e+14
65999 7.24113e+19 3.62056e+15 1.85898e+14 1.65532e+14
66199 7.24113e+19 3.62056e+15 1.84975e+14 1.64935e+14
66399 7.24113e+19 3.62056e+15 1.84377e+14 1.64283e+14
66599 7.24113e+19 3.62056e+15 1.83454e+14 1.64175e+14
66799 7.24113e+19 3.62056e+15 1.82857e+14 1.63631e+14
66999 7.24113e+19 3.62056e+15 1.81988e+14 1.63034e+14
67199 7.24113e+19 3.62056e+15 1.81173e+14 1.6298e+14
67399 7.24113e+19 3.62056e+15 1.80576e+14 1.62708e+14
67599 7.24113e+19 3.62056e+15 1.79815e+14 1.62491e+14
67799 7.24113e+19 3.62056e+15 1.79109e+14 1.61459e+14
67999 7.24113e+19 3.62056e+15 1.7824e+14 1.61839e+14
68199 7.24113e+19 3.62056e+15 1.77426e+14 1.61622e+14
68399 7.24113e+19 3.62056e+15 1.76665e+14 1.61568e+14
68599 7.24113e+19 3.62056e+15 1.76122e+14 1.61459e+14
68799 7.24113e+19 3.62056e+15 1.75253e+14 1.61731e+14
68999 7.24113e+19 3.62056e+15 1.74656e+14 1.61568e+14
69199 7.24113e+19 3.62056e+15 1.73841e+14 1.62002e+14
69399 7.24113e+19 3.62056e+15 1.73407e+14 1.61622e+14
69599 7.24113e+19 3.62056e+15 1.7281e+14 1.61622e+14
69799 7.24113e+19 3.62056e+15 1.72212e+14 1.62708e+14
69999 7.24113e+19 3.62056e+15 1.71615e+14 1.61894e+14
70199 7.24113e+19 3.62056e+15 1.71072e+14 1.60807e+14
70399 7.24113e+19 3.62056e+15 1.70583e+14 1.58852e+14
70599 7.24113e+19 3.62056e+15 1.70148e+14 1.5706e+14
70799 7.24113e+19 3.62056e+15 1.69497e+14 1.54888e+14
70999 7.24113e+19 3.62056e+15 1.69225e+14 1.53584e+14
71199 7.24113e+19 3.62056e+15 1.68465e+14 1.52118e+14
71399 7.24113e+19 3.62056e+15 1.67976e+14 1.51086e+14
71599 7.24113e+19 3.62056e+15 1.67487e+14 1.50272e+14
71799 7.24113e+19 3.62056e+15 1.6689e+14 1.48099e+14
71999 7.24113e+19 3.62056e+15 1.66455e+14 1.47393e+14
72199 7.24113e+19 3.62056e+15 1.65967e+14 1.45873e+14
72399 7.24113e+19 3.62056e+15 1.65261e+14 1.45492e+14
72599 7.24113e+19 3.62056e+15 1.64826e+14 1.44135e+14
72799 7.24113e+19 3.62056e+15 1.64229e+14 1.43266e+14
72999 7.24113e+19 3.62056e+15 1.63686e+14 1.42668e+14
73199 7.24113e+19 3.62056e+15 1.63143e+14 1.41854e+14
73399 7.24113e+19 3.62056e+15 1.62274e+14 1.40822e+14
73599 7.24113e+19 3.62056e+15 1.61731e+14 1.39844e+14
73799 7.24113e+19 3.62056e+15 1.61079e+14 1.38595e+14
73999 7.24113e+19 3.62056e+15 1.60373e+14 1.38541e+14
74199 7.24113e+19 3.62056e+15 1.59776e+14 1.37672e+14
74399 7.24113e+19 3.62056e+15 1.59015e+14 1.3664e+14
74599 7.24113e+19 3.62056e+15 1.58146e+14 1.3626e+14
74799 7.24113e+19 3.62056e+15 1.57549e+14 1.35717e+14
74999 7.24113e+19 3.62056e+15 1.56951e+14 1.34251e+14
75199 7.24113e+19 3.62056e+15 1.56083e+14 1.34413e+14
75399 7.24113e+19 3.62056e+15 1.55268e+14 1.33164e+14
75599 7.24113e+19 3.62056e+15 1.54616e+14 1.32676e+14
75799 7.24113e+19 3.62056e+15 1.53965e+14 1.32187e+14
75999 7.24113e+19 3.62056e+15 1.53204e+14 1.31318e+14
76199 7.24113e+19 3.62056e+15 1.5239e+14 1.31046e+14
76399 7.24113e+19 3.62056e+15 1.51521e+14 1.31427e+14
76599 7.24113e+19 3.62056e+15 1.50706e+14 1.30612e+14
76799 7.24113e+19 3.62056e+15 1.49946e+14 1.30286e+14
76999 7.24113e+19 3.62056e+15 1.4924e+14 1.29634e+14
77199 7.24113e+19 3.62056e+15 1.48425e+14 1.29308e+14
77399 7.24113e+19 3.62056e+15 1.47773e+14 1.292e+14
77599 7.24113e+19 3.62056e+15 1.47013e+14 1.2882e+14
77799 7.24113e+19 3.62056e+15 1.46361e+14 1.28765e+14
77999 7.24113e+19 3.62056e+15 1.45601e+14 1.28983e+14
78199 7.24113e+19 3.62056e+15 1.44841e+14 1.28494e+14
78399 7.24113e+19 3.62056e+15 1.44352e+14 1.27951e+14
78599 7.24113e+19 3.62056e+15 1.43537e+14 1.28548e+14
78799 7.24113e+19 3.62056e+15 1.43049e+14 1.28711e+14
78999 7.24113e+19 3.62056e+15 1.42451e+14 1.28277e+14
79199 7.24113e+19 3.62056e+15 1.41528e+14 1.28059e+14
79399 7.24113e+19 3.62056e+15 1.41256e+14 1.28168e+14
79599 7.24113e+19 3.62056e+15 1.40442e+14 1.28711e+14
79799 7.24113e+19 3.62056e+15 1.40116e+14 1.2958e+14
79999 7.24113e+19 3.62056e+15 1.39356e+14 1.29906e+14
80199 7.24113e+19 3.62056e+15 1.38812e+14 1.29417e+14
80399 7.24113e+19 3.62056e+15 1.38269e+14 1.29254e+14
80599 7.24113e+19 3.62056e+15 1.37781e+14 1.28114e+14
80799 7.24113e+19 3.62056e+15 1.37238e+14 1.2643e+14
80999 7.24113e+19 3.62056e+15 1.36912e+14 1.24584e+14
81199 7.24113e+19 3.62056e+15 1.3626e+14 1.23497e+14
81399 7.24113e+19 3.62056e+15 1.35934e+14 1.22574e+14
81599 7.24113e+19 3.62056e+15 1.35337e+14 1.21977e+14
81799 7.24113e+19 3.62056e+15 1.34957e+14 1.21054e+14
81999 7.24113e+19 3.62056e+15 1.34468e+14 1.20456e+14
82199 7.24113e+19 3.62056e+15 1.33925e+14 1.18881e+14
82399 7.24113e+19 3.62056e+15 1.33219e+14 1.17741e+14
82599 7.24113e+19 3.62056e+15 1.32893e+14 1.16274e+14
82799 7.24113e+19 3.62056e+15 1.32458e+14 1.15351e+14
82999 7.24113e+19 3.62056e+15 1.32024e+14 1.15351e+14
83199 7.24113e+19 3.62056e+15 1.31589e+14 1.13776e+14
83399 7.24113e+19 3.62056e+15 1.31046e+14 1.13287e+14
83599 7.24113e+19 3.62056e+15 1.30286e+14 1.1231e+14
83799 7.24113e+19 3.62056e+15 1.29852e+14 1.10844e+14
83999 7.24113e+19 3.62056e+15 1.29254e+14 1.10301e+14
84199 7.24113e+19 3.62056e+15 1.28765e+14 1.09866e+14
84399 7.24113e+19 3.62056e+15 1.28168e+14 1.08617e+14
84599 7.24113e+19 3.62056e+15 1.27625e+14 1.07694e+14
84799 7.24113e+19 3.62056e+15 1.26865e+14 1.06499e+14
84999 7.24113e+19 3.62056e+15 1.26322e+14 1.06716e+14
85199 7.24113e+19 3.62056e+15 1.25724e+14 1.05521e+14
85399 7.24113e+19 3.62056e+15 1.24909e+14 1.05739e+14
85599 7.24113e+19 3.62056e+15 1.24095e+14 1.04761e+14
85799 7.24113e+19 3.62056e+15 1.23606e+14 1.05793e+14
85999 7.24113e+19 3.62056e+15 1.229e+14 1.03838e+14
86199 7.24113e+19 3.62056e+15 1.22248e+14 1.03783e+14
86399 7.24113e+19 3.62056e+15 1.21597e+14 1.02969e+14
86599 7.24113e+19 3.62056e+15 1.20836e+14 1.02969e+14
86799 7.24113e+19 3.62056e+15 1.20076e+14 1.0286e+14
86999 7.24113e+19 3.62056e+15 1.19479e+14 1.02317e+14
87199 7.24113e+19 3.62056e+15 1.18827e+14 1.01557e+14
87399 7.24113e+19 3.62056e+15 1.18175e+14 1.01611e+14
87599 7.24113e+19 3.62056e+15 1.17306e+14 1.01883e+14
87799 7.24113e+19 3.62056e+15 1.16655e+14 1.01448e+14
87999 7.24113e+19 3.62056e+15 1.16112e+14 1.01774e+14
88199 7.24113e+19 3.62056e+15 1.15406e+14 1.01557e+14
88399 7.24113e+19 3.62056e+15 1.14862e+14 1.01883e+14
88599 7.24113e+19 3.62056e+15 1.13939e+14 1.0134e+14
88799 7.24113e+19 3.62056e+15 1.13505e+14 1.02371e+14
88999 7.24113e+19 3.62056e+15 1.12799e+14 1.01503e+14
89199 7.24113e+19 3.62056e+15 1.12147e+14 1.01448e+14
89399 7.24113e+19 3.62056e+15 1.11713e+14 1.01177e+14
89599 7.24113e+19 3.62056e+15 1.11061e+14 1.01774e+14
89799 7.24113e+19 3.62056e+15 1.10572e+14 1.00851e+14
89999 7.24113e+19 3.62056e+15 1.10138e+14 9.93845e+13
90199 7.24113e+19 3.62056e+15 1.09377e+14 9.81354e+13
90399 7.24113e+19 3.62056e+15 1.08834e+14 9.73208e+13
90599 7.24113e+19 3.62056e+15 1.08345e+14 9.59088e+13
90799 7.24113e+19 3.62056e+15 1.07857e+14 9.49312e+13
90999 7.24113e+19 3.62056e+15 1.07368e+14 9.36278e+13
91199 7.24113e+19 3.62056e+15 1.06716e+14 9.23787e+13
91399 7.24113e+19 3.62056e+15 1.0639e+14 9.06408e+13
91599 7.24113e+19 3.62056e+15 1.05902e+14 8.94461e+13
91799 7.24113e+19 3.62056e+15 1.05358e+14 8.84685e+13
91999 7.24113e+19 3.62056e+15 1.04978e+14 8.77082e+13
92199 7.24113e+19 3.62056e+15 1.04381e+14 8.69479e+13
92399 7.24113e+19 3.62056e+15 1.03892e+14 8.53186e+13
92599 7.24113e+19 3.62056e+15 1.03295e+14 8.45583e+13
92799 7.24113e+19 3.62056e+15 1.02806e+14 8.35264e+13
92999 7.24113e+19 3.62056e+15 1.02263e+14 8.26575e+13
93199 7.24113e+19 3.62056e+15 1.01774e+14 8.18972e+13
93399 7.24113e+19 3.62056e+15 1.01068e+14 8.06481e+13
93599 7.24113e+19 3.62056e+15 1.00471e+14 7.95619e+13
93799 7.24113e+19 3.62056e+15 9.99276e+13 7.90188e+13
93999 7.24113e+19 3.62056e+15 9.93302e+13 7.78783e+13
94199 7.24113e+19 3.62056e+15 9.86242e+13 7.71723e+13
94399 7.24113e+19 3.62056e+15 9.78639e+13 7.65749e+13
94599 7.24113e+19 3.62056e+15 9.72122e+13 7.63034e+13
94799 7.24113e+19 3.62056e+15 9.66148e+13 7.56517e+13
94999 7.24113e+19 3.62056e+15 9.59088e+13 7.49457e+13
95199 7.24113e+19 3.62056e+15 9.53114e+13 7.45112e+13
95399 7.24113e+19 3.62056e+15 9.4551e+13 7.33707e+13
95599 7.24113e+19 3.62056e+15 9.40623e+13 7.29906e+13
95799 7.24113e+19 3.62056e+15 9.31933e+13 7.22303e+13
95999 7.24113e+19 3.62056e+15 9.24873e+13 7.24475e+13
96199 7.24113e+19 3.62056e+15 9.18356e+13 7.17958e+13
96399 7.24113e+19 3.62056e+15 9.10753e+13 7.03295e+13
96599 7.24113e+19 3.62056e+15 9.02607e+13 7.02752e+13
96799 7.24113e+19 3.62056e+15 8.96633e+13 6.96235e+13
96999 7.24113e+19 3.62056e+15 8.87944e+13 6.94062e+13
97199 7.24113e+19 3.62056e+15 8.8034e+13 6.84287e+13
97399 7.24113e+19 3.62056e+15 8.7328e+13 6.78313e+13
97599 7.24113e+19 3.62056e+15 8.65677e+13 6.73968e+13
97799 7.24113e+19 3.62056e+15 8.59703e+13 6.76684e+13
97999 7.24113e+19 3.62056e+15 8.50471e+13 6.75597e+13
98199 7.24113e+19 3.62056e+15 8.42324e+13 6.73968e+13
98399 7.24113e+19 3.62056e+15 8.3798e+13 6.71796e+13
98599 7.24113e+19 3.62056e+15 8.30377e+13 6.75597e+13
98799 7.24113e+19 3.62056e+15 8.2223e+13 6.71796e+13
98999 7.24113e+19 3.62056e+15 8.16256e+13 6.7614e+13
99199 7.24113e+19 3.62056e+15 8.09739e+13 6.80485e+13
99399 7.24113e+19 3.62056e+15 8.02679e+13 6.8483e+13
99599 7.24113e+19 3.62056e+15 7.96162e+13 6.78856e+13
99799 7.24113e+19 3.62056e+15 7.91274e+13 6.79399e+13
99999 7.24113e+19 3.62056e+15 7.84757e+13 6.7777e+13
100199 7.24113e+19 3.62056e+15 7.7824e+13 6.78313e+13
100399 7.24113e+19 3.62056e+15 7.73896e+13 6.67994e+13
100599 7.24113e+19 3.62056e+15 7.66293e+13 6.51702e+13
100799 7.24113e+19 3.62056e+15 7.61948e+13 6.43012e+13
100999 7.24113e+19 3.62056e+15 7.54888e+13 6.37038e+13
101199 7.24113e+19 3.62056e+15 7.5e+13 6.31608e+13
101399 7.24113e+19 3.62056e+15 7.44569e+13 6.16944e+13
101599 7.24113e+19 3.62056e+15 7.39138e+13 6.04453e+13
101799 7.24113e+19 3.62056e+15 7.33707e+13 5.90876e+13
101999 7.24113e+19 3.62056e+15 7.2882e+13 5.85988e+13
102199 7.24113e+19 3.62056e+15 7.2176e+13 5.7567e+13
102399 7.24113e+19 3.62056e+15 7.16329e+13 5.64808e+13
102599 7.24113e+19 3.62056e+15 7.11984e+13 5.56119e+13
102799 7.24113e+19 3.62056e+15 7.07096e+13 5.48516e+13
102999 7.24113e+19 3.62056e+15 7.01665e+13 5.40912e+13
103199 7.24113e+19 3.62056e+15 6.93519e+13 5.25163e+13
103399 7.24113e+19 3.62056e+15 6.89175e+13 5.19189e+13
103599 7.24113e+19 3.62056e+15 6.83744e+13 5.14844e+13
103799 7.24113e+19 3.62056e+15 6.7777e+13 5.09413e+13
103999 7.24113e+19 3.62056e+15 6.72882e+13 5.02896e+13
104199 7.24113e+19 3.62056e+15 6.65822e+13 4.92035e+13
104399 7.24113e+19 3.62056e+15 6.60934e+13 4.88233e+13
104599 7.24113e+19 3.62056e+15 6.5496e+13 4.8063e+13
104799 7.24113e+19 3.62056e+15 6.48443e+13 4.77371e+13
104999 7.24113e+19 3.62056e+15 6.44098e+13 4.78458e+13
105199 7.24113e+19 3.62056e+15 6.37581e+13 4.67053e+13
105399 7.24113e+19 3.62056e+15 6.32151e+13 4.60536e+13
105599 7.24113e+19 3.62056e+15 6.27263e+13 4.48045e+13
105799 7.24113e+19 3.62056e+15 6.21832e+13 4.5239e+13
105999 7.24113e+19 3.62056e+15 6.15858e+13 4.46416e+13
106199 7.24113e+19 3.62056e+15 6.09884e+13 4.38269e+13
106399 7.24113e+19 3.62056e+15 6.02281e+13 4.44243e+13
106599 7.24113e+19 3.62056e+15 5.97936e+13 4.36097e+13
106799 7.24113e+19 3.62056e+15 5.93049e+13 4.33925e+13
106999 7.24113e+19 3.62056e+15 5.86531e+13 4.37183e+13
107199 7.24113e+19 3.62056e+15 5.81101e+13 4.30666e+13
107399 7.24113e+19 3.62056e+15 5.74584e+13 4.33925e+13
107599 7.24113e+19 3.62056e+15 5.70239e+13 4.28494e+13
107799 7.24113e+19 3.62056e+15 5.64265e+13 4.25778e+13
107999 7.24113e+19 3.62056e+15 5.58834e+13 4.25778e+13
108199 7.24113e+19 3.62056e+15 5.53403e+13 4.23063e+13
108399 7.24113e+19 3.62056e+15 5.48516e+13 4.18175e+13
108599 7.24113e+19 3.62056e+15 5.42542e+13 4.20348e+13
108799 7.24113e+19 3.62056e+15 5.39283e+13 4.17632e+13
108999 7.24113e+19 3.62056e+15 5.33852e+13 4.19261e+13
109199 7.24113e+19 3.62056e+15 5.28965e+13 4.14917e+13
109399 7.24113e+19 3.62056e+15 5.22448e+13 4.10572e+13
109599 7.24113e+19 3.62056e+15 5.1756e+13 4.13287e+13
109799 7.24113e+19 3.62056e+15 5.14844e+13 4.14917e+13
109999 7.24113e+19 3.62056e+15 5.09413e+13 4.06227e+13
110199 7.24113e+19 3.62056e+15 5.05069e+13 3.96452e+13
110399 7.24113e+19 3.62056e+15 5.00181e+13 3.86133e+13
110599 7.24113e+19 3.62056e+15 4.95293e+13 3.77444e+13
110799 7.24113e+19 3.62056e+15 4.91492e+13 3.6441e+13
110999 7.24113e+19 3.62056e+15 4.8769e+13 3.59522e+13
111199 7.24113e+19 3.62056e+15 4.81716e+13 3.45945e+13
111399 7.24113e+19 3.62056e+15 4.78458e+13 3.37799e+13
111599 7.24113e+19 3.62056e+15 4.7357e+13 3.30739e+13
111799 7.24113e+19 3.62056e+15 4.69768e+13 3.25851e+13
111999 7.24113e+19 3.62056e+15 4.64881e+13 3.1336e+13
112199 7.24113e+19 3.62056e+15 4.60536e+13 3.04671e+13
112399 7.24113e+19 3.62056e+15 4.56191e+13 3.00326e+13
112599 7.24113e+19 3.62056e+15 4.51846e+13 2.91636e+13
112799 7.24113e+19 3.62056e+15 4.46416e+13 2.80232e+13
112999 7.24113e+19 3.62056e+15 4.40985e+13 2.78059e+13
113199 7.24113e+19 3.62056e+15 4.3664e+13 2.70999e+13
113399 7.24113e+19 3.62056e+15 4.32295e+13 2.61767e+13
113599 7.24113e+19 3.62056e+15 4.26865e+13 2.55793e+13
113799 7.24113e+19 3.62056e+15 4.2252e+13 2.49276e+13
113999 7.24113e+19 3.62056e+15 4.17089e+13 2.44388e+13
114199 7.24113e+19 3.62056e+15 4.10572e+13 2.36242e+13
114399 7.24113e+19 3.62056e+15 4.0677e+13 2.3407e+13
114599 7.24113e+19 3.62056e+15 4.01883e+13 2.25923e+13
114799 7.24113e+19 3.62056e+15 3.95909e+13 2.21035e+13
114999 7.24113e+19 3.62056e+15 3.91021e+13 2.1832e+13
115199 7.24113e+19 3.62056e+15 3.85047e+13 2.12889e+13
115399 7.24113e+19 3.62056e+15 3.79073e+13 2.10717e+13
115599 7.24113e+19 3.62056e+15 3.74728e+13 2.08001e+13
115799 7.24113e+19 3.62056e+15 3.68755e+13 2.05829e+13
115999 7.24113e+19 3.62056e+15 3.64953e+13 1.97683e+13
116199 7.24113e+19 3.62056e+15 3.58979e+13 1.94967e+13
116399 7.24113e+19 3.62056e+15 3.53548e+13 1.93338e+13
116599 7.24113e+19 3.62056e+15 3.47574e+13 1.93881e+13
116799 7.24113e+19 3.62056e+15 3.4323e+13 1.8845e+13
116999 7.24113e+19 3.62056e+15 3.38885e+13 1.86278e+13
117199 7.24113e+19 3.62056e+15 3.33454e+13 1.85735e+13
117399 7.24113e+19 3.62056e+15 3.28566e+13 1.83563e+13
117599 7.24113e+19 3.62056e+15 3.23135e+13 1.8302e+13
117799 7.24113e+19 3.62056e+15 3.17705e+13 1.80304e+13
117999 7.24113e+19 3.62056e+15 3.13903e+13 1.79218e+13
118199 7.24113e+19 3.62056e+15 3.10101e+13 1.77046e+13
118399 7.24113e+19 3.62056e+15 3.04671e+13 1.79218e+13
118599 7.24113e+19 3.62056e+15 3.00326e+13 1.76503e+13
118799 7.24113e+19 3.62056e+15 2.97067e+13 1.73244e+13
118999 7.24113e+19 3.62056e+15 2.91636e+13 1.72701e+13
119199 7.24113e+19 3.62056e+15 2.88378e+13 1.75959e+13
119399 7.24113e+19 3.62056e+15 2.8349e+13 1.77046e+13
119599 7.24113e+19 3.62056e+15 2.79689e+13 1.72158e+13
119799 7.24113e+19 3.62056e+15 2.7643e+13 1.70529e+13
119999 7.24113e+19 3.62056e+15 2.72629e+13 1.67813e+13
