Iteration / Neutral Density / Excited Density / Ion Density / Electron Density
199 7.24113e+19 3.62056e+15 5.42634e+14 4.8971e+14
399 7.24113e+19 3.62056e+15 5.40483e+14 4.87315e+14
599 7.24113e+19 3.62056e+15 5.37111e+14 4.87245e+14
799 7.24113e+19 3.62056e+15 5.32956e+14 4.84084e+14
999 7.24113e+19 3.62056e+15 5.28144e+14 4.81716e+14
1199 7.24113e+19 3.62056e+15 5.2311e+14 4.77708e+14
1399 7.24113e+19 3.62056e+15 5.17864e+14 4.72473e+14
1599 7.24113e+19 3.62056e+15 5.13172e+14 4.71093e+14
1799 7.24113e+19 3.62056e+15 5.08794e+14 4.6595e+14
1999 7.24113e+19 3.62056e+15 5.04433e+14 4.61014e+14
2199 7.24113e+19 3.62056e+15 5.00453e+14 4.57652e+14
2399 7.24113e+19 3.62056e+15 4.96597e+14 4.54866e+14
2599 7.24113e+19 3.62056e+15 4.92909e+14 4.52167e+14
2799 7.24113e+19 3.62056e+15 4.89607e+14 4.49158e+14
2999 7.24113e+19 3.62056e+15 4.86186e+14 4.46269e+14
3199 7.24113e+19 3.62056e+15 4.83063e+14 4.43293e+14
3399 7.24113e+19 3.62056e+15 4.8025e+14 4.40181e+14
3599 7.24113e+19 3.62056e+15 4.77312e+14 4.3752e+14
3799 7.24113e+19 3.62056e+15 4.7452e+14 4.35402e+14
3999 7.24113e+19 3.62056e+15 4.71924e+14 4.3386e+14
4199 7.24113e+19 3.62056e+15 4.69301e+14 4.31839e+14
4399 7.24113e+19 3.62056e+15 4.66808e+14 4.29596e+14
4599 7.24113e+19 3.62056e+15 4.64446e+14 4.27196e+14
4799 7.24113e+19 3.62056e+15 4.62214e+14 4.25648e+14
4999 7.24113e+19 3.62056e+15 4.59911e+14 4.23872e+14
5199 7.24113e+19 3.62056e+15 4.57717e+14 4.22058e+14
5399 7.24113e+19 3.62056e+15 4.55469e+14 4.20543e+14
5599 7.24113e+19 3.62056e+15 4.53237e+14 4.19256e+14
5799 7.24113e+19 3.62056e+15 4.51341e+14 4.17746e+14
5999 7.24113e+19 3.62056e+15 4.49365e+14 4.16383e+14
6199 7.24113e+19 3.62056e+15 4.47415e+14 4.15052e+14
6399 7.24113e+19 3.62056e+15 4.45476e+14 4.14249e+14
6599 7.24113e+19 3.62056e+15 4.43673e+14 4.13244e+14
6799 7.24113e+19 3.62056e+15 4.42093e+14 4.12364e+14
6999 7.24113e+19 3.62056e+15 4.40317e+14 4.11566e+14
7199 7.24113e+19 3.62056e+15 4.3865e+14 4.10751e+14
7399 7.24113e+19 3.62056e+15 4.37254e+14 4.10018e+14
7599 7.24113e+19 3.62056e+15 4.35668e+14 4.09399e+14
7799 7.24113e+19 3.62056e+15 4.34321e+14 4.08785e+14
7999 7.24113e+19 3.62056e+15 4.3298e+14 4.08394e+14
8199 7.24113e+19 3.62056e+15 4.31573e+14 4.07976e+14
8399 7.24113e+19 3.62056e+15 4.3027e+14 4.07596e+14
8599 7.24113e+19 3.62056e+15 4.29097e+14 4.07297e+14
8799 7.24113e+19 3.62056e+15 4.27929e+14 4.07102e+14
8999 7.24113e+19 3.62056e+15 4.26789e+14 4.06944e+14
9199 7.24113e+19 3.62056e+15 4.25621e+14 4.06977e+14
9399 7.24113e+19 3.62056e+15 4.24616e+14 4.06961e+14
9599 7.24113e+19 3.62056e+15 4.23704e+14 4.06923e+14
9799 7.24113e+19 3.62056e+15 4.2271e+14 4.06249e+14
9999 7.24113e+19 3.62056e+15 4.2177e+14 4.04413e+14
10199 7.24113e+19 3.62056e+15 4.20825e+14 4.02127e+14
10399 7.24113e+19 3.62056e+15 4.20022e+14 3.99596e+14
10599 7.24113e+19 3.62056e+15 4.19256e+14 3.97071e+14
10799 7.24113e+19 3.62056e+15 4.18349e+14 3.9492e+14
10999 7.24113e+19 3.62056e+15 4.17643e+14 3.9265e+14
11199 7.24113e+19 3.62056e+15 4.16736e+14 3.905e+14
11399 7.24113e+19 3.62056e+15 4.15807e+14 3.88251e+14
11599 7.24113e+19 3.62056e+15 4.14862e+14 3.86443e+14
11799 7.24113e+19 3.62056e+15 4.13999e+14 3.84385e+14
11999 7.24113e+19 3.62056e+15 4.12983e+14 3.82353e+14
12199 7.24113e+19 3.62056e+15 4.11875e+14 3.80208e+14
12399 7.24113e+19 3.62056e+15 4.1074e+14 3.78259e+14
12599 7.24113e+19 3.62056e+15 4.0966e+14 3.76325e+14
12799 7.24113e+19 3.62056e+15 4.08318e+14 3.74495e+14
12999 7.24113e+19 3.62056e+15 4.06836e+14 3.72518e+14
13199 7.24113e+19 3.62056e+15 4.05494e+14 3.70579e+14
13399 7.24113e+19 3.62056e+15 4.04044e+14 3.68787e+14
13599 7.24113e+19 3.62056e+15 4.02382e+14 3.67028e+14
13799 7.24113e+19 3.62056e+15 4.00824e+14 3.65072e+14
13999 7.24113e+19 3.62056e+15 3.98961e+14 3.63525e+14
14199 7.24113e+19 3.62056e+15 3.97315e+14 3.61988e+14
14399 7.24113e+19 3.62056e+15 3.95577e+14 3.60358e+14
14599 7.24113e+19 3.62056e+15 3.93807e+14 3.58827e+14
14799 7.24113e+19 3.62056e+15 3.92085e+14 3.57285e+14
14999 7.24113e+19 3.62056e+15 3.90282e+14 3.55911e+14
15199 7.24113e+19 3.62056e+15 3.88707e+14 3.54683e+14
15399 7.24113e+19 3.62056e+15 3.87192e+14 3.53548e+14
15599 7.24113e+19 3.62056e+15 3.85552e+14 3.52462e+14
15799 7.24113e+19 3.62056e+15 3.84021e+14 3.51414e+14
15999 7.24113e+19 3.62056e+15 3.82424e+14 3.50235e+14
16199 7.24113e+19 3.62056e+15 3.80925e+14 3.49404e+14
16399 7.24113e+19 3.62056e+15 3.79486e+14 3.48753e+14
16599 7.24113e+19 3.62056e+15 3.77889e+14 3.47884e+14
16799 7.24113e+19 3.62056e+15 3.76445e+14 3.47156e+14
16999 7.24113e+19 3.62056e+15 3.74995e+14 3.46445e+14
17199 7.24113e+19 3.62056e+15 3.73534e+14 3.45798e+14
17399 7.24113e+19 3.62056e+15 3.72247e+14 3.4544e+14
17599 7.24113e+19 3.62056e+15 3.70965e+14 3.44859e+14
17799 7.24113e+19 3.62056e+15 3.69558e+14 3.44538e+14
17999 7.24113e+19 3.62056e+15 3.6844e+14 3.44316e+14
18199 7.24113e+19 3.62056e+15 3.67337e+14 3.4449e+14
18399 7.24113e+19 3.62056e+15 3.66023e+14 3.44098e+14
18599 7.24113e+19 3.62056e+15 3.64937e+14 3.43898e+14
18799 7.24113e+19 3.62056e+15 3.63769e+14 3.44044e+14
18999 7.24113e+19 3.62056e+15 3.62938e+14 3.44093e+14
19199 7.24113e+19 3.62056e+15 3.61901e+14 3.44566e+14
19399 7.24113e+19 3.62056e+15 3.60961e+14 3.44766e+14
19599 7.24113e+19 3.62056e+15 3.60011e+14 3.4513e+14
19799 7.24113e+19 3.62056e+15 3.59175e+14 3.4557e+14
19999 7.24113e+19 3.62056e+15 3.58414e+14 3.4607e+14
20199 7.24113e+19 3.62056e+15 3.5767e+14 3.46738e+14
20399 7.24113e+19 3.62056e+15 3.56883e+14 3.46217e+14
20599 7.24113e+19 3.62056e+15 3.56215e+14 3.44712e+14
20799 7.24113e+19 3.62056e+15 3.55547e+14 3.43099e+14
20999 7.24113e+19 3.62056e+15 3.54955e+14 3.41492e+14
21199 7.24113e+19 3.62056e+15 3.5426e+14 3.39971e+14
21399 7.24113e+19 3.62056e+15 3.53733e+14 3.38537e+14
21599 7.24113e+19 3.62056e+15 3.53163e+14 3.3706e+14
21799 7.24113e+19 3.62056e+15 3.52657e+14 3.35735e+14
21999 7.24113e+19 3.62056e+15 3.52098e+14 3.34518e+14
22199 7.24113e+19 3.62056e+15 3.5149e+14 3.33123e+14
22399 7.24113e+19 3.62056e+15 3.5093e+14 3.31868e+14
22599 7.24113e+19 3.62056e+15 3.50273e+14 3.30668e+14
22799 7.24113e+19 3.62056e+15 3.49622e+14 3.29528e+14
22999 7.24113e+19 3.62056e+15 3.49008e+14 3.28213e+14
23199 7.24113e+19 3.62056e+15 3.48421e+14 3.27116e+14
23399 7.24113e+19 3.62056e+15 3.47759e+14 3.25976e+14
23599 7.24113e+19 3.62056e+15 3.47107e+14 3.24982e+14
23799 7.24113e+19 3.62056e+15 3.46455e+14 3.23999e+14
23999 7.24113e+19 3.62056e+15 3.45804e+14 3.23081e+14
24199 7.24113e+19 3.62056e+15 3.45092e+14 3.22022e+14
24399 7.24113e+19 3.62056e+15 3.44403e+14 3.21077e+14
24599 7.24113e+19 3.62056e+15 3.43675e+14 3.20094e+14
24799 7.24113e+19 3.62056e+15 3.42904e+14 3.19296e+14
24999 7.24113e+19 3.62056e+15 3.42094e+14 3.18443e+14
25199 7.24113e+19 3.62056e+15 3.41356e+14 3.1758e+14
25399 7.24113e+19 3.62056e+15 3.40536e+14 3.16879e+14
25599 7.24113e+19 3.62056e+15 3.39661e+14 3.16102e+14
25799 7.24113e+19 3.62056e+15 3.38717e+14 3.15559e+14
25999 7.24113e+19 3.62056e+15 3.37864e+14 3.1481e+14
26199 7.24113e+19 3.62056e+15 3.37028e+14 3.14131e+14
26399 7.24113e+19 3.62056e+15 3.36126e+14 3.13686e+14
26599 7.24113e+19 3.62056e+15 3.35273e+14 3.13039e+14
26799 7.24113e+19 3.62056e+15 3.34361e+14 3.12572e+14
26999 7.24113e+19 3.62056e+15 3.33427e+14 3.12317e+14
27199 7.24113e+19 3.62056e+15 3.3265e+14 3.12024e+14
27399 7.24113e+19 3.62056e+15 3.31841e+14 3.11606e+14
27599 7.24113e+19 3.62056e+15 3.31048e+14 3.11274e+14
27799 7.24113e+19 3.62056e+15 3.30141e+14 3.11079e+14
27999 7.24113e+19 3.62056e+15 3.29354e+14 3.11008e+14
28199 7.24113e+19 3.62056e+15 3.28561e+14 3.11079e+14
28399 7.24113e+19 3.62056e+15 3.27866e+14 3.11128e+14
28599 7.24113e+19 3.62056e+15 3.27094e+14 3.10873e+14
28799 7.24113e+19 3.62056e+15 3.26356e+14 3.10889e+14
28999 7.24113e+19 3.62056e+15 3.25601e+14 3.11052e+14
29199 7.24113e+19 3.62056e+15 3.24868e+14 3.11269e+14
29399 7.24113e+19 3.62056e+15 3.24249e+14 3.11546e+14
29599 7.24113e+19 3.62056e+15 3.23635e+14 3.11752e+14
29799 7.24113e+19 3.62056e+15 3.2301e+14 3.12165e+14
29999 7.24113e+19 3.62056e+15 3.22359e+14 3.121e+14
30199 7.24113e+19 3.62056e+15 3.21772e+14 3.10818e+14
30399 7.24113e+19 3.62056e+15 3.21186e+14 3.08423e+14
30599 7.24113e+19 3.62056e+15 3.2067e+14 3.06593e+14
30799 7.24113e+19 3.62056e+15 3.20072e+14 3.04986e+14
30999 7.24113e+19 3.62056e+15 3.19546e+14 3.03128e+14
31199 7.24113e+19 3.62056e+15 3.19079e+14 3.02156e+14
31399 7.24113e+19 3.62056e+15 3.18584e+14 3.01026e+14
31599 7.24113e+19 3.62056e+15 3.18085e+14 3.00011e+14
31799 7.24113e+19 3.62056e+15 3.17531e+14 2.98963e+14
31999 7.24113e+19 3.62056e+15 3.16966e+14 2.97811e+14
32199 7.24113e+19 3.62056e+15 3.16472e+14 2.96519e+14
32399 7.24113e+19 3.62056e+15 3.1594e+14 2.95465e+14
32599 7.24113e+19 3.62056e+15 3.15348e+14 2.94053e+14
32799 7.24113e+19 3.62056e+15 3.14761e+14 2.93059e+14
32999 7.24113e+19 3.62056e+15 3.14234e+14 2.91745e+14
33199 7.24113e+19 3.62056e+15 3.13561e+14 2.90686e+14
33399 7.24113e+19 3.62056e+15 3.12958e+14 2.89817e+14
33599 7.24113e+19 3.62056e+15 3.12236e+14 2.8884e+14
33799 7.24113e+19 3.62056e+15 3.11606e+14 2.8803e+14
33999 7.24113e+19 3.62056e+15 3.10938e+14 2.86977e+14
34199 7.24113e+19 3.62056e+15 3.10199e+14 2.85961e+14
34399 7.24113e+19 3.62056e+15 3.09488e+14 2.85157e+14
34599 7.24113e+19 3.62056e+15 3.08678e+14 2.84316e+14
34799 7.24113e+19 3.62056e+15 3.07929e+14 2.83414e+14
34999 7.24113e+19 3.62056e+15 3.07147e+14 2.82518e+14
35199 7.24113e+19 3.62056e+15 3.06322e+14 2.81796e+14
35399 7.24113e+19 3.62056e+15 3.05518e+14 2.81133e+14
35599 7.24113e+19 3.62056e+15 3.04725e+14 2.80416e+14
35799 7.24113e+19 3.62056e+15 3.03943e+14 2.79873e+14
35999 7.24113e+19 3.62056e+15 3.03074e+14 2.79325e+14
36199 7.24113e+19 3.62056e+15 3.02189e+14 2.78901e+14
36399 7.24113e+19 3.62056e+15 3.01303e+14 2.78233e+14
36599 7.24113e+19 3.62056e+15 3.00478e+14 2.77831e+14
36799 7.24113e+19 3.62056e+15 2.99663e+14 2.77549e+14
36999 7.24113e+19 3.62056e+15 2.9886e+14 2.77071e+14
37199 7.24113e+19 3.62056e+15 2.97985e+14 2.76615e+14
37399 7.24113e+19 3.62056e+15 2.97219e+14 2.76463e+14
37599 7.24113e+19 3.62056e+15 2.96334e+14 2.76148e+14
37799 7.24113e+19 3.62056e+15 2.95558e+14 2.75892e+14
37999 7.24113e+19 3.62056e+15 2.94738e+14 2.75735e+14
38199 7.24113e+19 3.62056e+15 2.93977e+14 2.75393e+14
38399 7.24113e+19 3.62056e+15 2.93266e+14 2.74937e+14
38599 7.24113e+19 3.62056e+15 2.92511e+14 2.75024e+14
38799 7.24113e+19 3.62056e+15 2.91783e+14 2.74904e+14
38999 7.24113e+19 3.62056e+15 2.91083e+14 2.74964e+14
39199 7.24113e+19 3.62056e+15 2.90339e+14 2.75029e+14
39399 7.24113e+19 3.62056e+15 2.89665e+14 2.75686e+14
39599 7.24113e+19 3.62056e+15 2.89051e+14 2.75974e+14
39799 7.24113e+19 3.62056e+15 2.88427e+14 2.76083e+14
39999 7.24113e+19 3.62056e+15 2.87775e+14 2.76245e+14
40199 7.24113e+19 3.62056e+15 2.8721e+14 2.76077e+14
40399 7.24113e+19 3.62056e+15 2.86635e+14 2.75811e+14
40599 7.24113e+19 3.62056e+15 2.86157e+14 2.75512e+14
40799 7.24113e+19 3.62056e+15 2.85532e+14 2.73872e+14
40999 7.24113e+19 3.62056e+15 2.84962e+14 2.72759e+14
41199 7.24113e+19 3.62056e+15 2.84522e+14 2.71331e+14
41399 7.24113e+19 3.62056e+15 2.83979e+14 2.70261e+14
41599 7.24113e+19 3.62056e+15 2.83436e+14 2.69625e+14
41799 7.24113e+19 3.62056e+15 2.82915e+14 2.68132e+14
41999 7.24113e+19 3.62056e+15 2.82431e+14 2.66818e+14
42199 7.24113e+19 3.62056e+15 2.8185e+14 2.65574e+14
42399 7.24113e+19 3.62056e+15 2.81416e+14 2.64118e+14
42599 7.24113e+19 3.62056e+15 2.80883e+14 2.63087e+14
42799 7.24113e+19 3.62056e+15 2.80367e+14 2.62017e+14
42999 7.24113e+19 3.62056e+15 2.7983e+14 2.61126e+14
43199 7.24113e+19 3.62056e+15 2.79292e+14 2.59953e+14
43399 7.24113e+19 3.62056e+15 2.78695e+14 2.59084e+14
43599 7.24113e+19 3.62056e+15 2.78141e+14 2.58166e+14
43799 7.24113e+19 3.62056e+15 2.77549e+14 2.57281e+14
43999 7.24113e+19 3.62056e+15 2.76924e+14 2.56656e+14
44199 7.24113e+19 3.62056e+15 2.76273e+14 2.55673e+14
44399 7.24113e+19 3.62056e+15 2.75621e+14 2.54761e+14
44599 7.24113e+19 3.62056e+15 2.74969e+14 2.5405e+14
44799 7.24113e+19 3.62056e+15 2.74241e+14 2.53371e+14
44999 7.24113e+19 3.62056e+15 2.73606e+14 2.52882e+14
45199 7.24113e+19 3.62056e+15 2.72878e+14 2.52143e+14
45399 7.24113e+19 3.62056e+15 2.72189e+14 2.51459e+14
45599 7.24113e+19 3.62056e+15 2.7139e+14 2.50748e+14
45799 7.24113e+19 3.62056e+15 2.70701e+14 2.50329e+14
45999 7.24113e+19 3.62056e+15 2.69908e+14 2.49879e+14
46199 7.24113e+19 3.62056e+15 2.69223e+14 2.49531e+14
46399 7.24113e+19 3.62056e+15 2.68479e+14 2.49091e+14
46599 7.24113e+19 3.62056e+15 2.6773e+14 2.4864e+14
46799 7.24113e+19 3.62056e+15 2.66997e+14 2.48125e+14
46999 7.24113e+19 3.62056e+15 2.66253e+14 2.47869e+14
47199 7.24113e+19 3.62056e+15 2.65498e+14 2.47625e+14
47399 7.24113e+19 3.62056e+15 2.6477e+14 2.47603e+14
47599 7.24113e+19 3.62056e+15 2.64091e+14 2.47435e+14
47799 7.24113e+19 3.62056e+15 2.63391e+14 2.46848e+14
47999 7.24113e+19 3.62056e+15 2.62739e+14 2.46267e+14
48199 7.24113e+19 3.62056e+15 2.62011e+14 2.45914e+14
48399 7.24113e+19 3.62056e+15 2.6137e+14 2.45523e+14
48599 7.24113e+19 3.62056e+15 2.60735e+14 2.45681e+14
48799 7.24113e+19 3.62056e+15 2.60056e+14 2.45854e+14
48999 7.24113e+19 3.62056e+15 2.59432e+14 2.45822e+14
49199 7.24113e+19 3.62056e+15 2.58769e+14 2.45545e+14
49399 7.24113e+19 3.62056e+15 2.58204e+14 2.45485e+14
49599 7.24113e+19 3.62056e+15 2.57645e+14 2.46197e+14
49799 7.24113e+19 3.62056e+15 2.56999e+14 2.46153e+14
49999 7.24113e+19 3.62056e+15 2.56439e+14 2.45344e+14
50199 7.24113e+19 3.62056e+15 2.55896e+14 2.4441e+14
50399 7.24113e+19 3.62056e+15 2.55375e+14 2.43351e+14
50599 7.24113e+19 3.62056e+15 2.54843e+14 2.42091e+14
50799 7.24113e+19 3.62056e+15 2.5437e+14 2.40988e+14
50999 7.24113e+19 3.62056e+15 2.53827e+14 2.39707e+14
51199 7.24113e+19 3.62056e+15 2.53327e+14 2.3855e+14
51399 7.24113e+19 3.62056e+15 2.52833e+14 2.37187e+14
51599 7.24113e+19 3.62056e+15 2.52371e+14 2.36052e+14
51799 7.24113e+19 3.62056e+15 2.51834e+14 2.34623e+14
51999 7.24113e+19 3.62056e+15 2.51378e+14 2.33239e+14
52199 7.24113e+19 3.62056e+15 2.50894e+14 2.32294e+14
52399 7.24113e+19 3.62056e+15 2.50389e+14 2.31126e+14
52599 7.24113e+19 3.62056e+15 2.49857e+14 2.30029e+14
52799 7.24113e+19 3.62056e+15 2.49357e+14 2.29089e+14
52999 7.24113e+19 3.62056e+15 2.4882e+14 2.28139e+14
53199 7.24113e+19 3.62056e+15 2.48239e+14 2.27205e+14
53399 7.24113e+19 3.62056e+15 2.47679e+14 2.26493e+14
53599 7.24113e+19 3.62056e+15 2.47104e+14 2.25597e+14
53799 7.24113e+19 3.62056e+15 2.4655e+14 2.24783e+14
53999 7.24113e+19 3.62056e+15 2.45947e+14 2.23914e+14
54199 7.24113e+19 3.62056e+15 2.45349e+14 2.23333e+14
54399 7.24113e+19 3.62056e+15 2.44703e+14 2.22404e+14
54599 7.24113e+19 3.62056e+15 2.44019e+14 2.21731e+14
54799 7.24113e+19 3.62056e+15 2.43307e+14 2.21171e+14
54999 7.24113e+19 3.62056e+15 2.42607e+14 2.20509e+14
55199 7.24113e+19 3.62056e+15 2.41928e+14 2.19776e+14
55399 7.24113e+19 3.62056e+15 2.41227e+14 2.19216e+14
55599 7.24113e+19 3.62056e+15 2.40472e+14 2.18635e+14
55799 7.24113e+19 3.62056e+15 2.39734e+14 2.18081e+14
55999 7.24113e+19 3.62056e+15 2.38919e+14 2.17565e+14
56199 7.24113e+19 3.62056e+15 2.38262e+14 2.17163e+14
56399 7.24113e+19 3.62056e+15 2.37426e+14 2.16604e+14
56599 7.24113e+19 3.62056e+15 2.36682e+14 2.1637e+14
56799 7.24113e+19 3.62056e+15 2.35954e+14 2.15795e+14
56999 7.24113e+19 3.62056e+15 2.35123e+14 2.1555e+14
57199 7.24113e+19 3.62056e+15 2.34385e+14 2.14877e+14
57399 7.24113e+19 3.62056e+15 2.33564e+14 2.14649e+14
57599 7.24113e+19 3.62056e+15 2.32902e+14 2.14529e+14
57799 7.24113e+19 3.62056e+15 2.32185e+14 2.14453e+14
57999 7.24113e+19 3.62056e+15 2.31452e+14 2.14247e+14
58199 7.24113e+19 3.62056e+15 2.3074e+14 2.14285e+14
58399 7.24113e+19 3.62056e+15 2.30013e+14 2.14155e+14
58599 7.24113e+19 3.62056e+15 2.29356e+14 2.14089e+14
58799 7.24113e+19 3.62056e+15 2.28655e+14 2.14187e+14
58999 7.24113e+19 3.62056e+15 2.2802e+14 2.13959e+14
59199 7.24113e+19 3.62056e+15 2.27422e+14 2.13769e+14
59399 7.24113e+19 3.62056e+15 2.26781e+14 2.1397e+14
59599 7.24113e+19 3.62056e+15 2.2614e+14 2.13622e+14
59799 7.24113e+19 3.62056e+15 2.2557e+14 2.14084e+14
59999 7.24113e+19 3.62056e+15 2.25e+14 2.1466e+14
60199 7.24113e+19 3.62056e+15 2.24419e+14 2.14964e+14
60399 7.24113e+19 3.62056e+15 2.23881e+14 2.14236e+14
60599 7.24113e+19 3.62056e+15 2.23354e+14 2.13383e+14
60799 7.24113e+19 3.62056e+15 2.22811e+14 2.12569e+14
60999 7.24113e+19 3.62056e+15 2.22257e+14 2.11217e+14
61199 7.24113e+19 3.62056e+15 2.21747e+14 2.09924e+14
61399 7.24113e+19 3.62056e+15 2.21291e+14 2.0887e+14
61599 7.24113e+19 3.62056e+15 2.20704e+14 2.07638e+14
61799 7.24113e+19 3.62056e+15 2.20177e+14 2.06323e+14
61999 7.24113e+19 3.62056e+15 2.19618e+14 2.05433e+14
62199 7.24113e+19 3.62056e+15 2.1914e+14 2.04042e+14
62399 7.24113e+19 3.62056e+15 2.18597e+14 2.03179e+14
62599 7.24113e+19 3.62056e+15 2.18043e+14 2.01973e+14
62799 7.24113e+19 3.62056e+15 2.17511e+14 2.01028e+14
62999 7.24113e+19 3.62056e+15 2.16908e+14 1.99964e+14
63199 7.24113e+19 3.62056e+15 2.16305e+14 1.98774e+14
63399 7.24113e+19 3.62056e+15 2.15697e+14 1.9822e+14
63599 7.24113e+19 3.62056e+15 2.15105e+14 1.97085e+14
63799 7.24113e+19 3.62056e+15 2.14529e+14 1.96119e+14
63999 7.24113e+19 3.62056e+15 2.1391e+14 1.95413e+14
64199 7.24113e+19 3.62056e+15 2.13313e+14 1.94419e+14
64399 7.24113e+19 3.62056e+15 2.12629e+14 1.93691e+14
64599 7.24113e+19 3.62056e+15 2.11961e+14 1.92909e+14
64799 7.24113e+19 3.62056e+15 2.11341e+14 1.92046e+14
64999 7.24113e+19 3.62056e+15 2.10663e+14 1.91459e+14
65199 7.24113e+19 3.62056e+15 2.10065e+14 1.90682e+14
65399 7.24113e+19 3.62056e+15 2.09365e+14 1.89721e+14
65599 7.24113e+19 3.62056e+15 2.08659e+14 1.89129e+14
65799 7.24113e+19 3.62056e+15 2.07974e+14 1.88298e+14
65999 7.24113e+19 3.62056e+15 2.07268e+14 1.87505e+14
66199 7.24113e+19 3.62056e+15 2.06633e+14 1.86903e+14
66399 7.24113e+19 3.62056e+15 2.05905e+14 1.8637e+14
66599 7.24113e+19 3.62056e+15 2.05215e+14 1.86045e+14
66799 7.24113e+19 3.62056e+15 2.04526e+14 1.85784e+14
66999 7.24113e+19 3.62056e+15 2.03847e+14 1.85425e+14
67199 7.24113e+19 3.62056e+15 2.03092e+14 1.85203e+14
67399 7.24113e+19 3.62056e+15 2.0244e+14 1.84877e+14
67599 7.24113e+19 3.62056e+15 2.0174e+14 1.84562e+14
67799 7.24113e+19 3.62056e+15 2.0099e+14 1.84345e+14
67999 7.24113e+19 3.62056e+15 2.00355e+14 1.84263e+14
68199 7.24113e+19 3.62056e+15 1.99649e+14 1.83856e+14
68399 7.24113e+19 3.62056e+15 1.9891e+14 1.83709e+14
68599 7.24113e+19 3.62056e+15 1.9828e+14 1.83508e+14
68799 7.24113e+19 3.62056e+15 1.97612e+14 1.83579e+14
68999 7.24113e+19 3.62056e+15 1.96933e+14 1.83802e+14
69199 7.24113e+19 3.62056e+15 1.96255e+14 1.83742e+14
69399 7.24113e+19 3.62056e+15 1.95614e+14 1.83693e+14
69599 7.24113e+19 3.62056e+15 1.95005e+14 1.83872e+14
69799 7.24113e+19 3.62056e+15 1.94381e+14 1.83932e+14
69999 7.24113e+19 3.62056e+15 1.93724e+14 1.83487e+14
70199 7.24113e+19 3.62056e+15 1.93164e+14 1.82167e+14
70399 7.24113e+19 3.62056e+15 1.92534e+14 1.80467e+14
70599 7.24113e+19 3.62056e+15 1.9197e+14 1.78822e+14
70799 7.24113e+19 3.62056e+15 1.91399e+14 1.76975e+14
70999 7.24113e+19 3.62056e+15 1.90835e+14 1.75411e+14
71199 7.24113e+19 3.62056e+15 1.90313e+14 1.73999e+14
71399 7.24113e+19 3.62056e+15 1.89683e+14 1.72538e+14
71599 7.24113e+19 3.62056e+15 1.89129e+14 1.71343e+14
71799 7.24113e+19 3.62056e+15 1.88543e+14 1.69844e+14
71999 7.24113e+19 3.62056e+15 1.87956e+14 1.68497e+14
72199 7.24113e+19 3.62056e+15 1.87375e+14 1.67552e+14
72399 7.24113e+19 3.62056e+15 1.86772e+14 1.66597e+14
72599 7.24113e+19 3.62056e+15 1.86115e+14 1.65472e+14
72799 7.24113e+19 3.62056e+15 1.85485e+14 1.64484e+14
72999 7.24113e+19 3.62056e+15 1.84768e+14 1.63072e+14
73199 7.24113e+19 3.62056e+15 1.84068e+14 1.62143e+14
73399 7.24113e+19 3.62056e+15 1.83329e+14 1.61285e+14
73599 7.24113e+19 3.62056e+15 1.82661e+14 1.6034e+14
73799 7.24113e+19 3.62056e+15 1.81939e+14 1.59433e+14
73999 7.24113e+19 3.62056e+15 1.81206e+14 1.58423e+14
74199 7.24113e+19 3.62056e+15 1.80472e+14 1.57657e+14
74399 7.24113e+19 3.62056e+15 1.79658e+14 1.57076e+14
74599 7.24113e+19 3.62056e+15 1.78892e+14 1.56121e+14
74799 7.24113e+19 3.62056e+15 1.78039e+14 1.55534e+14
74999 7.24113e+19 3.62056e+15 1.77257e+14 1.54594e+14
75199 7.24113e+19 3.62056e+15 1.76492e+14 1.54138e+14
75399 7.24113e+19 3.62056e+15 1.75596e+14 1.53356e+14
75599 7.24113e+19 3.62056e+15 1.74895e+14 1.52688e+14
75799 7.24113e+19 3.62056e+15 1.74053e+14 1.52167e+14
75999 7.24113e+19 3.62056e+15 1.73211e+14 1.51754e+14
76199 7.24113e+19 3.62056e+15 1.72462e+14 1.51168e+14
76399 7.24113e+19 3.62056e+15 1.71593e+14 1.50701e+14
76599 7.24113e+19 3.62056e+15 1.70806e+14 1.50016e+14
76799 7.24113e+19 3.62056e+15 1.70007e+14 1.49701e+14
76999 7.24113e+19 3.62056e+15 1.69203e+14 1.49365e+14
77199 7.24113e+19 3.62056e+15 1.68405e+14 1.49158e+14
77399 7.24113e+19 3.62056e+15 1.67623e+14 1.48849e+14
77599 7.24113e+19 3.62056e+15 1.66846e+14 1.48604e+14
77799 7.24113e+19 3.62056e+15 1.66108e+14 1.4855e+14
77999 7.24113e+19 3.62056e+15 1.65386e+14 1.48409e+14
78199 7.24113e+19 3.62056e+15 1.64707e+14 1.48333e+14
78399 7.24113e+19 3.62056e+15 1.64017e+14 1.48371e+14
78599 7.24113e+19 3.62056e+15 1.6336e+14 1.48284e+14
78799 7.24113e+19 3.62056e+15 1.62735e+14 1.48121e+14
78999 7.24113e+19 3.62056e+15 1.62067e+14 1.48083e+14
79199 7.24113e+19 3.62056e+15 1.61459e+14 1.48083e+14
79399 7.24113e+19 3.62056e+15 1.60791e+14 1.48164e+14
79599 7.24113e+19 3.62056e+15 1.60237e+14 1.48306e+14
79799 7.24113e+19 3.62056e+15 1.59656e+14 1.4861e+14
79999 7.24113e+19 3.62056e+15 1.59102e+14 1.48762e+14
80199 7.24113e+19 3.62056e+15 1.58521e+14 1.49169e+14
80399 7.24113e+19 3.62056e+15 1.58032e+14 1.48621e+14
80599 7.24113e+19 3.62056e+15 1.57473e+14 1.46828e+14
80799 7.24113e+19 3.62056e+15 1.5699e+14 1.44835e+14
80999 7.24113e+19 3.62056e+15 1.56528e+14 1.4401e+14
81199 7.24113e+19 3.62056e+15 1.56017e+14 1.42777e+14
81399 7.24113e+19 3.62056e+15 1.55583e+14 1.4231e+14
81599 7.24113e+19 3.62056e+15 1.55067e+14 1.41322e+14
81799 7.24113e+19 3.62056e+15 1.54649e+14 1.40697e+14
81999 7.24113e+19 3.62056e+15 1.5416e+14 1.39665e+14
82199 7.24113e+19 3.62056e+15 1.53704e+14 1.38666e+14
82399 7.24113e+19 3.62056e+15 1.53231e+14 1.379e+14
82599 7.24113e+19 3.62056e+15 1.52694e+14 1.37037e+14
82799 7.24113e+19 3.62056e+15 1.52216e+14 1.36108e+14
82999 7.24113e+19 3.62056e+15 1.51754e+14 1.35396e+14
83199 7.24113e+19 3.62056e+15 1.51249e+14 1.34392e+14
83399 7.24113e+19 3.62056e+15 1.50755e+14 1.33561e+14
83599 7.24113e+19 3.62056e+15 1.50266e+14 1.32806e+14
83799 7.24113e+19 3.62056e+15 1.4969e+14 1.3229e+14
83999 7.24113e+19 3.62056e+15 1.49142e+14 1.31367e+14
84199 7.24113e+19 3.62056e+15 1.48588e+14 1.30693e+14
84399 7.24113e+19 3.62056e+15 1.48018e+14 1.29976e+14
84599 7.24113e+19 3.62056e+15 1.47502e+14 1.29075e+14
84799 7.24113e+19 3.62056e+15 1.4691e+14 1.28467e+14
84999 7.24113e+19 3.62056e+15 1.46274e+14 1.27212e+14
85199 7.24113e+19 3.62056e+15 1.45731e+14 1.26707e+14
85399 7.24113e+19 3.62056e+15 1.4508e+14 1.26142e+14
85599 7.24113e+19 3.62056e+15 1.44542e+14 1.25838e+14
85799 7.24113e+19 3.62056e+15 1.43858e+14 1.25279e+14
85999 7.24113e+19 3.62056e+15 1.43304e+14 1.24904e+14
86199 7.24113e+19 3.62056e+15 1.42609e+14 1.24198e+14
86399 7.24113e+19 3.62056e+15 1.41984e+14 1.23986e+14
86599 7.24113e+19 3.62056e+15 1.41343e+14 1.23704e+14
86799 7.24113e+19 3.62056e+15 1.40713e+14 1.23644e+14
86999 7.24113e+19 3.62056e+15 1.40121e+14 1.23188e+14
87199 7.24113e+19 3.62056e+15 1.39442e+14 1.22862e+14
87399 7.24113e+19 3.62056e+15 1.38796e+14 1.22775e+14
87599 7.24113e+19 3.62056e+15 1.38182e+14 1.22482e+14
87799 7.24113e+19 3.62056e+15 1.37531e+14 1.22688e+14
87999 7.24113e+19 3.62056e+15 1.36895e+14 1.22047e+14
88199 7.24113e+19 3.62056e+15 1.36331e+14 1.22172e+14
88399 7.24113e+19 3.62056e+15 1.35668e+14 1.22053e+14
88599 7.24113e+19 3.62056e+15 1.35109e+14 1.21765e+14
88799 7.24113e+19 3.62056e+15 1.34609e+14 1.2183e+14
88999 7.24113e+19 3.62056e+15 1.33946e+14 1.22069e+14
89199 7.24113e+19 3.62056e+15 1.33409e+14 1.22227e+14
89399 7.24113e+19 3.62056e+15 1.32822e+14 1.22525e+14
89599 7.24113e+19 3.62056e+15 1.32366e+14 1.22514e+14
89799 7.24113e+19 3.62056e+15 1.31774e+14 1.2233e+14
89999 7.24113e+19 3.62056e+15 1.31285e+14 1.21559e+14
90199 7.24113e+19 3.62056e+15 1.30802e+14 1.20212e+14
90399 7.24113e+19 3.62056e+15 1.30286e+14 1.18881e+14
90599 7.24113e+19 3.62056e+15 1.29814e+14 1.17116e+14
90799 7.24113e+19 3.62056e+15 1.29308e+14 1.1527e+14
90999 7.24113e+19 3.62056e+15 1.2882e+14 1.13287e+14
91199 7.24113e+19 3.62056e+15 1.28336e+14 1.12185e+14
91399 7.24113e+19 3.62056e+15 1.27842e+14 1.11131e+14
91599 7.24113e+19 3.62056e+15 1.27326e+14 1.10089e+14
91799 7.24113e+19 3.62056e+15 1.26821e+14 1.0878e+14
91999 7.24113e+19 3.62056e+15 1.263e+14 1.07563e+14
92199 7.24113e+19 3.62056e+15 1.25789e+14 1.06608e+14
92399 7.24113e+19 3.62056e+15 1.25214e+14 1.05516e+14
92599 7.24113e+19 3.62056e+15 1.24654e+14 1.04522e+14
92799 7.24113e+19 3.62056e+15 1.24062e+14 1.03637e+14
92999 7.24113e+19 3.62056e+15 1.23519e+14 1.02676e+14
93199 7.24113e+19 3.62056e+15 1.22846e+14 1.02035e+14
93399 7.24113e+19 3.62056e+15 1.22227e+14 1.00949e+14
93599 7.24113e+19 3.62056e+15 1.21591e+14 1.00063e+14
93799 7.24113e+19 3.62056e+15 1.20923e+14 9.92433e+13
93999 7.24113e+19 3.62056e+15 1.20185e+14 9.82277e+13
94199 7.24113e+19 3.62056e+15 1.19424e+14 9.73479e+13
94399 7.24113e+19 3.62056e+15 1.18702e+14 9.66311e+13
94599 7.24113e+19 3.62056e+15 1.17904e+14 9.57839e+13
94799 7.24113e+19 3.62056e+15 1.17149e+14 9.51756e+13
94999 7.24113e+19 3.62056e+15 1.16378e+14 9.44207e+13
95199 7.24113e+19 3.62056e+15 1.15536e+14 9.39048e+13
95399 7.24113e+19 3.62056e+15 1.14786e+14 9.32748e+13
95599 7.24113e+19 3.62056e+15 1.13993e+14 9.27209e+13
95799 7.24113e+19 3.62056e+15 1.13211e+14 9.208e+13
95999 7.24113e+19 3.62056e+15 1.12413e+14 9.17216e+13
96199 7.24113e+19 3.62056e+15 1.11675e+14 9.1135e+13
96399 7.24113e+19 3.62056e+15 1.10914e+14 9.06408e+13
96599 7.24113e+19 3.62056e+15 1.10121e+14 9.03856e+13
96799 7.24113e+19 3.62056e+15 1.09394e+14 9.00326e+13
96999 7.24113e+19 3.62056e+15 1.08677e+14 8.96035e+13
97199 7.24113e+19 3.62056e+15 1.0796e+14 8.93863e+13
97399 7.24113e+19 3.62056e+15 1.07254e+14 8.93592e+13
97599 7.24113e+19 3.62056e+15 1.06553e+14 8.89193e+13
97799 7.24113e+19 3.62056e+15 1.05853e+14 8.8702e+13
97999 7.24113e+19 3.62056e+15 1.05141e+14 8.84033e+13
98199 7.24113e+19 3.62056e+15 1.045e+14 8.83001e+13
98399 7.24113e+19 3.62056e+15 1.03838e+14 8.82893e+13
98599 7.24113e+19 3.62056e+15 1.03154e+14 8.81589e+13
98799 7.24113e+19 3.62056e+15 1.02556e+14 8.80449e+13
98999 7.24113e+19 3.62056e+15 1.01932e+14 8.82078e+13
99199 7.24113e+19 3.62056e+15 1.01334e+14 8.83545e+13
99399 7.24113e+19 3.62056e+15 1.00682e+14 8.8588e+13
99599 7.24113e+19 3.62056e+15 1.00161e+14 8.87238e+13
99799 7.24113e+19 3.62056e+15 9.95094e+13 8.87889e+13
99999 7.24113e+19 3.62056e+15 9.90804e+13 8.88324e+13
100199 7.24113e+19 3.62056e+15 9.84776e+13 8.85445e+13
100399 7.24113e+19 3.62056e+15 9.79562e+13 8.77028e+13
100599 7.24113e+19 3.62056e+15 9.74294e+13 8.67686e+13
100799 7.24113e+19 3.62056e+15 9.69732e+13 8.54272e+13
100999 7.24113e+19 3.62056e+15 9.64844e+13 8.45311e+13
101199 7.24113e+19 3.62056e+15 9.59468e+13 8.28965e+13
101399 7.24113e+19 3.62056e+15 9.55232e+13 8.21633e+13
101599 7.24113e+19 3.62056e+15 9.50615e+13 8.09902e+13
101799 7.24113e+19 3.62056e+15 9.45456e+13 8.04308e+13
101999 7.24113e+19 3.62056e+15 9.40568e+13 7.99095e+13
102199 7.24113e+19 3.62056e+15 9.36224e+13 7.86984e+13
102399 7.24113e+19 3.62056e+15 9.31553e+13 7.76122e+13
102599 7.24113e+19 3.62056e+15 9.271e+13 7.65804e+13
102799 7.24113e+19 3.62056e+15 9.21669e+13 7.57929e+13
102999 7.24113e+19 3.62056e+15 9.16836e+13 7.49131e+13
103199 7.24113e+19 3.62056e+15 9.12111e+13 7.42288e+13
103399 7.24113e+19 3.62056e+15 9.06789e+13 7.37781e+13
103599 7.24113e+19 3.62056e+15 9.0239e+13 7.28059e+13
103799 7.24113e+19 3.62056e+15 8.9685e+13 7.21054e+13
103999 7.24113e+19 3.62056e+15 8.91691e+13 7.10029e+13
104199 7.24113e+19 3.62056e+15 8.86369e+13 7.04815e+13
104399 7.24113e+19 3.62056e+15 8.80449e+13 6.97375e+13
104599 7.24113e+19 3.62056e+15 8.75344e+13 6.88469e+13
104799 7.24113e+19 3.62056e+15 8.69642e+13 6.82929e+13
104999 7.24113e+19 3.62056e+15 8.63885e+13 6.76466e+13
105199 7.24113e+19 3.62056e+15 8.58074e+13 6.72448e+13
105399 7.24113e+19 3.62056e+15 8.51883e+13 6.66419e+13
105599 7.24113e+19 3.62056e+15 8.46343e+13 6.6164e+13
105799 7.24113e+19 3.62056e+15 8.39881e+13 6.58327e+13
105999 7.24113e+19 3.62056e+15 8.3407e+13 6.55775e+13
106199 7.24113e+19 3.62056e+15 8.2739e+13 6.5067e+13
106399 7.24113e+19 3.62056e+15 8.22013e+13 6.44207e+13
106599 7.24113e+19 3.62056e+15 8.1517e+13 6.39862e+13
106799 7.24113e+19 3.62056e+15 8.08816e+13 6.39699e+13
106999 7.24113e+19 3.62056e+15 8.02625e+13 6.35518e+13
107199 7.24113e+19 3.62056e+15 7.95239e+13 6.3454e+13
107399 7.24113e+19 3.62056e+15 7.89645e+13 6.30793e+13
107599 7.24113e+19 3.62056e+15 7.834e+13 6.30902e+13
107799 7.24113e+19 3.62056e+15 7.7672e+13 6.29381e+13
107999 7.24113e+19 3.62056e+15 7.70692e+13 6.28403e+13
108199 7.24113e+19 3.62056e+15 7.64283e+13 6.28186e+13
108399 7.24113e+19 3.62056e+15 7.58201e+13 6.25959e+13
108599 7.24113e+19 3.62056e+15 7.52009e+13 6.28132e+13
108799 7.24113e+19 3.62056e+15 7.46253e+13 6.26991e+13
108999 7.24113e+19 3.62056e+15 7.40387e+13 6.27969e+13
109199 7.24113e+19 3.62056e+15 7.35011e+13 6.29109e+13
109399 7.24113e+19 3.62056e+15 7.2958e+13 6.32585e+13
109599 7.24113e+19 3.62056e+15 7.23769e+13 6.28403e+13
109799 7.24113e+19 3.62056e+15 7.18664e+13 6.23407e+13
109999 7.24113e+19 3.62056e+15 7.13287e+13 6.13306e+13
110199 7.24113e+19 3.62056e+15 7.08291e+13 6.01901e+13
110399 7.24113e+19 3.62056e+15 7.03512e+13 5.87998e+13
110599 7.24113e+19 3.62056e+15 6.98461e+13 5.78765e+13
110799 7.24113e+19 3.62056e+15 6.93954e+13 5.6508e+13
110999 7.24113e+19 3.62056e+15 6.89012e+13 5.54435e+13
111199 7.24113e+19 3.62056e+15 6.84124e+13 5.44171e+13
111399 7.24113e+19 3.62056e+15 6.79453e+13 5.3635e+13
111599 7.24113e+19 3.62056e+15 6.74728e+13 5.23805e+13
111799 7.24113e+19 3.62056e+15 6.69461e+13 5.14464e+13
111999 7.24113e+19 3.62056e+15 6.64844e+13 5.06589e+13
112199 7.24113e+19 3.62056e+15 6.59848e+13 4.95728e+13
112399 7.24113e+19 3.62056e+15 6.54906e+13 4.87907e+13
112599 7.24113e+19 3.62056e+15 6.5029e+13 4.82857e+13
112799 7.24113e+19 3.62056e+15 6.44587e+13 4.71669e+13
112999 7.24113e+19 3.62056e+15 6.39917e+13 4.64446e+13
113199 7.24113e+19 3.62056e+15 6.34214e+13 4.57875e+13
113399 7.24113e+19 3.62056e+15 6.29001e+13 4.50217e+13
113599 7.24113e+19 3.62056e+15 6.2357e+13 4.43483e+13
113799 7.24113e+19 3.62056e+15 6.18682e+13 4.36857e+13
113999 7.24113e+19 3.62056e+15 6.126e+13 4.31372e+13
114199 7.24113e+19 3.62056e+15 6.07169e+13 4.25887e+13
114399 7.24113e+19 3.62056e+15 6.01466e+13 4.20945e+13
114599 7.24113e+19 3.62056e+15 5.95438e+13 4.15134e+13
114799 7.24113e+19 3.62056e+15 5.90333e+13 4.09269e+13
114999 7.24113e+19 3.62056e+15 5.84902e+13 4.04544e+13
115199 7.24113e+19 3.62056e+15 5.78385e+13 3.98841e+13
115399 7.24113e+19 3.62056e+15 5.72791e+13 3.93302e+13
115599 7.24113e+19 3.62056e+15 5.67089e+13 3.89175e+13
115799 7.24113e+19 3.62056e+15 5.61061e+13 3.85156e+13
115999 7.24113e+19 3.62056e+15 5.55521e+13 3.80974e+13
116199 7.24113e+19 3.62056e+15 5.49276e+13 3.77009e+13
116399 7.24113e+19 3.62056e+15 5.43411e+13 3.73262e+13
116599 7.24113e+19 3.62056e+15 5.37925e+13 3.69841e+13
116799 7.24113e+19 3.62056e+15 5.31951e+13 3.66582e+13
116999 7.24113e+19 3.62056e+15 5.26303e+13 3.62781e+13
117199 7.24113e+19 3.62056e+15 5.20004e+13 3.61477e+13
117399 7.24113e+19 3.62056e+15 5.14356e+13 3.59305e+13
117599 7.24113e+19 3.62056e+15 5.08382e+13 3.57404e+13
117799 7.24113e+19 3.62056e+15 5.02679e+13 3.55829e+13
117999 7.24113e+19 3.62056e+15 4.9714e+13 3.51647e+13
118199 7.24113e+19 3.62056e+15 4.91872e+13 3.5105e+13
118399 7.24113e+19 3.62056e+15 4.86007e+13 3.50561e+13
118599 7.24113e+19 3.62056e+15 4.80521e+13 3.48769e+13
118799 7.24113e+19 3.62056e+15 4.7471e+13 3.47791e+13
118999 7.24113e+19 3.62056e+15 4.69442e+13 3.46868e+13
119199 7.24113e+19 3.62056e+15 4.64337e+13 3.44642e+13
119399 7.24113e+19 3.62056e+15 4.59721e+13 3.43718e+13
119599 7.24113e+19 3.62056e+15 4.5429e+13 3.43827e+13
119799 7.24113e+19 3.62056e+15 4.49783e+13 3.45456e+13
119999 7.24113e+19 3.62056e+15 4.45221e+13 3.44261e+13
