Iteration / Neutral Density / Excited Density / Ion Density / Electron Density
0 7.24071e+19 3.62036e+15 5.43053e+14 5.43053e+14 0
200 7.24071e+19 3.60311e+15 5.42673e+14 4.86196e+14 2.08121
400 7.24071e+19 3.58943e+15 5.39958e+14 4.88477e+14 1.97164
600 7.24071e+19 3.57783e+15 5.37569e+14 4.89726e+14 1.83309
800 7.24071e+19 3.56727e+15 5.3279e+14 4.85544e+14 3.05863
1000 7.24071e+19 3.55773e+15 5.28282e+14 4.85653e+14 1.99374
1200 7.24071e+19 3.54862e+15 5.23504e+14 4.78756e+14 2.87131
1400 7.24071e+19 3.54014e+15 5.18562e+14 4.77724e+14 2.06881
1600 7.24071e+19 3.53234e+15 5.13946e+14 4.7099e+14 2.38293
1800 7.24071e+19 3.52478e+15 5.09982e+14 4.69035e+14 2.31421
2000 7.24071e+19 3.51751e+15 5.05528e+14 4.63931e+14 2.0603
2200 7.24071e+19 3.51049e+15 5.01075e+14 4.60075e+14 2.17488
2400 7.24071e+19 3.50368e+15 4.97546e+14 4.56708e+14 2.28223
2600 7.24072e+19 3.49716e+15 4.94233e+14 4.53993e+14 2.26781
2800 7.24072e+19 3.49091e+15 4.90757e+14 4.50843e+14 2.26794
3000 7.24072e+19 3.48485e+15 4.87391e+14 4.47367e+14 2.21261
3200 7.24072e+19 3.47892e+15 4.84295e+14 4.45087e+14 2.21003
3400 7.24072e+19 3.47321e+15 4.81254e+14 4.41611e+14 2.13294
3600 7.24072e+19 3.46764e+15 4.78376e+14 4.38787e+14 2.14489
3800 7.24072e+19 3.46216e+15 4.75661e+14 4.36289e+14 2.15313
4000 7.24072e+19 3.45692e+15 4.72782e+14 4.33737e+14 2.18697
4200 7.24072e+19 3.45164e+15 4.70393e+14 4.31347e+14 2.20815
4400 7.24072e+19 3.44652e+15 4.67949e+14 4.29718e+14 2.19655
4600 7.24072e+19 3.44162e+15 4.65397e+14 4.27818e+14 2.20421
4800 7.24072e+19 3.43665e+15 4.62953e+14 4.25428e+14 2.14442
5000 7.24072e+19 3.43178e+15 4.60455e+14 4.23962e+14 2.26074
5200 7.24072e+19 3.42705e+15 4.58446e+14 4.2255e+14 2.2647
5400 7.24072e+19 3.42245e+15 4.56274e+14 4.21084e+14 2.26271
5600 7.24072e+19 3.41794e+15 4.54047e+14 4.19455e+14 2.34153
5800 7.24072e+19 3.41345e+15 4.51821e+14 4.17825e+14 2.31679
6000 7.24072e+19 3.40903e+15 4.49974e+14 4.16576e+14 2.24367
6200 7.24072e+19 3.40468e+15 4.47639e+14 4.15219e+14 2.33815
6400 7.24072e+19 3.40045e+15 4.4601e+14 4.1397e+14 2.26177
6600 7.24072e+19 3.39617e+15 4.44163e+14 4.12721e+14 2.28855
6800 7.24072e+19 3.39201e+15 4.42208e+14 4.12123e+14 2.31811
7000 7.24072e+19 3.38791e+15 4.40688e+14 4.11254e+14 2.27703
7200 7.24072e+19 3.38381e+15 4.38624e+14 4.10168e+14 2.34006
7400 7.24072e+19 3.37987e+15 4.37049e+14 4.09462e+14 2.32866
7600 7.24072e+19 3.37598e+15 4.35366e+14 4.08648e+14 2.30769
7800 7.24072e+19 3.37203e+15 4.34063e+14 4.07399e+14 2.3669
8000 7.24072e+19 3.36813e+15 4.32433e+14 4.07236e+14 2.42209
8200 7.24072e+19 3.36438e+15 4.30696e+14 4.07344e+14 2.44834
8400 7.24072e+19 3.36062e+15 4.29447e+14 4.07182e+14 2.49868
8600 7.24072e+19 3.35707e+15 4.28306e+14 4.06638e+14 2.48132
8800 7.24072e+19 3.35345e+15 4.26731e+14 4.06313e+14 2.54664
9000 7.24072e+19 3.34982e+15 4.25971e+14 4.0577e+14 2.57984
9200 7.24072e+19 3.34628e+15 4.24668e+14 4.05987e+14 2.68136
9400 7.24072e+19 3.34289e+15 4.23365e+14 4.0615e+14 2.94865
9600 7.24072e+19 3.33942e+15 4.22224e+14 4.05715e+14 3.05547
9800 7.24072e+19 3.33615e+15 4.21301e+14 4.0414e+14 3.25991
10000 7.24072e+19 3.33297e+15 4.20106e+14 4.02348e+14 3.33432
10200 7.24072e+19 3.32983e+15 4.19455e+14 3.99253e+14 3.37765
10400 7.24072e+19 3.32677e+15 4.18043e+14 3.97244e+14 3.33485
10600 7.24072e+19 3.32374e+15 4.17174e+14 3.94474e+14 3.32028
10800 7.24072e+19 3.32074e+15 4.16359e+14 3.9203e+14 3.33374
11000 7.24072e+19 3.31788e+15 4.1549e+14 3.89804e+14 3.34965
11200 7.24072e+19 3.31461e+15 4.14404e+14 3.8698e+14 3.30184
11400 7.24072e+19 3.31165e+15 4.13372e+14 3.84862e+14 3.25938
11600 7.24072e+19 3.30855e+15 4.12286e+14 3.82907e+14 3.37346
11800 7.24072e+19 3.30542e+15 4.11037e+14 3.80518e+14 3.25599
12000 7.24072e+19 3.30297e+15 4.09951e+14 3.78508e+14 3.21745
12200 7.24072e+19 3.30032e+15 4.08376e+14 3.76662e+14 3.2482
12400 7.24072e+19 3.29748e+15 4.06964e+14 3.74055e+14 3.07908
12600 7.24071e+19 3.29439e+15 4.0577e+14 3.71612e+14 3.08413
12800 7.24071e+19 3.2916e+15 4.04249e+14 3.69874e+14 3.11875
13000 7.24071e+19 3.28889e+15 4.02728e+14 3.67919e+14 3.11141
13200 7.24071e+19 3.28626e+15 4.01099e+14 3.65855e+14 3.00123
13400 7.24071e+19 3.28332e+15 3.9947e+14 3.64117e+14 3.04563
13600 7.24071e+19 3.28084e+15 3.97787e+14 3.62054e+14 3.07978
13800 7.24071e+19 3.27795e+15 3.96158e+14 3.60859e+14 3.09265
14000 7.24071e+19 3.27508e+15 3.94365e+14 3.59121e+14 3.07446
14200 7.24071e+19 3.2725e+15 3.92465e+14 3.57058e+14 2.97915
14400 7.24071e+19 3.26988e+15 3.90564e+14 3.55157e+14 2.95976
14600 7.24071e+19 3.26739e+15 3.88826e+14 3.53908e+14 3.0583
14800 7.24071e+19 3.26482e+15 3.87034e+14 3.52605e+14 3.08659
15000 7.24071e+19 3.26221e+15 3.85405e+14 3.50704e+14 2.94357
15200 7.24071e+19 3.25972e+15 3.83939e+14 3.50107e+14 2.94969
15400 7.24071e+19 3.25704e+15 3.81984e+14 3.48803e+14 3.02583
15600 7.24071e+19 3.25432e+15 3.80192e+14 3.47771e+14 2.93302
15800 7.24071e+19 3.25167e+15 3.78671e+14 3.46685e+14 2.99369
16000 7.24071e+19 3.24915e+15 3.77042e+14 3.45382e+14 2.96396
16200 7.24071e+19 3.24675e+15 3.75684e+14 3.44405e+14 2.9924
16400 7.24071e+19 3.24421e+15 3.74435e+14 3.43807e+14 2.91932
16600 7.24071e+19 3.24163e+15 3.72915e+14 3.43047e+14 2.993
16800 7.24071e+19 3.23918e+15 3.71231e+14 3.42287e+14 3.10599
17000 7.24071e+19 3.23663e+15 3.69819e+14 3.41906e+14 3.03379
17200 7.24071e+19 3.23409e+15 3.68516e+14 3.41255e+14 3.0884
17400 7.24071e+19 3.23158e+15 3.66996e+14 3.40875e+14 3.01537
17600 7.24071e+19 3.22913e+15 3.65584e+14 3.40386e+14 2.92235
17800 7.24071e+19 3.22669e+15 3.64443e+14 3.4044e+14 2.93116
18000 7.24071e+19 3.22427e+15 3.63248e+14 3.40114e+14 2.9761
18200 7.24071e+19 3.22176e+15 3.61945e+14 3.40006e+14 3.01035
18400 7.24071e+19 3.21937e+15 3.60913e+14 3.39734e+14 2.96481
18600 7.24071e+19 3.21704e+15 3.60099e+14 3.3968e+14 2.94324
18800 7.24071e+19 3.21462e+15 3.58904e+14 3.39951e+14 2.9789
19000 7.24071e+19 3.21244e+15 3.57709e+14 3.4044e+14 3.02068
19200 7.24071e+19 3.20999e+15 3.56895e+14 3.40277e+14 2.99831
19400 7.24071e+19 3.20755e+15 3.56134e+14 3.40386e+14 3.09696
19600 7.24071e+19 3.20524e+15 3.55157e+14 3.41363e+14 3.14092
19800 7.24071e+19 3.20294e+15 3.54288e+14 3.41798e+14 3.20445
20000 7.24071e+19 3.20082e+15 3.53636e+14 3.42341e+14 3.30254
20200 7.24071e+19 3.19887e+15 3.52768e+14 3.43156e+14 3.42115
20400 7.24071e+19 3.19655e+15 3.52062e+14 3.42015e+14 3.47395
20600 7.24071e+19 3.19446e+15 3.51464e+14 3.40929e+14 3.44199
20800 7.24071e+19 3.19238e+15 3.50758e+14 3.38648e+14 3.41564
21000 7.24071e+19 3.19021e+15 3.50161e+14 3.37453e+14 3.34078
21200 7.24071e+19 3.18815e+15 3.49346e+14 3.36693e+14 3.32176
21400 7.24071e+19 3.18594e+15 3.49129e+14 3.33761e+14 3.22991
21600 7.24071e+19 3.18364e+15 3.4864e+14 3.3224e+14 3.1863
21800 7.24071e+19 3.18167e+15 3.47934e+14 3.30611e+14 3.17398
22000 7.2407e+19 3.17949e+15 3.47337e+14 3.29145e+14 3.15551
22200 7.2407e+19 3.17722e+15 3.46903e+14 3.28439e+14 3.09831
22400 7.2407e+19 3.17512e+15 3.46142e+14 3.26158e+14 3.11602
22600 7.2407e+19 3.17303e+15 3.45545e+14 3.24855e+14 3.07387
22800 7.2407e+19 3.17111e+15 3.44785e+14 3.23714e+14 3.06031
23000 7.2407e+19 3.16898e+15 3.44242e+14 3.22519e+14 3.11547
23200 7.2407e+19 3.16698e+15 3.43536e+14 3.21868e+14 3.08222
23400 7.2407e+19 3.16466e+15 3.42721e+14 3.20239e+14 3.12251
23600 7.2407e+19 3.16245e+15 3.42015e+14 3.19315e+14 3.1795
23800 7.2407e+19 3.16048e+15 3.41201e+14 3.18609e+14 3.09458
24000 7.2407e+19 3.15845e+15 3.40657e+14 3.16817e+14 3.06479
24200 7.2407e+19 3.15622e+15 3.39626e+14 3.15894e+14 3.11184
24400 7.2407e+19 3.15422e+15 3.38811e+14 3.14808e+14 3.07719
24600 7.2407e+19 3.15212e+15 3.38051e+14 3.13559e+14 3.00074
24800 7.2407e+19 3.14997e+15 3.37291e+14 3.12527e+14 3.01808
25000 7.2407e+19 3.14799e+15 3.36313e+14 3.11387e+14 3.05557
25200 7.2407e+19 3.14586e+15 3.35498e+14 3.11115e+14 3.06973
25400 7.2407e+19 3.14385e+15 3.34467e+14 3.10627e+14 3.01348
25600 7.2407e+19 3.1419e+15 3.33381e+14 3.09486e+14 3.03084
25800 7.2407e+19 3.14006e+15 3.3262e+14 3.08943e+14 2.98334
26000 7.2407e+19 3.13802e+15 3.31588e+14 3.08943e+14 2.98867
26200 7.2407e+19 3.1361e+15 3.30557e+14 3.084e+14 2.96538
26400 7.2407e+19 3.13418e+15 3.29742e+14 3.07857e+14 2.96558
26600 7.2407e+19 3.13222e+15 3.28765e+14 3.0764e+14 3.08432
26800 7.2407e+19 3.13026e+15 3.27787e+14 3.07151e+14 3.03007
27000 7.2407e+19 3.12809e+15 3.26973e+14 3.06174e+14 2.99246
27200 7.2407e+19 3.1261e+15 3.25995e+14 3.05468e+14 2.99038
27400 7.2407e+19 3.12422e+15 3.25235e+14 3.05142e+14 3.05666
27600 7.2407e+19 3.12224e+15 3.24257e+14 3.05522e+14 3.03065
27800 7.2407e+19 3.12027e+15 3.23497e+14 3.04816e+14 3.05298
28000 7.2407e+19 3.11836e+15 3.22737e+14 3.04925e+14 3.10662
28200 7.2407e+19 3.11646e+15 3.21868e+14 3.04979e+14 3.11879
28400 7.2407e+19 3.11467e+15 3.21162e+14 3.04979e+14 3.11957
28600 7.2407e+19 3.11273e+15 3.20293e+14 3.05359e+14 3.18965
28800 7.2407e+19 3.1109e+15 3.19641e+14 3.05522e+14 3.30481
29000 7.2407e+19 3.10903e+15 3.19044e+14 3.05793e+14 3.28776
29200 7.2407e+19 3.10711e+15 3.18392e+14 3.05956e+14 3.25496
29400 7.2407e+19 3.10547e+15 3.17632e+14 3.06499e+14 3.39987
29600 7.2407e+19 3.10367e+15 3.17089e+14 3.07423e+14 3.53323
29800 7.2407e+19 3.10199e+15 3.16383e+14 3.07368e+14 3.60926
30000 7.2407e+19 3.10026e+15 3.16057e+14 3.05631e+14 3.77975
30200 7.2407e+19 3.09859e+15 3.15351e+14 3.05033e+14 3.87096
30400 7.2407e+19 3.09681e+15 3.147e+14 3.03784e+14 3.93003
30600 7.2407e+19 3.09538e+15 3.14211e+14 3.01666e+14 3.95935
30800 7.24069e+19 3.09378e+15 3.13722e+14 3.0058e+14 3.94507
31000 7.24069e+19 3.09219e+15 3.13233e+14 2.98788e+14 3.77199
31200 7.24069e+19 3.09071e+15 3.12745e+14 2.97376e+14 3.64897
31400 7.24069e+19 3.08892e+15 3.12364e+14 2.9553e+14 3.63002
31600 7.24069e+19 3.08767e+15 3.11876e+14 2.94444e+14 3.66026
31800 7.24069e+19 3.08598e+15 3.11224e+14 2.92977e+14 3.53495
32000 7.24069e+19 3.08442e+15 3.10844e+14 2.92108e+14 3.58297
32200 7.24069e+19 3.08264e+15 3.10464e+14 2.90914e+14 3.45159
32400 7.24069e+19 3.08087e+15 3.09866e+14 2.8961e+14 3.49194
32600 7.24069e+19 3.07933e+15 3.09486e+14 2.88361e+14 3.45615
32800 7.24069e+19 3.07752e+15 3.08835e+14 2.87384e+14 3.37845
33000 7.24069e+19 3.07593e+15 3.08291e+14 2.857e+14 3.37086
33200 7.24069e+19 3.07429e+15 3.07694e+14 2.84777e+14 3.29258
33400 7.24069e+19 3.07272e+15 3.0726e+14 2.83691e+14 3.25906
33600 7.24069e+19 3.0712e+15 3.06445e+14 2.82768e+14 3.2097
33800 7.24069e+19 3.06937e+15 3.05956e+14 2.81736e+14 3.28901
34000 7.24069e+19 3.06776e+15 3.05087e+14 2.80867e+14 3.23566
34200 7.24069e+19 3.06609e+15 3.04436e+14 2.79564e+14 3.16345
34400 7.24069e+19 3.06433e+15 3.03567e+14 2.79021e+14 3.24047
34600 7.24069e+19 3.06257e+15 3.02915e+14 2.77935e+14 3.15411
34800 7.24069e+19 3.06093e+15 3.02101e+14 2.7712e+14 3.20576
35000 7.24069e+19 3.05918e+15 3.01286e+14 2.7636e+14 3.18043
35200 7.24069e+19 3.05744e+15 3.00309e+14 2.76088e+14 3.12493
35400 7.24069e+19 3.05564e+15 2.99603e+14 2.75545e+14 3.18153
35600 7.24068e+19 3.05402e+15 2.98788e+14 2.74894e+14 3.21414
35800 7.24068e+19 3.05251e+15 2.97919e+14 2.74188e+14 3.07029
36000 7.24068e+19 3.0509e+15 2.96779e+14 2.73482e+14 3.13088
36200 7.24068e+19 3.04923e+15 2.9591e+14 2.73047e+14 3.13705
36400 7.24068e+19 3.04757e+15 2.95041e+14 2.72993e+14 3.07804
36600 7.24068e+19 3.04597e+15 2.94226e+14 2.72124e+14 3.02913
36800 7.24068e+19 3.04426e+15 2.93357e+14 2.72015e+14 3.08109
37000 7.24068e+19 3.04251e+15 2.92652e+14 2.7169e+14 3.11812
37200 7.24068e+19 3.04092e+15 2.91891e+14 2.71255e+14 3.12348
37400 7.24068e+19 3.0394e+15 2.91022e+14 2.7131e+14 3.15687
37600 7.24068e+19 3.03771e+15 2.90371e+14 2.71038e+14 3.18252
37800 7.24068e+19 3.03614e+15 2.89393e+14 2.70929e+14 3.18122
38000 7.24068e+19 3.03452e+15 2.88687e+14 2.70712e+14 3.09646
38200 7.24068e+19 3.03285e+15 2.87818e+14 2.70604e+14 3.18946
38400 7.24068e+19 3.03119e+15 2.87112e+14 2.70712e+14 3.26646
38600 7.24068e+19 3.02953e+15 2.86678e+14 2.7131e+14 3.28272
38800 7.24068e+19 3.02798e+15 2.85592e+14 2.71201e+14 3.30507
39000 7.24068e+19 3.02649e+15 2.84994e+14 2.71147e+14 3.30655
39200 7.24068e+19 3.02474e+15 2.84289e+14 2.7169e+14 3.43229
39400 7.24068e+19 3.02326e+15 2.83745e+14 2.71472e+14 3.54128
39600 7.24068e+19 3.0219e+15 2.83257e+14 2.72287e+14 3.62908
39800 7.24068e+19 3.0207e+15 2.82659e+14 2.73102e+14 3.93799
40000 7.24068e+19 3.01918e+15 2.82225e+14 2.74296e+14 4.14485
40200 7.24068e+19 3.01821e+15 2.81573e+14 2.74568e+14 4.46185
40400 7.24068e+19 3.01686e+15 2.80976e+14 2.74676e+14 4.66201
40600 7.24067e+19 3.01628e+15 2.80541e+14 2.74514e+14 4.75576
40800 7.24067e+19 3.01521e+15 2.80216e+14 2.7321e+14 4.61923
41000 7.24067e+19 3.01441e+15 2.79673e+14 2.72015e+14 4.37071
41200 7.24067e+19 3.01346e+15 2.79292e+14 2.70821e+14 4.2453
41400 7.24067e+19 3.01196e+15 2.78749e+14 2.68866e+14 4.06795
41600 7.24067e+19 3.01053e+15 2.78369e+14 2.67291e+14 3.97171
41800 7.24067e+19 3.00921e+15 2.77935e+14 2.66694e+14 3.80353
42000 7.24067e+19 3.00811e+15 2.77555e+14 2.65336e+14 3.69023
42200 7.24067e+19 3.00684e+15 2.7712e+14 2.63164e+14 3.48946
42400 7.24067e+19 3.00559e+15 2.76794e+14 2.60992e+14 3.47568
42600 7.24067e+19 3.00412e+15 2.76251e+14 2.6034e+14 3.53231
42800 7.24067e+19 3.00266e+15 2.75708e+14 2.59417e+14 3.43869
43000 7.24067e+19 3.00131e+15 2.7522e+14 2.58493e+14 3.45187
43200 7.24066e+19 2.99985e+15 2.74676e+14 2.5757e+14 3.34216
43400 7.24066e+19 2.99846e+15 2.74296e+14 2.56321e+14 3.28972
43600 7.24066e+19 2.99679e+15 2.73862e+14 2.55235e+14 3.25705
43800 7.24066e+19 2.9954e+15 2.73319e+14 2.54095e+14 3.31243
44000 7.24066e+19 2.99385e+15 2.72721e+14 2.53334e+14 3.25191
44200 7.24066e+19 2.99231e+15 2.72178e+14 2.52194e+14 3.36959
44400 7.24066e+19 2.99093e+15 2.71635e+14 2.51542e+14 3.29651
44600 7.24066e+19 2.98956e+15 2.70712e+14 2.50782e+14 3.21905
44800 7.24066e+19 2.98802e+15 2.69952e+14 2.50185e+14 3.17243
45000 7.24066e+19 2.9866e+15 2.69409e+14 2.50619e+14 3.23478
45200 7.24066e+19 2.98508e+15 2.68866e+14 2.49153e+14 3.19322
45400 7.24066e+19 2.98372e+15 2.68051e+14 2.48121e+14 3.16768
45600 7.24066e+19 2.98231e+15 2.674e+14 2.48121e+14 3.2161
45800 7.24066e+19 2.98096e+15 2.66476e+14 2.47035e+14 3.10791
46000 7.24066e+19 2.9795e+15 2.65879e+14 2.46709e+14 3.12478
46200 7.24066e+19 2.97826e+15 2.65119e+14 2.46764e+14 3.05636
46400 7.24066e+19 2.97709e+15 2.64467e+14 2.45677e+14 3.079
46600 7.24066e+19 2.97569e+15 2.63761e+14 2.45623e+14 3.09726
46800 7.24066e+19 2.97441e+15 2.63055e+14 2.44754e+14 2.98062
47000 7.24066e+19 2.97292e+15 2.62403e+14 2.44537e+14 3.08869
47200 7.24066e+19 2.97165e+15 2.61535e+14 2.44809e+14 3.11823
47400 7.24066e+19 2.97016e+15 2.60937e+14 2.43777e+14 3.24916
47600 7.24066e+19 2.96878e+15 2.6034e+14 2.44157e+14 3.27215
47800 7.24066e+19 2.96736e+15 2.59634e+14 2.447e+14 3.29499
48000 7.24066e+19 2.96604e+15 2.59091e+14 2.447e+14 3.40691
48200 7.24066e+19 2.96479e+15 2.58331e+14 2.44646e+14 3.35291
48400 7.24066e+19 2.96331e+15 2.57679e+14 2.4432e+14 3.3952
48600 7.24066e+19 2.96184e+15 2.57027e+14 2.44591e+14 3.43076
48800 7.24066e+19 2.96054e+15 2.56647e+14 2.45243e+14 3.5755
49000 7.24066e+19 2.95941e+15 2.55941e+14 2.45514e+14 3.56737
49200 7.24065e+19 2.95805e+15 2.55344e+14 2.46329e+14 3.80036
49400 7.24065e+19 2.95692e+15 2.54909e+14 2.47035e+14 3.85308
49600 7.24065e+19 2.95606e+15 2.54312e+14 2.47578e+14 4.08261
49800 7.24065e+19 2.95542e+15 2.53823e+14 2.47307e+14 4.52449
50000 7.24065e+19 2.95461e+15 2.5328e+14 2.46058e+14 4.88779
50200 7.24065e+19 2.95375e+15 2.52846e+14 2.4508e+14 5.07699
50400 7.24065e+19 2.95323e+15 2.52466e+14 2.43994e+14 5.02948
50600 7.24065e+19 2.95265e+15 2.51868e+14 2.43397e+14 4.94785
50800 7.24065e+19 2.9517e+15 2.51488e+14 2.40518e+14 4.96328
51000 7.24064e+19 2.95069e+15 2.51108e+14 2.39975e+14 4.6661
51200 7.24064e+19 2.9498e+15 2.50673e+14 2.38944e+14 4.55649
51400 7.24064e+19 2.94908e+15 2.50185e+14 2.37586e+14 4.24881
51600 7.24064e+19 2.94819e+15 2.49913e+14 2.35414e+14 4.01311
51800 7.24064e+19 2.94709e+15 2.49262e+14 2.34165e+14 3.78115
52000 7.24064e+19 2.94578e+15 2.4899e+14 2.3259e+14 3.60177
52200 7.24064e+19 2.94485e+15 2.48719e+14 2.31667e+14 3.49209
52400 7.24064e+19 2.94371e+15 2.4823e+14 2.30635e+14 3.4502
52600 7.24064e+19 2.94224e+15 2.47795e+14 2.29983e+14 3.44058
52800 7.24064e+19 2.94137e+15 2.47469e+14 2.29277e+14 3.31564
53000 7.24064e+19 2.94002e+15 2.47035e+14 2.27648e+14 3.20988
53200 7.24064e+19 2.93878e+15 2.46383e+14 2.27376e+14 3.28552
53400 7.24064e+19 2.93759e+15 2.45949e+14 2.26453e+14 3.30018
53600 7.24064e+19 2.93636e+15 2.45623e+14 2.25204e+14 3.12853
53800 7.24063e+19 2.93507e+15 2.4508e+14 2.24553e+14 3.15386
54000 7.24063e+19 2.93367e+15 2.44591e+14 2.23738e+14 3.16626
54200 7.24063e+19 2.93239e+15 2.44157e+14 2.22761e+14 3.2488
54400 7.24063e+19 2.93117e+15 2.43614e+14 2.21566e+14 3.15493
54600 7.24063e+19 2.92984e+15 2.42908e+14 2.21946e+14 3.078
54800 7.24063e+19 2.92845e+15 2.42365e+14 2.20806e+14 3.02088
55000 7.24063e+19 2.92735e+15 2.41713e+14 2.20371e+14 3.08513
55200 7.24063e+19 2.92602e+15 2.41007e+14 2.19339e+14 3.18836
55400 7.24063e+19 2.92476e+15 2.4041e+14 2.19122e+14 3.14675
55600 7.24063e+19 2.92366e+15 2.39704e+14 2.17927e+14 3.05091
55800 7.24063e+19 2.92256e+15 2.38998e+14 2.18199e+14 3.10901
56000 7.24063e+19 2.92107e+15 2.38183e+14 2.17113e+14 2.96995
56200 7.24063e+19 2.9197e+15 2.3764e+14 2.1695e+14 3.15296
56400 7.24063e+19 2.91843e+15 2.36989e+14 2.16624e+14 3.15689
56600 7.24063e+19 2.91718e+15 2.36065e+14 2.16841e+14 3.20157
56800 7.24063e+19 2.91625e+15 2.35468e+14 2.15809e+14 3.04532
57000 7.24063e+19 2.91494e+15 2.34762e+14 2.15864e+14 3.08674
57200 7.24063e+19 2.91381e+15 2.34056e+14 2.15972e+14 3.14825
57400 7.24063e+19 2.91267e+15 2.33567e+14 2.15592e+14 3.11191
57600 7.24063e+19 2.91149e+15 2.32861e+14 2.15484e+14 3.17715
57800 7.24063e+19 2.91014e+15 2.32264e+14 2.14941e+14 3.05374
58000 7.24063e+19 2.90891e+15 2.31612e+14 2.15158e+14 3.1665
58200 7.24063e+19 2.90779e+15 2.30906e+14 2.15266e+14 3.20648
58400 7.24063e+19 2.90656e+15 2.30309e+14 2.15321e+14 3.30209
58600 7.24063e+19 2.90533e+15 2.29983e+14 2.15158e+14 3.40254
58800 7.24062e+19 2.90416e+15 2.29331e+14 2.15647e+14 3.42004
59000 7.24062e+19 2.90294e+15 2.28626e+14 2.16027e+14 3.60042
59200 7.24062e+19 2.90232e+15 2.28137e+14 2.16135e+14 3.9362
59400 7.24062e+19 2.90149e+15 2.27757e+14 2.16678e+14 3.92753
59600 7.24062e+19 2.90049e+15 2.26942e+14 2.18199e+14 4.1064
59800 7.24062e+19 2.89983e+15 2.26616e+14 2.18959e+14 4.64678
60000 7.24062e+19 2.89938e+15 2.26073e+14 2.19665e+14 5.0287
60200 7.24062e+19 2.89877e+15 2.25693e+14 2.19557e+14 4.93568
60400 7.24062e+19 2.89811e+15 2.24987e+14 2.19719e+14 4.7519
60600 7.24062e+19 2.89767e+15 2.24824e+14 2.19774e+14 4.69662
60800 7.24061e+19 2.89717e+15 2.24281e+14 2.19882e+14 4.59863
61000 7.24061e+19 2.89613e+15 2.23792e+14 2.19122e+14 4.78652
61200 7.24061e+19 2.89531e+15 2.23575e+14 2.1771e+14 4.85878
61400 7.24061e+19 2.89444e+15 2.23141e+14 2.16407e+14 4.5208
61600 7.24061e+19 2.8932e+15 2.22815e+14 2.13963e+14 4.15524
61800 7.24061e+19 2.89228e+15 2.22435e+14 2.1228e+14 4.03324
62000 7.24061e+19 2.89137e+15 2.22e+14 2.10542e+14 3.73572
62200 7.24061e+19 2.89034e+15 2.21566e+14 2.09727e+14 3.78031
62400 7.24061e+19 2.88916e+15 2.21186e+14 2.08587e+14 3.6583
62600 7.24061e+19 2.88793e+15 2.2086e+14 2.07229e+14 3.66665
62800 7.24061e+19 2.8868e+15 2.20425e+14 2.0636e+14 3.55149
63000 7.24061e+19 2.88579e+15 2.20154e+14 2.0522e+14 3.61164
63200 7.2406e+19 2.88461e+15 2.19665e+14 2.03699e+14 3.52584
63400 7.2406e+19 2.88339e+15 2.19285e+14 2.03862e+14 3.46754
63600 7.2406e+19 2.88232e+15 2.18851e+14 2.02776e+14 3.40003
63800 7.2406e+19 2.88143e+15 2.18416e+14 2.01744e+14 3.42283
64000 7.2406e+19 2.88037e+15 2.17927e+14 2.0207e+14 3.47784
64200 7.2406e+19 2.87948e+15 2.17493e+14 2.01147e+14 3.38978
64400 7.2406e+19 2.87836e+15 2.17004e+14 1.99681e+14 3.39044
64600 7.2406e+19 2.8772e+15 2.16461e+14 1.98758e+14 3.42241
64800 7.2406e+19 2.87599e+15 2.15864e+14 1.97997e+14 3.46543
65000 7.2406e+19 2.87467e+15 2.15375e+14 1.97671e+14 3.32739
65200 7.2406e+19 2.87346e+15 2.14832e+14 1.97834e+14 3.39863
65400 7.2406e+19 2.87247e+15 2.14343e+14 1.96911e+14 3.33966
65600 7.2406e+19 2.87132e+15 2.13909e+14 1.95934e+14 3.42617
65800 7.2406e+19 2.87011e+15 2.13311e+14 1.95934e+14 3.40837
66000 7.2406e+19 2.86891e+15 2.12768e+14 1.95391e+14 3.34855
66200 7.2406e+19 2.86772e+15 2.12062e+14 1.95445e+14 3.43815
66400 7.2406e+19 2.86658e+15 2.11519e+14 1.94467e+14 3.50205
66600 7.2406e+19 2.8656e+15 2.11031e+14 1.94576e+14 3.34565
66800 7.2406e+19 2.86463e+15 2.1027e+14 1.94196e+14 3.32526
67000 7.2406e+19 2.86371e+15 2.09673e+14 1.9349e+14 3.59019
67200 7.2406e+19 2.86258e+15 2.09021e+14 1.9463e+14 3.44272
67400 7.2406e+19 2.86128e+15 2.0837e+14 1.93327e+14 3.38799
67600 7.2406e+19 2.86026e+15 2.07664e+14 1.93436e+14 3.37247
67800 7.2406e+19 2.85924e+15 2.07175e+14 1.93436e+14 3.34498
68000 7.2406e+19 2.85801e+15 2.06523e+14 1.9349e+14 3.36928
68200 7.24059e+19 2.85688e+15 2.0598e+14 1.93327e+14 3.45215
68400 7.24059e+19 2.85598e+15 2.056e+14 1.93544e+14 3.68541
68600 7.24059e+19 2.85502e+15 2.0484e+14 1.94576e+14 3.70707
68800 7.24059e+19 2.85412e+15 2.0446e+14 1.94793e+14 3.86023
69000 7.24059e+19 2.85301e+15 2.03645e+14 1.95825e+14 4.00498
69200 7.24059e+19 2.85211e+15 2.03265e+14 1.95119e+14 4.41442
69400 7.24059e+19 2.85132e+15 2.02939e+14 1.96803e+14 4.44067
69600 7.24059e+19 2.8506e+15 2.02233e+14 1.95988e+14 4.9143
69800 7.24059e+19 2.85019e+15 2.01853e+14 1.96042e+14 5.01393
70000 7.24059e+19 2.84962e+15 2.01364e+14 1.95716e+14 5.22188
70200 7.24059e+19 2.84953e+15 2.0093e+14 1.93979e+14 5.36609
70400 7.24058e+19 2.84918e+15 2.00604e+14 1.93218e+14 5.84482
70600 7.24058e+19 2.84954e+15 2.00278e+14 1.92675e+14 5.78613
70800 7.24058e+19 2.84903e+15 1.99952e+14 1.92078e+14 5.53798
71000 7.24058e+19 2.84869e+15 1.99355e+14 1.89852e+14 5.17839
71200 7.24058e+19 2.84819e+15 1.99083e+14 1.88765e+14 5.14916
71400 7.24058e+19 2.84768e+15 1.98595e+14 1.87082e+14 5.07883
71600 7.24058e+19 2.84734e+15 1.9854e+14 1.8605e+14 4.71329
71800 7.24057e+19 2.84668e+15 1.97997e+14 1.84692e+14 4.62653
72000 7.24057e+19 2.84607e+15 1.97671e+14 1.82738e+14 4.40814
72200 7.24057e+19 2.84509e+15 1.974e+14 1.81923e+14 4.36887
72400 7.24057e+19 2.84427e+15 1.96966e+14 1.81217e+14 4.03077
72600 7.24057e+19 2.84351e+15 1.96694e+14 1.80457e+14 4.02139
72800 7.24057e+19 2.84253e+15 1.96422e+14 1.79045e+14 3.87042
73000 7.24057e+19 2.8416e+15 1.95825e+14 1.7861e+14 3.74882
73200 7.24057e+19 2.84084e+15 1.95499e+14 1.77416e+14 3.53295
73400 7.24057e+19 2.83998e+15 1.95228e+14 1.76655e+14 3.82631
73600 7.24057e+19 2.83879e+15 1.94739e+14 1.76167e+14 3.70151
73800 7.24057e+19 2.83781e+15 1.9425e+14 1.75515e+14 3.67291
74000 7.24057e+19 2.83668e+15 1.93707e+14 1.74374e+14 3.62434
74200 7.24057e+19 2.83561e+15 1.93327e+14 1.73343e+14 3.62173
74400 7.24057e+19 2.83475e+15 1.92947e+14 1.73397e+14 3.64332
74600 7.24057e+19 2.83357e+15 1.92404e+14 1.73071e+14 3.74225
74800 7.24057e+19 2.8325e+15 1.92024e+14 1.72039e+14 3.62634
75000 7.24057e+19 2.83148e+15 1.91426e+14 1.71388e+14 3.78905
75200 7.24057e+19 2.83046e+15 1.90883e+14 1.71388e+14 3.48391
75400 7.24057e+19 2.8295e+15 1.9034e+14 1.70736e+14 3.50526
75600 7.24056e+19 2.82849e+15 1.89797e+14 1.69813e+14 3.6221
75800 7.24056e+19 2.82726e+15 1.89308e+14 1.6965e+14 3.60543
76000 7.24056e+19 2.82641e+15 1.8882e+14 1.6927e+14 3.35264
76200 7.24056e+19 2.82568e+15 1.88059e+14 1.69324e+14 3.4359
76400 7.24056e+19 2.82484e+15 1.87516e+14 1.69107e+14 3.41093
76600 7.24056e+19 2.82378e+15 1.8681e+14 1.68021e+14 3.5386
76800 7.24056e+19 2.82257e+15 1.8643e+14 1.67749e+14 3.60911
77000 7.24056e+19 2.82151e+15 1.85724e+14 1.67858e+14 3.7325
77200 7.24056e+19 2.82057e+15 1.85018e+14 1.67966e+14 3.75161
77400 7.24056e+19 2.81963e+15 1.84584e+14 1.67966e+14 3.71873
77600 7.24056e+19 2.81864e+15 1.83715e+14 1.68075e+14 3.99826
77800 7.24056e+19 2.81754e+15 1.83281e+14 1.67641e+14 3.87822
78000 7.24056e+19 2.81677e+15 1.82738e+14 1.67695e+14 3.96141
78200 7.24056e+19 2.81589e+15 1.82086e+14 1.67369e+14 4.03255
78400 7.24056e+19 2.81518e+15 1.81651e+14 1.67532e+14 4.02427
78600 7.24056e+19 2.81446e+15 1.81e+14 1.67912e+14 4.03706
78800 7.24056e+19 2.81348e+15 1.80674e+14 1.67478e+14 4.23104
79000 7.24056e+19 2.8125e+15 1.79968e+14 1.68509e+14 4.39446
79200 7.24056e+19 2.81152e+15 1.79425e+14 1.69541e+14 4.92255
79400 7.24055e+19 2.81125e+15 1.79099e+14 1.70139e+14 5.14724
79600 7.24055e+19 2.8108e+15 1.78556e+14 1.71008e+14 5.64871
79800 7.24055e+19 2.81036e+15 1.78122e+14 1.70899e+14 5.73812
80000 7.24055e+19 2.80971e+15 1.77633e+14 1.71551e+14 5.85378
80200 7.24055e+19 2.80938e+15 1.77253e+14 1.71442e+14 5.82422
80400 7.24055e+19 2.80915e+15 1.76818e+14 1.71388e+14 5.68279
80600 7.24055e+19 2.80872e+15 1.76547e+14 1.71876e+14 5.65311
80800 7.24054e+19 2.80899e+15 1.76058e+14 1.71876e+14 5.53777
81000 7.24054e+19 2.80877e+15 1.75678e+14 1.7041e+14 5.53774
81200 7.24054e+19 2.80822e+15 1.75515e+14 1.69107e+14 5.57259
81400 7.24054e+19 2.80768e+15 1.74918e+14 1.68944e+14 5.44751
81600 7.24054e+19 2.80709e+15 1.74537e+14 1.67586e+14 5.35378
81800 7.24054e+19 2.80634e+15 1.74374e+14 1.65849e+14 5.21649
82000 7.24054e+19 2.80537e+15 1.74049e+14 1.64545e+14 5.02438
82200 7.24054e+19 2.80468e+15 1.73669e+14 1.63405e+14 4.73187
82400 7.24054e+19 2.80367e+15 1.73234e+14 1.62101e+14 4.62997
82600 7.24054e+19 2.80276e+15 1.72854e+14 1.60418e+14 4.51007
82800 7.24054e+19 2.80218e+15 1.72528e+14 1.60146e+14 4.44494
83000 7.24054e+19 2.80117e+15 1.71931e+14 1.58137e+14 4.14745
83200 7.24053e+19 2.8001e+15 1.71714e+14 1.5716e+14 4.08544
83400 7.24053e+19 2.79913e+15 1.71388e+14 1.56182e+14 3.87771
83600 7.24053e+19 2.79823e+15 1.70953e+14 1.56182e+14 4.06002
83800 7.24053e+19 2.79743e+15 1.70682e+14 1.5477e+14 4.0403
84000 7.24053e+19 2.79642e+15 1.70193e+14 1.54119e+14 3.88357
84200 7.24053e+19 2.7953e+15 1.69704e+14 1.53195e+14 3.8056
84400 7.24053e+19 2.79467e+15 1.69215e+14 1.53467e+14 3.84234
84600 7.24053e+19 2.79378e+15 1.68618e+14 1.52435e+14 3.84456
84800 7.24053e+19 2.79299e+15 1.68238e+14 1.51621e+14 3.90556
85000 7.24053e+19 2.7921e+15 1.67749e+14 1.51077e+14 4.06022
85200 7.24053e+19 2.79115e+15 1.67423e+14 1.50154e+14 3.79413
85400 7.24053e+19 2.78994e+15 1.6688e+14 1.50969e+14 4.09822
85600 7.24053e+19 2.789e+15 1.66283e+14 1.50589e+14 3.91743
85800 7.24053e+19 2.788e+15 1.65849e+14 1.49177e+14 3.94455
86000 7.24053e+19 2.78701e+15 1.65305e+14 1.4972e+14 4.07058
86200 7.24053e+19 2.78591e+15 1.64871e+14 1.49068e+14 4.17845
86400 7.24053e+19 2.78514e+15 1.64382e+14 1.4896e+14 4.38267
86600 7.24053e+19 2.78421e+15 1.63676e+14 1.48254e+14 4.09566
86800 7.24053e+19 2.78333e+15 1.63133e+14 1.48362e+14 3.87898
87000 7.24053e+19 2.78257e+15 1.62536e+14 1.48797e+14 4.10029
87200 7.24053e+19 2.78158e+15 1.62101e+14 1.47167e+14 3.98809
87400 7.24053e+19 2.78055e+15 1.61504e+14 1.4695e+14 3.88898
87600 7.24052e+19 2.77946e+15 1.60852e+14 1.46516e+14 3.8718
87800 7.24052e+19 2.77881e+15 1.60201e+14 1.47819e+14 4.04089
88000 7.24052e+19 2.77778e+15 1.59712e+14 1.47385e+14 4.1257
88200 7.24052e+19 2.77686e+15 1.59115e+14 1.4733e+14 4.20492
88400 7.24052e+19 2.7761e+15 1.58735e+14 1.48145e+14 4.38965
88600 7.24052e+19 2.77508e+15 1.58083e+14 1.48362e+14 4.6679
88800 7.24052e+19 2.77443e+15 1.57486e+14 1.4972e+14 4.89281
89000 7.24052e+19 2.77367e+15 1.57051e+14 1.49285e+14 4.84621
89200 7.24052e+19 2.77291e+15 1.56562e+14 1.50372e+14 5.03583
89400 7.24052e+19 2.77242e+15 1.56019e+14 1.49448e+14 5.18562
89600 7.24052e+19 2.77188e+15 1.55531e+14 1.50046e+14 5.44768
89800 7.24052e+19 2.77178e+15 1.55313e+14 1.49557e+14 5.84355
90000 7.24052e+19 2.77124e+15 1.5477e+14 1.48199e+14 6.0949
90200 7.24051e+19 2.77104e+15 1.54336e+14 1.48579e+14 6.49002
90400 7.24051e+19 2.77072e+15 1.5401e+14 1.47059e+14 6.58603
90600 7.24051e+19 2.77018e+15 1.53576e+14 1.46407e+14 6.82661
90800 7.24051e+19 2.76964e+15 1.5325e+14 1.45104e+14 7.10964
91000 7.24051e+19 2.76932e+15 1.52815e+14 1.44181e+14 7.0398
91200 7.24051e+19 2.76878e+15 1.52544e+14 1.42606e+14 6.37367
91400 7.24051e+19 2.76808e+15 1.52218e+14 1.40597e+14 5.95106
91600 7.2405e+19 2.7675e+15 1.51675e+14 1.39456e+14 5.62956
91800 7.2405e+19 2.76692e+15 1.51349e+14 1.38044e+14 5.64559
92000 7.2405e+19 2.7659e+15 1.51077e+14 1.37501e+14 5.1757
92200 7.2405e+19 2.7651e+15 1.50589e+14 1.36578e+14 5.1746
92400 7.2405e+19 2.76431e+15 1.50372e+14 1.35112e+14 4.88934
92600 7.2405e+19 2.7633e+15 1.49991e+14 1.34026e+14 4.74089
92800 7.2405e+19 2.76251e+15 1.49503e+14 1.33211e+14 4.65993
93000 7.2405e+19 2.76167e+15 1.49285e+14 1.32234e+14 4.61601
93200 7.2405e+19 2.7605e+15 1.48905e+14 1.31528e+14 4.36748
93400 7.2405e+19 2.75949e+15 1.48525e+14 1.30713e+14 4.43808
93600 7.2405e+19 2.75871e+15 1.48091e+14 1.29355e+14 4.22279
93800 7.2405e+19 2.75776e+15 1.47548e+14 1.29084e+14 4.25121
94000 7.2405e+19 2.75719e+15 1.47167e+14 1.28649e+14 4.19181
94200 7.2405e+19 2.75636e+15 1.46787e+14 1.27889e+14 4.22257
94400 7.2405e+19 2.75558e+15 1.46244e+14 1.27509e+14 4.22017
94600 7.2405e+19 2.75453e+15 1.4581e+14 1.26206e+14 4.00264
94800 7.2405e+19 2.75364e+15 1.45375e+14 1.26151e+14 3.89339
95000 7.2405e+19 2.75303e+15 1.44832e+14 1.26531e+14 4.26619
95200 7.2405e+19 2.75231e+15 1.44452e+14 1.2588e+14 4.55783
95400 7.2405e+19 2.75154e+15 1.43909e+14 1.255e+14 4.11157
95600 7.24049e+19 2.75055e+15 1.43258e+14 1.24576e+14 4.17675
95800 7.24049e+19 2.74956e+15 1.42823e+14 1.24305e+14 4.21953
96000 7.24049e+19 2.74879e+15 1.4228e+14 1.23925e+14 4.28605
96200 7.24049e+19 2.74775e+15 1.41683e+14 1.23165e+14 4.57162
96400 7.24049e+19 2.74677e+15 1.41248e+14 1.2311e+14 4.39078
96600 7.24049e+19 2.74638e+15 1.40597e+14 1.22893e+14 4.40998
96800 7.24049e+19 2.74538e+15 1.40162e+14 1.2273e+14 4.48037
97000 7.24049e+19 2.74454e+15 1.39348e+14 1.21916e+14 4.71158
97200 7.24049e+19 2.74365e+15 1.38967e+14 1.2159e+14 4.79072
97400 7.24049e+19 2.74272e+15 1.38316e+14 1.21861e+14 4.67133
97600 7.24049e+19 2.74216e+15 1.37827e+14 1.21916e+14 4.68121
97800 7.24049e+19 2.74145e+15 1.3723e+14 1.22133e+14 4.79885
98000 7.24049e+19 2.7409e+15 1.36849e+14 1.22296e+14 4.84127
98200 7.24049e+19 2.73992e+15 1.36144e+14 1.22133e+14 5.10541
98400 7.24049e+19 2.73894e+15 1.35709e+14 1.21644e+14 4.88081
98600 7.24049e+19 2.73813e+15 1.35112e+14 1.22241e+14 5.44105
98800 7.24049e+19 2.73737e+15 1.34569e+14 1.21753e+14 6.07356
99000 7.24049e+19 2.73678e+15 1.33917e+14 1.22839e+14 5.68285
99200 7.24048e+19 2.73646e+15 1.33537e+14 1.23762e+14 5.86119
99400 7.24048e+19 2.73571e+15 1.32939e+14 1.23708e+14 6.63025
99600 7.24048e+19 2.73495e+15 1.32559e+14 1.24142e+14 7.47547
99800 7.24048e+19 2.73458e+15 1.31908e+14 1.24305e+14 7.72275
100000 7.24048e+19 2.73448e+15 1.31473e+14 1.25445e+14 7.88322
100200 7.24048e+19 2.73417e+15 1.31147e+14 1.25771e+14 7.64803
100400 7.24048e+19 2.73369e+15 1.30822e+14 1.25554e+14 7.46412
100600 7.24048e+19 2.73305e+15 1.30279e+14 1.2512e+14 7.36546
100800 7.24047e+19 2.73322e+15 1.29844e+14 1.2512e+14 7.38202
101000 7.24047e+19 2.73286e+15 1.2941e+14 1.24088e+14 7.3523
101200 7.24047e+19 2.73271e+15 1.29138e+14 1.22187e+14 7.06825
101400 7.24047e+19 2.73223e+15 1.28758e+14 1.20992e+14 6.87499
101600 7.24047e+19 2.73181e+15 1.28378e+14 1.20721e+14 6.78207
101800 7.24047e+19 2.7316e+15 1.28052e+14 1.19092e+14 7.06292
102000 7.24047e+19 2.73075e+15 1.27672e+14 1.16974e+14 6.53325
102200 7.24047e+19 2.72979e+15 1.27183e+14 1.16376e+14 6.15791
102400 7.24047e+19 2.72938e+15 1.26857e+14 1.15345e+14 5.9997
102600 7.24047e+19 2.72863e+15 1.26423e+14 1.1415e+14 5.8685
102800 7.24047e+19 2.72779e+15 1.26097e+14 1.13552e+14 5.77928
103000 7.24047e+19 2.72705e+15 1.25717e+14 1.12955e+14 5.55698
103200 7.24046e+19 2.72653e+15 1.25337e+14 1.11652e+14 5.5356
103400 7.24046e+19 2.72596e+15 1.24848e+14 1.10457e+14 5.26581
103600 7.24046e+19 2.725e+15 1.24631e+14 1.09208e+14 4.87348
103800 7.24046e+19 2.72421e+15 1.24088e+14 1.08611e+14 4.875
104000 7.24046e+19 2.72346e+15 1.23816e+14 1.07362e+14 4.89123
104200 7.24046e+19 2.72272e+15 1.23219e+14 1.06656e+14 4.75357
104400 7.24046e+19 2.72214e+15 1.2273e+14 1.06276e+14 4.58761
104600 7.24046e+19 2.72119e+15 1.2235e+14 1.05352e+14 4.59208
104800 7.24046e+19 2.72013e+15 1.21807e+14 1.04701e+14 4.50247
105000 7.24046e+19 2.71896e+15 1.21264e+14 1.04538e+14 4.36892
105200 7.24046e+19 2.71795e+15 1.20721e+14 1.03452e+14 4.52502
105400 7.24046e+19 2.71706e+15 1.20178e+14 1.02583e+14 4.15753
105600 7.24046e+19 2.71617e+15 1.19743e+14 1.02203e+14 4.17054
105800 7.24046e+19 2.71538e+15 1.19037e+14 1.02366e+14 4.10979
106000 7.24046e+19 2.71428e+15 1.18603e+14 1.01008e+14 4.02797
106200 7.24046e+19 2.71323e+15 1.18006e+14 1.00899e+14 3.8735
106400 7.24046e+19 2.71239e+15 1.17354e+14 1.00248e+14 3.85101
106600 7.24046e+19 2.71156e+15 1.17082e+14 1.00085e+14 4.02181
106800 7.24046e+19 2.71073e+15 1.16322e+14 1.00519e+14 4.07071
107000 7.24046e+19 2.7099e+15 1.15833e+14 1.00248e+14 4.15599
107200 7.24046e+19 2.70886e+15 1.15127e+14 1.0003e+14 4.29939
107400 7.24046e+19 2.70782e+15 1.14639e+14 1.00411e+14 4.43223
107600 7.24046e+19 2.70677e+15 1.14204e+14 1.01117e+14 4.65716
107800 7.24046e+19 2.70589e+15 1.13715e+14 1.01931e+14 5.26155
108000 7.24046e+19 2.70507e+15 1.13227e+14 1.01823e+14 5.36388
108200 7.24046e+19 2.70441e+15 1.12521e+14 1.01551e+14 5.73629
108400 7.24045e+19 2.70348e+15 1.12195e+14 1.01008e+14 5.37258
108600 7.24045e+19 2.70297e+15 1.11706e+14 1.01388e+14 5.76057
108800 7.24045e+19 2.70214e+15 1.11217e+14 1.01714e+14 5.82447
109000 7.24045e+19 2.70136e+15 1.10674e+14 1.01823e+14 6.11635
109200 7.24045e+19 2.70075e+15 1.10186e+14 1.0318e+14 6.60721
109400 7.24045e+19 2.7002e+15 1.09643e+14 1.02691e+14 7.06285
109600 7.24045e+19 2.69993e+15 1.09208e+14 1.02746e+14 7.23868
109800 7.24045e+19 2.69987e+15 1.08665e+14 1.02311e+14 7.94148
110000 7.24045e+19 2.69915e+15 1.08339e+14 1.01279e+14 8.68952
110200 7.24045e+19 2.69888e+15 1.07905e+14 1.01279e+14 9.17587
110400 7.24044e+19 2.69834e+15 1.07416e+14 9.97589e+13 9.26207
110600 7.24044e+19 2.69796e+15 1.0709e+14 9.93788e+13 9.27459
110800 7.24044e+19 2.69757e+15 1.0671e+14 9.81841e+13 9.38796
111000 7.24044e+19 2.6968e+15 1.0633e+14 9.75324e+13 8.97965
111200 7.24044e+19 2.69653e+15 1.05895e+14 9.49801e+13 8.17539
111400 7.24044e+19 2.69583e+15 1.05515e+14 9.35138e+13 7.96786
111600 7.24044e+19 2.69513e+15 1.05189e+14 9.3188e+13 7.3961
111800 7.24044e+19 2.69437e+15 1.04809e+14 9.21562e+13 6.91548
112000 7.24044e+19 2.69367e+15 1.04429e+14 9.03098e+13 6.22127
112200 7.24044e+19 2.69292e+15 1.04103e+14 8.91694e+13 6.33734
112400 7.24044e+19 2.69211e+15 1.03778e+14 8.91694e+13 5.89293
112600 7.24043e+19 2.69163e+15 1.03343e+14 8.78661e+13 5.69899
112800 7.24043e+19 2.69094e+15 1.02963e+14 8.7323e+13 5.98123
113000 7.24043e+19 2.68991e+15 1.02528e+14 8.6617e+13 5.60248
113200 7.24043e+19 2.689e+15 1.02094e+14 8.54223e+13 5.89321
113400 7.24043e+19 2.68831e+15 1.01714e+14 8.48793e+13 5.79916
113600 7.24043e+19 2.6874e+15 1.01279e+14 8.44991e+13 5.48837
113800 7.24043e+19 2.68654e+15 1.01008e+14 8.37388e+13 5.46305
114000 7.24043e+19 2.68569e+15 1.00682e+14 8.31415e+13 5.48965
114200 7.24043e+19 2.68478e+15 1.00193e+14 8.25441e+13 5.45595
114400 7.24043e+19 2.68393e+15 9.97046e+13 8.16209e+13 5.12037
114600 7.24043e+19 2.68319e+15 9.91073e+13 8.08607e+13 5.15735
114800 7.24043e+19 2.68234e+15 9.86728e+13 8.01547e+13 5.15583
115000 7.24043e+19 2.68149e+15 9.81841e+13 8.03719e+13 5.75026
115200 7.24043e+19 2.68081e+15 9.77496e+13 8.00461e+13 5.77195
115400 7.24043e+19 2.67986e+15 9.73695e+13 7.90686e+13 5.86857
115600 7.24043e+19 2.67885e+15 9.68807e+13 7.90686e+13 5.51753
115800 7.24043e+19 2.67811e+15 9.63377e+13 7.85255e+13 5.70795
116000 7.24043e+19 2.67716e+15 9.58489e+13 7.80368e+13 5.77777
116200 7.24043e+19 2.67659e+15 9.53602e+13 7.83626e+13 5.96795
116400 7.24043e+19 2.67581e+15 9.47628e+13 7.73851e+13 5.61498
116600 7.24043e+19 2.67519e+15 9.43284e+13 7.70593e+13 5.90205
116800 7.24042e+19 2.67451e+15 9.37853e+13 7.73308e+13 5.64153
117000 7.24042e+19 2.67367e+15 9.32423e+13 7.68421e+13 5.6308
117200 7.24042e+19 2.67284e+15 9.28078e+13 7.69507e+13 5.66127
117400 7.24042e+19 2.67222e+15 9.21562e+13 7.68421e+13 6.24399
117600 7.24042e+19 2.67149e+15 9.16674e+13 7.64076e+13 6.007
117800 7.24042e+19 2.67066e+15 9.11244e+13 7.68421e+13 6.31522
118000 7.24042e+19 2.66982e+15 9.0527e+13 7.63533e+13 5.90416
118200 7.24042e+19 2.6691e+15 8.9984e+13 7.66792e+13 5.53752
118400 7.24042e+19 2.66843e+15 8.94409e+13 7.67335e+13 5.78409
118600 7.24042e+19 2.6677e+15 8.90065e+13 7.61904e+13 6.02908
118800 7.24042e+19 2.66682e+15 8.8572e+13 7.66792e+13 6.35631
119000 7.24042e+19 2.6661e+15 8.81919e+13 7.73851e+13 6.98507
119200 7.24042e+19 2.66549e+15 8.78118e+13 7.77653e+13 8.13258
119400 7.24042e+19 2.66504e+15 8.72144e+13 7.90143e+13 9.96741
119600 7.24042e+19 2.66465e+15 8.68343e+13 7.91772e+13 10.363
119800 7.24042e+19 2.6642e+15 8.63998e+13 7.91772e+13 10.1333
120000 7.24041e+19 2.66392e+15 8.59654e+13 7.99918e+13 9.6464
