Iteration / Neutral Density / Excited Density / Ion Density / Electron Density
0 7.24071e+19 3.62036e+15 5.43053e+14 5.43053e+14
200 7.24071e+19 3.60284e+15 5.42483e+14 4.8644e+14 
400 7.24071e+19 3.5891e+15 5.40284e+14 4.85517e+14 
600 7.24071e+19 3.57724e+15 5.36863e+14 4.85658e+14 
800 7.24071e+19 3.56672e+15 5.32285e+14 4.86212e+14 
1000 7.24071e+19 3.55706e+15 5.27642e+14 4.82356e+14 
1200 7.24071e+19 3.54814e+15 5.2283e+14 4.77789e+14 
1400 7.24071e+19 3.53978e+15 5.17823e+14 4.73342e+14 
1600 7.24071e+19 3.53193e+15 5.13044e+14 4.7269e+14 
1800 7.24071e+19 3.52437e+15 5.08678e+14 4.64892e+14 
2000 7.24071e+19 3.51713e+15 5.04252e+14 4.61221e+14 
2200 7.24071e+19 3.51016e+15 5.00337e+14 4.58712e+14 
2400 7.24072e+19 3.50348e+15 4.9653e+14 4.56241e+14 
2600 7.24072e+19 3.49704e+15 4.92848e+14 4.53537e+14 
2800 7.24072e+19 3.49084e+15 4.89476e+14 4.50501e+14 
3000 7.24072e+19 3.48478e+15 4.86076e+14 4.47308e+14 
3200 7.24072e+19 3.47886e+15 4.83182e+14 4.44777e+14 
3400 7.24072e+19 3.47314e+15 4.80211e+14 4.41861e+14 
3600 7.24072e+19 3.46759e+15 4.77545e+14 4.38793e+14 
3800 7.24072e+19 3.46215e+15 4.74841e+14 4.35844e+14 
4000 7.24072e+19 3.45681e+15 4.7218e+14 4.33444e+14 
4200 7.24072e+19 3.45161e+15 4.69638e+14 4.31608e+14 
4400 7.24072e+19 3.44654e+15 4.67227e+14 4.29935e+14 
4600 7.24072e+19 3.44152e+15 4.64919e+14 4.276e+14 
4800 7.24072e+19 3.43661e+15 4.62513e+14 4.25667e+14 
5000 7.24072e+19 3.4318e+15 4.60439e+14 4.23837e+14 
5200 7.24072e+19 3.42708e+15 4.58136e+14 4.22506e+14 
5400 7.24072e+19 3.42245e+15 4.56045e+14 4.20899e+14 
5600 7.24072e+19 3.41789e+15 4.53993e+14 4.19254e+14 
5800 7.24072e+19 3.41338e+15 4.51935e+14 4.17934e+14 
6000 7.24072e+19 3.40897e+15 4.49871e+14 4.16652e+14 
6200 7.24072e+19 3.40463e+15 4.48073e+14 4.15523e+14 
6400 7.24072e+19 3.40037e+15 4.46281e+14 4.1442e+14 
6600 7.24072e+19 3.39616e+15 4.44424e+14 4.13345e+14 
6800 7.24072e+19 3.39199e+15 4.42637e+14 4.12525e+14 
7000 7.24072e+19 3.38792e+15 4.40829e+14 4.11711e+14 
7200 7.24072e+19 3.38387e+15 4.3914e+14 4.10874e+14 
7400 7.24072e+19 3.3799e+15 4.37603e+14 4.1013e+14 
7600 7.24072e+19 3.37598e+15 4.36175e+14 4.09815e+14 
7800 7.24072e+19 3.37208e+15 4.34665e+14 4.09185e+14 
8000 7.24072e+19 3.36824e+15 4.33292e+14 4.08773e+14 
8200 7.24072e+19 3.36447e+15 4.31907e+14 4.08387e+14 
8400 7.24072e+19 3.36074e+15 4.30479e+14 4.08154e+14 
8600 7.24072e+19 3.35703e+15 4.29235e+14 4.08181e+14 
8800 7.24072e+19 3.35347e+15 4.28165e+14 4.07909e+14 
9000 7.24072e+19 3.34986e+15 4.2697e+14 4.07741e+14 
9200 7.24072e+19 3.34628e+15 4.25797e+14 4.07855e+14 
9400 7.24072e+19 3.34275e+15 4.24744e+14 4.07849e+14 
9600 7.24072e+19 3.33929e+15 4.23815e+14 4.08067e+14 
9800 7.24072e+19 3.33593e+15 4.22816e+14 4.07084e+14 
10000 7.24072e+19 3.33262e+15 4.21947e+14 4.0464e+14 
10200 7.24072e+19 3.32942e+15 4.21008e+14 4.02348e+14 
10400 7.24072e+19 3.32643e+15 4.20095e+14 4.00296e+14 
10600 7.24072e+19 3.32341e+15 4.19216e+14 3.98167e+14 
10800 7.24072e+19 3.32042e+15 4.18385e+14 3.95582e+14 
11000 7.24072e+19 3.31748e+15 4.17608e+14 3.93486e+14 
11200 7.24072e+19 3.31447e+15 4.1669e+14 3.91248e+14 
11400 7.24072e+19 3.31142e+15 4.1593e+14 3.89293e+14 
11600 7.24072e+19 3.30855e+15 4.15072e+14 3.86958e+14 
11800 7.24072e+19 3.30564e+15 4.13943e+14 3.8509e+14 
12000 7.24072e+19 3.30273e+15 4.13095e+14 3.83124e+14 
12200 7.24072e+19 3.2999e+15 4.12064e+14 3.81099e+14 
12400 7.24072e+19 3.29706e+15 4.10891e+14 3.78834e+14 
12600 7.24071e+19 3.29425e+15 4.09804e+14 3.77009e+14 
12800 7.24071e+19 3.29144e+15 4.08463e+14 3.75185e+14 
13000 7.24071e+19 3.28863e+15 4.07258e+14 3.73235e+14 
13200 7.24071e+19 3.28595e+15 4.05699e+14 3.71068e+14 
13400 7.24071e+19 3.28321e+15 4.04195e+14 3.69434e+14 
13600 7.24071e+19 3.28043e+15 4.02761e+14 3.67794e+14 
13800 7.24071e+19 3.27777e+15 4.01121e+14 3.66034e+14 
14000 7.24071e+19 3.27509e+15 3.9953e+14 3.64231e+14 
14200 7.24071e+19 3.2725e+15 3.97928e+14 3.62521e+14 
14400 7.24071e+19 3.26974e+15 3.96098e+14 3.61093e+14 
14600 7.24071e+19 3.26709e+15 3.94458e+14 3.59659e+14 
14800 7.24071e+19 3.26456e+15 3.92747e+14 3.58323e+14 
15000 7.24071e+19 3.26193e+15 3.91134e+14 3.57264e+14 
15200 7.24071e+19 3.25934e+15 3.89331e+14 3.55787e+14 
15400 7.24071e+19 3.25672e+15 3.87843e+14 3.54641e+14 
15600 7.24071e+19 3.25411e+15 3.86258e+14 3.53457e+14 
15800 7.24071e+19 3.25153e+15 3.84542e+14 3.52436e+14 
16000 7.24071e+19 3.24905e+15 3.83065e+14 3.51605e+14 
16200 7.24071e+19 3.2466e+15 3.81593e+14 3.50688e+14 
16400 7.24071e+19 3.24411e+15 3.79953e+14 3.50123e+14 
16600 7.24071e+19 3.24168e+15 3.78546e+14 3.49189e+14 
16800 7.24071e+19 3.23919e+15 3.77085e+14 3.48662e+14 
17000 7.24071e+19 3.2367e+15 3.75674e+14 3.48217e+14 
17200 7.24071e+19 3.23421e+15 3.74468e+14 3.47761e+14 
17400 7.24071e+19 3.23176e+15 3.73099e+14 3.47418e+14 
17600 7.24071e+19 3.22931e+15 3.71867e+14 3.47131e+14 
17800 7.24071e+19 3.2269e+15 3.70591e+14 3.46897e+14 
18000 7.24071e+19 3.22453e+15 3.69418e+14 3.46653e+14 
18200 7.24071e+19 3.22217e+15 3.68283e+14 3.4655e+14 
18400 7.24071e+19 3.21982e+15 3.67218e+14 3.46598e+14 
18600 7.24071e+19 3.21749e+15 3.66159e+14 3.46484e+14 
18800 7.24071e+19 3.21515e+15 3.65193e+14 3.46756e+14 
19000 7.24071e+19 3.21285e+15 3.64231e+14 3.47e+14 
19200 7.24071e+19 3.21053e+15 3.63325e+14 3.47147e+14 
19400 7.24071e+19 3.20833e+15 3.62466e+14 3.47456e+14 
19600 7.24071e+19 3.20605e+15 3.61701e+14 3.48211e+14 
19800 7.24071e+19 3.20378e+15 3.60892e+14 3.48591e+14 
20000 7.24071e+19 3.20169e+15 3.60224e+14 3.4927e+14 
