Iteration / Electron np / Ion np / Electron Inner np / Ion Inner np
0 100000 100000 50126 49810
200 89645 99944 49991 49825
400 89125 99645 49669 49890
600 88906 99039 49949 49946
800 88708 98345 49963 50020
1000 88008 97631 50389 50119
1200 87765 96833 50123 50203
1400 86961 96059 50273 50297
1600 86242 95238 50334 50376
1800 85845 94498 50415 50444
2000 85356 93791 50552 50512
2200 84976 93162 50716 50577
2400 84513 92506 50670 50633
2600 84036 91905 50716 50686
2800 83580 91346 50686 50731
3000 83064 90827 50790 50771
3200 82518 90303 50844 50814
3400 82010 89800 50823 50861
3600 81599 89318 50809 50888
3800 81285 88832 50882 50914
4000 80970 88386 50972 50940
4200 80579 87927 50988 50963
4400 80191 87502 50997 50987
4600 79909 87099 51001 51009
4800 79602 86671 50964 51028
5000 79276 86315 50981 51050
5200 79019 85925 50987 51068
5400 78763 85578 51056 51100
5600 78501 85226 51066 51114
5800 78288 84872 51123 51131
6000 78081 84543 51116 51148
6200 77836 84208 51091 51157
6400 77640 83895 51146 51174
6600 77458 83583 51141 51197
6800 77326 83278 51186 51212
7000 77204 82971 51199 51223
7200 77094 82659 51224 51237
7400 76973 82426 51173 51252
7600 76895 82178 51232 51273
7800 76843 81931 51202 51282
8000 76777 81696 51212 51291
8200 76722 81457 51244 51310
8400 76664 81228 51315 51316
8600 76647 81007 51322 51340
8800 76630 80836 51398 51356
9000 76622 80638 51352 51374
9200 76617 80466 51361 51387
9400 76635 80322 51338 51404
9600 76680 80161 51388 51414
9800 76618 80041 51450 51431
10000 76448 79949 51497 51481
10200 76098 79884 51530 51532
10400 75763 79845 51595 51600
10600 75488 79878 51757 51699
10800 75252 79913 51881 51805
11000 75072 79965 52070 51948
11200 74835 80052 52155 52109
11400 74709 80092 52381 52223
11600 74545 80130 52355 52370
11800 74375 80155 52480 52514
12000 74222 80197 52658 52663
12200 74066 80205 52774 52793
12400 73917 80198 52980 52911
12600 73765 80228 53149 53079
12800 73631 80212 53399 53229
13000 73488 80219 53567 53395
13200 73420 80181 53534 53535
13400 73281 80150 53777 53714
13600 73146 80034 53857 53847
13800 73074 79952 54063 53980
14000 72967 79912 54231 54141
14200 72899 79783 54291 54295
14400 72817 79701 54438 54437
14600 72769 79589 54661 54582
14800 72726 79495 54778 54755
15000 72674 79385 55014 54896
15200 72680 79269 55123 55051
15400 72613 79149 55303 55187
15600 72625 79067 55450 55314
15800 72565 78948 55525 55432
16000 72599 78856 55648 55593
16200 72652 78782 55797 55724
16400 72661 78697 55960 55868
16600 72708 78625 56051 56015
16800 72764 78543 56319 56152
17000 72815 78408 56364 56263
17200 72860 78334 56410 56393
17400 72973 78309 56615 56538
17600 73075 78260 56633 56685
17800 73182 78222 56982 56827
18000 73280 78163 57021 56953
18200 73390 78128 57128 57068
18400 73524 78088 57263 57207
18600 73668 78039 57406 57345
18800 73797 78021 57526 57467
19000 73939 78004 57703 57612
19200 74077 77991 57893 57738
19400 74209 77978 57863 57866
19600 74350 77966 57949 57989
19800 74487 77954 58159 58116
20000 74626 77958 58288 58239
