Iteration / Electron np / Ion np / Electron Inner np / Ion Inner np
0 100000 100000 50056 49826
200 89491 99930 49724 49846
400 89014 99613 49814 49894
600 88876 99090 49963 49964
800 88514 98379 50440 50061
1000 87806 97545 49972 50147
1200 87584 96728 50071 50226
1400 86756 95938 50376 50319
1600 86018 95141 50399 50402
1800 85589 94354 50562 50476
2000 85222 93629 50548 50548
2200 84836 92998 50488 50642
2400 84447 92379 50568 50694
2600 84021 91820 50717 50754
2800 83548 91280 50908 50813
3000 83040 90746 50855 50844
3200 82514 90227 50824 50880
3400 82029 89711 50934 50912
3600 81578 89255 50888 50948
3800 81304 88766 50992 50965
4000 80977 88296 50913 50979
4200 80575 87885 51012 51004
4400 80176 87437 50981 51019
4600 79921 87039 51063 51047
4800 79607 86644 51070 51068
5000 79314 86275 51024 51081
5200 79068 85913 51104 51084
5400 78808 85561 51174 51102
5600 78542 85197 51129 51105
5800 78329 84857 51117 51116
6000 78115 84494 51025 51124
6200 77914 84186 51146 51139
6400 77745 83856 51138 51153
6600 77556 83555 51159 51152
6800 77411 83271 51092 51164
7000 77283 82980 51120 51169
7200 77158 82734 51109 51188
7400 77071 82468 51266 51203
7600 76955 82220 51212 51207
7800 76884 81984 51150 51216
8000 76826 81741 51211 51222
8200 76762 81496 51317 51229
8400 76732 81297 51286 51239
8600 76719 81097 51270 51252
8800 76697 80880 51324 51272
9000 76702 80703 51373 51294
9200 76692 80530 51367 51305
9400 76708 80380 51396 51329
9600 76729 80238 51368 51353
9800 76684 80101 51371 51376
10000 76478 79999 51415 51415
10200 76159 79966 51492 51489
10400 75814 79942 51657 51583
10600 75510 79920 51711 51664
10800 75231 79921 51864 51765
11000 75046 79940 51981 51893
11200 74880 80019 52104 52029
11400 74759 80092 52317 52172
11600 74572 80117 52413 52314
11800 74404 80195 52477 52472
12000 74230 80234 52743 52638
12200 74126 80265 53032 52789
12400 73955 80291 53025 52945
12600 73844 80267 53236 53079
12800 73698 80239 53320 53230
13000 73538 80235 53368 53369
13200 73428 80222 53644 53530
13400 73340 80171 53781 53683
13600 73192 80099 53944 53837
13800 73077 80013 54106 54008
14000 72989 79906 54295 54160
14200 72971 79824 54419 54337
14400 72874 79707 54602 54508
14600 72803 79633 54730 54661
14800 72769 79548 54968 54817
15000 72716 79422 55045 54944
15200 72718 79334 55140 55103
15400 72697 79249 55424 55244
15600 72667 79138 55556 55377
15800 72624 79039 55615 55508
16000 72602 78904 55756 55642
16200 72621 78798 55878 55798
16400 72689 78707 56050 55957
16600 72695 78593 56134 56094
16800 72784 78549 56311 56249
17000 72845 78468 56424 56398
17200 72930 78373 56611 56539
17400 73027 78343 56757 56688
17600 73115 78267 56880 56823
17800 73223 78217 57022 56952
18000 73343 78166 57172 57101
18200 73479 78143 57363 57254
18400 73629 78117 57442 57389
18600 73762 78063 57544 57516
18800 73877 78034 57616 57645
19000 74037 78030 57849 57786
19200 74156 78003 57963 57913
19400 74297 78017 58033 58055
19600 74460 78021 58248 58195
19800 74615 78030 58375 58316
20000 74779 78069 58543 58444
