Iteration / Electron np / Ion np / Electron Inner np / Ion Inner np
0 10000 10000 4992 5076
200 8953 9996 5059 5079
400 8920 9973 5111 5090
600 8910 9915 5094 5102
800 8929 9865 5107 5121
1000 8875 9799 5130 5128
1200 8857 9717 5127 5137
1400 8841 9640 5139 5146
1600 8736 9584 5151 5150
1800 8685 9504 5140 5152
2000 8662 9446 5155 5159
2200 8600 9376 5164 5165
2400 8530 9321 5155 5168
2600 8473 9266 5148 5166
2800 8413 9200 5161 5163
3000 8371 9152 5156 5166
3200 8316 9091 5163 5169
3400 8277 9041 5173 5169
3600 8228 8984 5176 5171
3800 8189 8931 5180 5171
4000 8146 8882 5175 5171
4200 8102 8840 5157 5168
4400 8068 8798 5178 5169
4600 8039 8757 5174 5171
4800 8007 8724 5172 5170
5000 7971 8687 5173 5167
5200 7940 8635 5179 5169
5400 7909 8594 5161 5168
5600 7890 8566 5168 5170
5800 7869 8542 5157 5175
6000 7850 8513 5174 5177
6200 7825 8472 5183 5179
6400 7812 8442 5192 5181
6600 7790 8408 5191 5183
6800 7771 8371 5179 5186
7000 7760 8337 5172 5187
7200 7749 8305 5173 5185
7400 7738 8278 5171 5184
7600 7725 8252 5182 5184
7800 7715 8219 5190 5184
8000 7708 8198 5198 5185
8200 7704 8173 5153 5186
8400 7698 8153 5194 5188
8600 7694 8127 5202 5189
8800 7685 8108 5172 5190
9000 7681 8089 5201 5190
9200 7681 8068 5195 5190
9400 7680 8045 5196 5191
9600 7681 8035 5201 5196
9800 7670 8028 5211 5203
10000 7655 8015 5189 5207
10200 7612 8004 5220 5213
10400 7572 7998 5238 5222
10600 7538 8001 5235 5234
10800 7508 8003 5248 5242
11000 7485 8002 5294 5258
11200 7462 8001 5299 5268
11400 7450 7998 5281 5284
11600 7437 8009 5304 5299
11800 7416 8001 5310 5309
12000 7388 7998 5330 5320
12200 7369 7999 5363 5336
12400 7365 7995 5374 5356
12600 7342 7981 5375 5364
12800 7317 7975 5359 5376
13000 7300 7964 5397 5385
13200 7293 7964 5419 5400
13400 7268 7951 5425 5416
13600 7264 7953 5435 5439
13800 7260 7943 5470 5450
14000 7243 7938 5458 5470
14200 7233 7916 5472 5488
14400 7207 7891 5518 5496
14600 7210 7881 5525 5511
14800 7194 7857 5520 5516
15000 7177 7832 5522 5525
15200 7168 7820 5529 5532
15400 7162 7798 5538 5543
15600 7145 7781 5552 5547
15800 7145 7769 5561 5553
16000 7133 7744 5560 5558
16200 7131 7738 5578 5565
16400 7126 7721 5575 5572
16600 7112 7708 5571 5579
16800 7116 7688 5597 5583
17000 7110 7674 5558 5588
17200 7116 7662 5614 5595
17400 7123 7648 5592 5599
17600 7118 7627 5608 5603
17800 7115 7607 5605 5603
18000 7116 7586 5595 5608
18200 7125 7574 5606 5614
18400 7122 7559 5625 5615
18600 7128 7550 5606 5623
18800 7131 7538 5613 5626
19000 7134 7529 5616 5627
19200 7142 7521 5632 5633
19400 7152 7513 5637 5634
19600 7162 7507 5643 5635
19800 7173 7505 5623 5641
20000 7183 7498 5655 5649
