Iteration / Electron np / Ion np / Electron Inner np / Ion Inner np
0 1000000 1000000 499243 499860
200 894137 999172 499535 499977
400 888541 995894 501285 500439
600 886799 990131 500313 501017
800 885211 982779 501988 501732
1000 875637 974751 502018 502519
1200 873865 966297 503149 503324
1400 869096 958189 504195 504189
1600 859212 950325 505155 504941
1800 852551 942742 505650 505671
2000 847638 935728 506125 506456
2200 842805 928961 506843 507173
2400 838162 922729 508056 507834
2600 833185 916786 508591 508441
2800 828606 911117 509220 509070
3000 825451 905809 509325 509621
3200 823093 900560 509797 510107
3400 819770 895680 510322 510473
3600 815288 890698 510884 510818
3800 811095 886142 511008 511105
4000 807374 881755 511446 511336
4200 804828 877463 511308 511591
4400 801203 873260 511434 511836
4600 797660 869155 512117 512044
4800 794937 865319 512148 512225
5000 792153 861528 512089 512414
5200 789168 857860 512550 512553
5400 786652 854219 512717 512723
5600 784282 850712 512824 512913
5800 782037 847352 512794 513075
6000 779832 843945 513058 513207
6200 777840 840857 513471 513338
6400 776101 837644 513025 513478
6600 774535 834560 514034 513624
6800 773030 831627 513976 513770
7000 771741 828716 513781 513964
7200 770683 826022 514207 514074
7400 769652 823352 514336 514208
7600 768892 820991 514562 514405
7800 768140 818660 514544 514558
8000 767562 816476 515051 514720
8200 767085 814284 514879 514881
8400 766783 812181 514988 515091
8600 766530 810258 515776 515288
8800 766431 808419 515872 515479
9000 766524 806665 516305 515692
9200 766701 804940 515983 515905
9400 766976 803457 516962 516167
9600 767394 802156 516895 516511
9800 767510 801060 516840 516897
10000 765853 800290 517670 517439
10200 762473 799794 518143 518106
10400 759476 799659 518269 518987
10600 756658 799746 519351 519990
10800 754198 800154 520153 521173
11000 752402 800724 522610 522453
11200 750065 801291 524609 523788
11400 749209 801923 525762 525171
11600 747360 802557 527636 526595
11800 745574 803157 528582 528036
12000 744462 803785 529483 529608
12200 743320 804290 531240 531179
12400 742080 804944 532616 532858
12600 741205 805505 534517 534631
12800 740266 805757 536095 536302
13000 739232 806079 538302 538034
13200 738064 806013 539917 539698
13400 737129 805711 541774 541374
13600 736175 805562 542546 543048
13800 735305 805064 545181 544750
14000 735048 804341 546679 546324
14200 734510 803792 548584 548008
14400 734031 802917 550007 549651
14600 733482 802236 551342 551397
14800 733356 801379 553617 553000
15000 733254 800699 554877 554668
15200 732976 799903 557094 556251
15400 733152 798978 558602 557836
15600 733152 798061 559997 559312
15800 733287 797388 560942 560912
16000 733714 796575 562933 562396
16200 734047 795875 564744 563891
16400 734673 795172 566246 565373
16600 735325 794470 568231 566907
16800 736041 793904 569743 568381
17000 737024 793489 571326 569863
17200 738090 793008 572572 571366
17400 739205 792698 574202 572943
17600 740493 792421 576044 574458
17800 741707 792141 577743 575980
18000 743173 791995 578063 577496
18200 744758 791973 580354 579015
18400 746388 791962 581136 580434
18600 748040 791960 582397 581951
18800 749583 791964 584260 583362
19000 751198 792049 584638 584753
19200 752751 792138 586603 586075
19400 754333 792227 587698 587373
19600 755816 792283 588987 588597
19800 757381 792473 590727 589898
20000 758818 792601 591532 591033
