Iteration / Electron np / Ion np / Electron Inner np / Ion Inner np
0 100000 100000 50273 50069
200 89567 99939 49897 50090
400 89273 99628 50341 50140
600 89083 99114 50136 50218
800 88835 98435 50493 50307
1000 88053 97700 50396 50412
1200 87847 96900 50490 50515
1400 87132 96186 50526 50614
1600 86366 95448 50754 50714
1800 85937 94712 50771 50784
2000 85504 94011 50663 50858
2200 85086 93348 50928 50923
2400 84690 92749 50936 50977
2600 84178 92169 50918 51011
2800 83642 91604 51030 51041
3000 83110 91092 51085 51066
3200 82615 90562 51110 51100
3400 82225 90054 51131 51137
3600 81926 89579 51133 51163
3800 81635 89101 51282 51200
4000 81241 88663 51240 51222
4200 80849 88268 51203 51240
4400 80559 87819 51162 51245
4600 80252 87429 51205 51269
4800 79904 87039 51324 51284
5000 79643 86685 51392 51294
5200 79362 86307 51328 51290
5400 79093 85928 51367 51306
5600 78879 85562 51378 51326
5800 78646 85197 51341 51341
6000 78448 84860 51357 51359
6200 78230 84541 51418 51380
6400 78059 84200 51371 51397
6600 77881 83893 51430 51411
6800 77738 83608 51421 51432
7000 77594 83332 51421 51440
7200 77445 83039 51407 51453
7400 77341 82765 51465 51462
7600 77274 82504 51617 51471
7800 77204 82296 51524 51492
8000 77140 82075 51544 51503
8200 77101 81838 51575 51530
8400 77058 81599 51519 51543
8600 77045 81394 51572 51561
8800 77038 81208 51575 51583
9000 77030 81020 51655 51608
9200 77029 80859 51744 51631
9400 77040 80696 51707 51666
9600 77075 80548 51725 51695
9800 77057 80429 51763 51747
10000 76840 80340 51740 51812
10200 76506 80291 51836 51898
10400 76209 80309 51847 52007
10600 75899 80308 52083 52111
10800 75617 80346 52195 52248
11000 75481 80397 52403 52383
11200 75335 80483 52800 52538
11400 75128 80565 52983 52687
11600 74952 80597 52855 52849
11800 74827 80663 53161 53032
12000 74698 80686 53204 53180
12200 74552 80744 53263 53337
12400 74367 80732 53589 53470
12600 74293 80741 53687 53624
12800 74146 80756 53746 53784
13000 74039 80733 54050 53951
13200 73914 80732 54265 54125
13400 73825 80659 54291 54294
13600 73715 80585 54503 54449
13800 73603 80486 54688 54603
14000 73517 80418 54743 54762
14200 73395 80313 54891 54910
14400 73345 80229 55086 55087
14600 73274 80140 55293 55242
14800 73197 80005 55405 55386
15000 73190 79893 55570 55520
15200 73123 79800 55684 55644
15400 73114 79687 55806 55794
15600 73083 79587 55969 55931
15800 73084 79513 56083 56052
16000 73125 79403 56273 56189
16200 73132 79308 56386 56309
16400 73116 79205 56424 56436
16600 73172 79085 56650 56565
16800 73192 78990 56638 56679
17000 73240 78855 56870 56789
17200 73294 78770 57003 56894
17400 73392 78700 57070 57010
17600 73476 78654 57177 57142
17800 73569 78561 57322 57255
18000 73682 78503 57394 57362
18200 73785 78454 57614 57477
18400 73924 78389 57612 57583
18600 74031 78338 57721 57703
18800 74172 78298 57824 57828
19000 74302 78307 57995 57943
19200 74446 78284 58083 58050
19400 74586 78279 58240 58168
19600 74744 78319 58323 58279
19800 74871 78295 58447 58364
20000 75024 78338 58605 58488
