Time in microseconds. Iter / Coll / Push1 / Fluid / Rho / Phi / E / Push2
200 0 66992 540 35860 26 10 74588
400 7113 59695 55 35928 72 9 76603
600 8584 64365 56 38258 70 6 82198
800 3952 62048 56 36159 17 9 73293
1000 7173 59379 55 35581 22 18 73392
1200 0 64919 65 39838 20 10 73017
1400 4152 71418 65 42945 22 10 94430
1600 0 72365 67 41412 24 12 85476
1800 0 67693 66 41088 125 11 83750
2000 6385 61047 55 34432 21 16 71445
2200 4453 59888 54 35032 26 13 72446
2400 6601 66228 70 39844 24 12 80387
2600 4143 57208 63 33507 23 10 70121
2800 6980 68491 68 40605 31 10 85987
3000 20837 79174 69 47278 27 10 84261
3200 0 70500 59 37448 32 9 83048
3400 0 68414 66 38793 25 10 85355
3600 5844 71980 72 38867 28 11 83062
3800 0 68310 69 36570 26 10 79371
4000 4382 69770 67 38096 28 115 82588
4200 6338 75854 68 40923 29 8 79324
4400 4820 62433 68 38917 30 12 84867
4600 8533 67416 73 37800 28 12 82089
4800 6873 63736 67 37617 26 8 77063
5000 8145 67736 67 37471 33 10 76780
5200 6768 74304 75 35399 26 10 81721
5400 6561 64734 68 34531 18 9 77213
5600 5982 62289 55 36026 31 9 79506
5800 0 64873 76 38257 33 9 79060
6000 5611 66228 72 36268 26 11 83650
6200 9405 68815 60 35917 26 10 82500
6400 9564 62373 55 35653 31 9 73119
6600 10969 59552 65 36587 25 9 75026
6800 5555 65598 69 38587 27 9 79047
7000 5312 64293 898 34929 25 9 74208
7200 7719 65426 102 33585 27 13 81778
7400 7311 62106 69 39102 23 9 76486
7600 10096 61532 65 35523 25 8 78438
7800 0 58258 74 34894 25 9 76596
8000 7722 60020 82 34433 25 9 76720
8200 8031 64910 65 36051 25 10 77783
8400 7477 63663 67 34957 18 8 77290
8600 10291 59272 69 36731 19 9 73907
8800 4668 56285 68 30862 20 10 61984
9000 5075 54189 58 33073 21 9 61513
9200 9765 63159 81 35134 25 11 78438
9400 5633 50992 60 29746 27 8 65579
9600 5786 54464 64 33605 23 8 64234
9800 3971 53169 72 29903 19 11 61613
10000 6420 50064 62 32017 27 10 63340
10200 5101 51081 57 30594 27 11 65962
10400 9099 64832 169 37321 24 6 74372
10600 6617 54541 56 32441 266 8 64020
10800 7332 50141 62 30088 24 10 62850
11000 6606 52990 64 31346 28 8 64127
11200 8856 51757 55 31300 20 12 66921
11400 6499 60824 55 36024 30 9 67991
11600 12800 50538 54 31749 20 14 62347
11800 8128 62193 76 37735 28 8 83497
12000 6373 50764 63 29542 25 7 62704
12200 5741 59212 70 33872 65 12 70879
12400 0 50802 60 29320 44 12 63451
12600 6578 49468 61 28957 19 9 61982
12800 6170 50060 66 31296 20 8 60448
13000 4820 52404 60 30508 26 10 60910
13200 5794 62528 699 35036 28 8 73679
13400 5475 61459 66 35163 25 9 81077
13600 11580 64475 65 34510 29 13 72681
13800 0 63041 68 33997 27 9 77352
14000 0 60972 68 33610 36 13 75937
14200 9055 62233 69 34883 24 10 72127
14400 7026 61706 66 33821 24 8 71062
14600 13707 60974 65 34317 27 12 73510
14800 7760 59231 72 37359 25 10 75764
15000 0 60895 65 34298 20 10 73123
15200 0 59111 59 34394 28 11 76496
15400 6395 60931 66 33198 26 10 70587
15600 6625 60020 70 35284 28 13 75615
15800 4855 58877 76 32927 25 11 73484
16000 9849 66573 59 33810 30 8 70198
16200 4818 59699 66 33790 26 9 70495
16400 7750 63320 66 34770 26 9 68823
16600 8215 60802 78 33625 28 9 73574
16800 4741 59870 68 34971 26 7 73378
17000 8685 58361 68 38543 27 8 74194
17200 5544 59264 56 32236 28 8 68480
17400 7166 56961 66 36175 25 10 69826
17600 7315 58032 64 35705 31 8 71428
17800 8587 47796 60 28573 49 16 61608
18000 7582 55291 76 30748 22 18 60701
18200 6348 49404 54 30153 19 14 64915
18400 6783 53052 56 29855 23 9 60330
18600 6360 52264 71 29015 34 55 58936
18800 8380 51230 67 31783 31 10 62531
19000 0 49363 87 29318 20 12 61470
19200 6875 51620 62 29401 23 9 59655
19400 6518 50603 64 28825 47 8 65214
19600 6530 51177 55 28882 20 8 60568
19800 6081 50546 63 29466 24 297 60109
20000 6250 51495 63 29321 19 10 61018
20200 0 54268 59 31275 21 9 60804
20400 6850 50333 61 28604 21 14 62143
20600 0 50931 64 29487 20 8 67249
20800 5023 55414 56 29262 21 10 62225
21000 7603 52291 54 30679 24 12 61304
21200 6244 50824 77 29111 20 9 62172
21400 7301 51075 57 32703 23 11 61115
21600 4188 51943 56 34412 25 19 61771
21800 6624 53946 58 31418 19 11 61590
22000 5891 54239 69 30632 24 13 63535
22200 6803 54565 102 29064 17 11 60958
22400 6328 50948 59 30420 24 8 64102
22600 7510 54051 55 31074 42 9 66306
22800 4351 54301 60 31118 23 341 61785
23000 8184 60905 74 35628 28 9 71470
23200 9681 49769 138 32676 24 8 62821
23400 12504 64065 60 39035 29 13 85417
23600 4705 50839 57 30711 31 10 60928
23800 5279 50223 102 30055 26 12 65651
24000 0 50408 67 29787 25 14 60549
24200 5304 59705 75 30633 21 11 65268
24400 7097 51551 63 29662 20 10 61902
24600 5272 51194 57 29068 19 9 67611
24800 8227 51088 59 29804 46 9 62174
25000 4734 61705 327 31267 19 15 60580
25200 4308 50633 56 30554 25 12 60518
25400 7044 52479 65 29941 21 8 61577
25600 7181 51681 54 30167 24 11 60817
25800 4765 52367 57 32340 22 12 60522
26000 7267 54722 63 29309 19 10 61810
26200 0 48002 63 28953 23 12 60897
26400 9432 49019 78 29262 30 11 69751
26600 6051 52635 80 29687 22 14 61885
26800 0 57376 456 32969 27 12 70306
27000 10535 62073 78 34240 21 7 75762
27200 9914 57842 65 34093 30 13 72721
27400 4361 60143 133 33629 20 10 71901
27600 7494 66063 68 32248 27 11 78113
27800 6688 62045 77 39378 27 10 73635
28000 5771 59632 137 38112 32 10 76854
28200 9874 59976 68 36177 19 10 72995
28400 8021 64767 68 36843 25 12 73085
28600 7804 58932 68 33280 25 7 75043
28800 6195 59411 71 33388 20 10 70633
29000 9167 57130 65 36468 27 12 74655
29200 8711 59214 174 33773 28 10 75193
29400 10762 60140 67 38735 28 9 73824
29600 9378 55990 68 35514 28 9 75737
29800 0 58803 66 34684 86 10 73124
30000 6075 61817 67 34207 30 11 80062
30200 8088 64034 73 36606 28 9 79142
30400 8855 62851 148 37183 26 7 75759
30600 7091 71483 68 37274 25 12 71555
30800 0 60239 73 34546 27 12 75203
31000 9307 62853 66 32657 25 9 75097
31200 6681 63053 66 36452 29 10 72280
31400 7557 61111 80 35081 27 11 76987
31600 9143 67545 65 33912 28 8 70706
31800 7243 64278 173 35768 26 11 77239
32000 8189 60983 158 36364 24 10 78396
32200 8557 61910 66 34593 16 7 81544
32400 7517 62213 85 33616 27 11 73465
32600 7591 62566 64 36366 28 13 74064
32800 6589 50744 105 29927 20 11 73776
33000 7648 65339 69 34477 26 9 72776
33200 7754 64682 66 33380 27 9 72314
33400 7807 64127 67 35410 17 11 72322
33600 5870 60449 116 34239 52 10 68812
33800 7092 58706 70 36167 25 9 79072
34000 6999 59539 68 35466 26 9 77778
34200 9118 60172 68 33444 28 10 75182
34400 5091 57013 67 35385 25 8 70904
34600 7291 68008 55 35139 25 9 78069
34800 6676 56338 67 34602 25 12 72375
35000 4660 64005 69 34762 28 10 76038
35200 6492 59338 161 34161 28 8 75280
35400 7317 54062 55 29982 23 8 62237
35600 0 59355 68 35326 90 11 72388
35800 4232 50311 56 30863 20 8 60543
36000 6998 55925 76 38996 22 11 72351
36200 6279 53490 63 29843 20 10 66501
36400 9350 58939 546 36018 116 10 76151
36600 6816 49026 62 29086 34 9 62852
36800 0 51733 55 29433 19 9 61468
37000 7674 50159 59 29017 23 9 62952
37200 7794 56930 71 34754 27 9 69665
37400 0 62151 75 34116 27 11 79141
37600 7403 55188 66 33659 25 11 78493
37800 6935 64884 71 33811 119 10 71482
38000 8936 61549 65 34449 20 11 70319
38200 6808 61550 78 37272 32 15 73488
38400 8804 58125 67 34044 29 9 73384
38600 9630 60780 74 36592 28 11 71954
38800 5368 64890 70 38195 29 8 77084
39000 5818 67755 62 42730 28 9 81199
39200 0 66792 79 33361 27 8 74674
39400 10167 58630 68 35239 26 9 75969
39600 6619 61411 64 34059 18 14 71167
39800 5858 62869 56 34683 25 9 72671
40000 6812 58211 50 36721 25 9 71018
40200 7128 64701 67 34171 24 9 73373
40400 8073 50302 54 29793 20 12 62125
40600 5098 51552 56 29427 18 9 65090
40800 6673 61909 68 35408 26 8 70867
41000 0 55010 82 36477 35 8 75656
41200 6237 60155 71 34452 59 11 72335
41400 5785 63189 70 39521 26 9 77208
41600 7562 56900 65 33619 26 10 74146
41800 5445 66651 61 35937 27 8 77255
42000 5412 66994 67 36715 30 11 75057
42200 6322 62668 67 35193 26 10 76911
42400 0 53113 102 31428 20 11 66719
42600 5687 52198 55 31247 21 12 63478
42800 6851 58227 55 33195 21 12 68530
43000 9141 58924 61 47602 506 11 77189
43200 6211 62376 89 31304 19 12 65428
43400 6513 56014 53 31660 22 8 64464
43600 3493 55143 58 31088 21 9 63813
43800 6987 54564 55 34141 17 11 64472
44000 6990 53310 61 33768 18 10 65580
44200 8012 53670 62 30833 23 9 63487
44400 6932 76022 57 34504 20 382 70738
44600 0 60782 62 30722 21 8 73271
44800 4721 56763 54 32426 20 10 67268
45000 7908 57408 83 30203 18 10 64620
45200 5640 55393 55 35572 25 8 70520
45400 8153 57045 68 31149 25 11 68671
45600 5997 58214 55 30639 19 10 65555
45800 7581 54449 50 31446 257 12 64549
46000 5984 54322 59 34362 18 11 66423
46200 10250 74009 55 33956 21 14 71720
46400 8116 55582 55 31207 29 9 66478
46600 0 51567 55 32868 20 8 64195
46800 0 66116 57 34473 19 11 72032
47000 5346 56143 63 32341 36 20 64207
47200 4245 61519 57 31433 20 12 63464
47400 5255 52622 64 31131 20 10 66504
47600 6561 57369 153 31993 21 16 71237
47800 8410 55176 68 32724 30 10 69577
48000 8236 85804 70 39756 31 8 81516
48200 0 51873 56 32503 24 10 65594
48400 8538 51248 58 31702 19 9 65360
48600 9365 55002 62 32498 20 8 67878
48800 7884 52136 60 33026 20 8 69647
49000 4129 53019 60 34088 23 9 70344
49200 5656 54640 50 32286 20 9 67622
49400 8621 56370 54 34614 20 8 65099
49600 9342 53020 60 33034 19 10 67722
49800 9602 81934 61 37579 28 10 91077
50000 9476 59440 65 36458 24 9 79171
50200 7168 65428 65 36985 20 9 77122
50400 10927 73943 83 39045 19 10 72061
50600 11362 56804 55 31612 20 12 66190
50800 7964 54990 61 32461 29 12 73305
51000 6022 53620 58 33682 20 8 67752
51200 0 53787 63 32320 20 10 68269
51400 9819 53976 56 31623 23 20 65285
51600 5126 59219 60 33386 19 9 65497
51800 9309 68848 67 36595 26 9 81485
52000 7344 63801 68 35792 25 11 86728
52200 5903 67360 68 35977 27 11 78725
52400 5846 66780 68 37050 25 8 79000
52600 6992 68724 68 37667 20 9 87136
52800 8307 69261 70 37478 27 9 80197
53000 6546 72852 67 39934 26 17 85866
53200 7644 64669 504 36556 81 11 85328
53400 10436 62972 69 37310 113 10 80608
53600 0 69170 69 39161 36 6 80394
53800 8042 63676 61 44566 26 9 80321
54000 6317 74133 64 36389 28 13 83044
54200 5958 68862 68 36901 27 8 82452
54400 7368 53656 56 32321 23 14 70751
54600 7767 55089 64 32842 19 19 68160
54800 8848 64246 59 41894 25 29 82346
55000 11012 55120 313 35328 19 9 67240
55200 6345 54651 68 34145 18 8 68763
55400 8238 56210 63 31975 43 7 68255
55600 9925 69618 69 38642 26 10 85618
55800 6931 71391 65 41471 25 8 80793
56000 2642 58408 56 33260 94 11 67122
56200 9428 55145 60 34773 25 11 70914
56400 0 56834 57 37300 27 9 78080
56600 0 65022 69 39210 27 9 84819
56800 5568 55796 55 33710 20 11 66704
57000 6411 54611 62 32230 20 11 68349
57200 6891 64797 57 34416 21 12 67890
57400 8256 56949 75 37463 22 12 67711
57600 6396 53706 77 34793 27 8 66047
57800 10014 53718 56 32359 25 14 68406
58000 8541 53363 57 32613 19 8 67040
58200 7753 69979 77 52384 25 10 104420
58400 4311 60511 61 32303 26 12 71603
58600 7266 53586 55 34092 20 12 66694
58800 0 59161 72 33275 61 10 67325
59000 3807 56715 528 33888 18 12 67464
59200 6979 54806 55 32822 19 15 68531
59400 7635 56931 65 33313 21 16 67069
59600 8883 55101 56 40251 22 10 67260
59800 5422 56513 60 31338 21 15 65904
60000 6412 57658 74 36617 27 10 67784
60200 8606 64255 78 36652 21 9 79415
60400 7291 73810 68 37695 27 9 78642
60600 7602 66324 65 41720 26 10 84902
60800 0 67464 79 40951 33 12 80854
61000 9829 68992 68 40178 26 10 85457
61200 9370 66475 73 43829 25 12 82586
61400 8535 66187 63 40216 31 10 84935
61600 6908 66749 73 36890 17 9 85107
61800 11435 69803 82 37455 18 9 80205
62000 7836 75165 77 47759 22 9 80640
62200 10496 63759 121 43069 25 7 87244
62400 11188 61672 67 37554 28 11 86273
62600 6937 65827 77 37896 27 10 88348
62800 7145 73792 68 38083 27 17 79155
63000 4633 56189 56 33221 23 12 70342
63200 7492 62586 64 38615 28 14 76301
63400 8315 53447 69 33335 20 9 66926
63600 0 55984 59 35843 21 16 67467
63800 5186 55972 63 32585 22 8 70035
64000 0 62398 72 41684 27 10 78057
64200 0 67019 86 37414 20 8 87924
64400 18068 79168 1771 46603 24 9 89836
64600 0 64513 498 38584 26 12 81801
64800 7442 63398 57 40443 26 8 76321
65000 0 65753 68 36245 26 10 82608
65200 7273 62597 70 41372 26 10 76690
65400 6036 65748 59 38274 26 10 80050
65600 7547 66784 67 36896 28 9 82603
65800 0 63020 67 37261 27 9 77791
66000 6914 68922 57 37343 18 13 88508
66200 7488 63320 68 35988 27 10 76472
66400 7234 67127 68 35499 25 11 79818
66600 5345 49653 59 31601 17 8 65679
66800 5876 60570 62 32360 25 11 73913
67000 10497 59818 58 32280 21 9 67234
67200 0 55300 55 35974 32 14 67191
67400 7518 55139 53 32784 22 16 69663
67600 5049 55053 71 32382 26 9 68437
67800 9538 57821 56 32186 19 7 68747
68000 9171 54391 63 32344 20 11 68755
68200 9120 55579 54 32497 21 49 68316
68400 5883 56398 55 33337 18 13 66589
68600 5788 56242 58 32479 20 14 67987
68800 10790 51679 55 33872 22 8 66445
69000 4305 56358 56 31874 21 10 66400
69200 6752 54266 66 32532 19 21 70319
69400 7641 59711 56 32824 17 10 69350
69600 5106 56866 78 32338 64 20 66306
69800 6660 53751 364 32644 60 8 68388
70000 10105 69255 66 39474 419 8 94656
70200 8630 67751 165 39755 27 15 84054
70400 0 67388 55 38537 28 12 79874
70600 8471 70138 67 44468 31 13 79242
70800 11393 67380 69 39302 27 10 77552
71000 5714 66563 64 33990 19 10 70796
71200 7177 73555 67 42402 25 43 91793
71400 6297 70650 65 34712 19 8 73188
71600 7531 57067 57 33759 20 11 74532
71800 5613 58002 61 34143 20 9 70709
72000 0 56078 56 35218 20 8 67600
72200 6190 59125 124 34465 23 11 70347
72400 7012 57085 55 33278 20 10 71155
72600 7684 56177 61 33167 21 10 71475
72800 5556 57211 57 36501 20 11 72055
73000 0 56345 52 31130 13 6 81056
73200 0 50566 42 31491 13 5 73992
73400 3401 53383 42 31183 13 40 65374
73600 3306 52704 42 33035 15 6 67045
73800 3601 51280 65 34070 15 7 65618
74000 5133 50840 42 35674 13 6 66560
74200 4278 54781 42 32040 14 5 66683
74400 3212 57760 54 31560 13 6 68493
74600 3153 50084 51 34481 13 6 72246
74800 3798 51210 42 35289 13 6 65021
75000 3303 50423 42 31358 13 5 70753
75200 3359 50061 42 31327 13 5 67937
75400 3410 57427 387 31858 15 6 67863
75600 3881 65606 56 40388 19 7 83935
75800 3086 50471 57 31341 15 6 65064
76000 3244 55016 42 31180 13 6 68104
76200 0 54566 57 34692 12 6 66682
76400 3044 50189 41 30897 12 5 65111
76600 3120 54637 48 35772 15 6 84507
76800 3420 57643 60 31735 14 5 74229
77000 0 60352 58 36376 15 6 80476
77200 4599 62235 57 39439 15 6 80096
77400 3931 58299 47 36870 15 7 76691
77600 4338 61180 55 38906 18 8 84607
77800 4370 59539 48 36349 17 7 79871
78000 0 50352 41 31428 14 6 64500
78200 5285 58304 47 36829 15 33 86579
78400 3810 52350 42 30832 13 5 70530
78600 3351 54100 47 32588 13 6 65322
78800 3731 59736 48 37577 17 6 80273
79000 3283 51328 43 31092 12 5 64704
79200 4444 60186 47 38913 15 6 82910
79400 3333 50670 42 31757 14 6 66367
79600 4799 64510 65 39567 18 7 80322
79800 4887 62597 48 36729 16 6 85231
80000 5109 63341 57 35687 15 6 84657
80200 4873 67345 47 35949 15 7 76787
80400 3709 60739 48 35343 15 7 82246
80600 4125 64868 140 36855 223 6 77395
80800 4437 64660 57 36623 14 7 78453
81000 5223 59841 49 35750 14 6 78147
81200 4139 58948 51 38688 23 6 79260
81400 4061 63399 50 37349 15 6 76223
81600 4659 66059 54 36582 17 6 76473
81800 3944 60852 53 37862 16 7 75924
82000 5256 65065 47 36568 15 6 79012
82200 4101 59784 47 37560 17 6 78748
82400 0 61112 58 36130 15 6 80879
82600 4419 59519 47 36430 19 7 82604
82800 4329 62981 51 36626 14 7 78343
83000 3931 59436 47 38633 19 7 89951
83200 4287 63695 47 36160 18 7 80356
83400 4151 62039 51 42033 14 7 79735
83600 0 63149 78 40126 15 6 79318
83800 3827 61768 57 37012 15 7 89969
84000 3312 51639 42 31263 13 5 65322
84200 3374 51457 42 32717 12 5 66432
84400 3352 51759 42 35320 15 6 88252
84600 3947 52567 43 31191 13 5 65629
84800 4931 64654 57 38242 15 7 78853
85000 0 65502 57 41042 15 6 79610
85200 4065 62267 48 43242 20 7 81503
85400 4192 61619 49 37033 19 7 81385
85600 0 58366 55 36012 16 6 78681
85800 5560 59441 55 36669 15 6 79035
86000 0 62217 61 38271 15 7 79832
86200 3987 61004 52 36933 41 6 77052
86400 4867 61967 47 36313 15 7 79362
86600 0 70333 57 40498 15 7 81253
86800 4753 63175 47 36780 16 7 77791
87000 4445 69183 191 37443 16 6 76999
87200 4651 61989 47 36984 15 7 84104
87400 3992 51286 42 31569 13 5 65446
87600 6105 61817 47 37336 15 8 84454
87800 4096 58337 42 34012 14 6 65667
88000 4952 69016 88 42413 15 50 99282
88200 3923 57341 48 34824 14 6 68780
88400 4034 53544 43 34626 15 6 74263
88600 3741 52744 42 31408 13 6 70349
88800 3467 51671 42 31160 13 5 66148
89000 3909 50831 42 32403 13 6 66039
89200 3208 50475 43 33923 15 6 66568
89400 3407 51538 42 32374 14 6 66682
89600 3480 51678 42 31834 13 7 65412
89800 0 52986 42 32324 13 6 65672
90000 0 51295 42 31517 13 6 65830
90200 4055 52469 42 31653 14 6 65127
90400 3811 52039 42 32092 13 6 66586
90600 3787 51233 42 31638 12 5 66936
90800 0 51015 229 34553 17 7 72206
91000 3543 51391 42 33420 15 6 67868
91200 3761 51657 42 31565 13 5 67529
91400 0 54746 42 32087 15 6 71361
91600 3186 52854 42 31885 12 5 68289
91800 3567 51318 42 34358 15 6 70445
92000 3411 52179 42 32042 12 4 68734
92200 3765 52977 42 31928 13 5 71555
92400 3485 52669 49 33342 14 5 67608
92600 3293 53486 42 32660 13 5 66932
92800 3485 60016 42 33733 13 5 68157
93000 3761 53526 42 31817 13 6 67652
93200 5242 65051 86 38103 15 6 68613
93400 4243 54575 42 33795 14 6 71315
93600 3509 54005 42 33286 13 6 68165
93800 0 52012 42 33609 16 30 67324
94000 3489 53216 42 32248 13 5 68016
94200 3506 52573 41 32213 12 5 67754
94400 4210 54587 55 32557 12 5 68299
94600 3410 53192 48 34178 13 5 69261
94800 5723 60810 47 36592 13 6 71022
95000 3435 52809 42 34532 30 6 68853
95200 3460 52945 42 32641 13 7 67699
95400 3911 53572 64 33142 13 6 68731
95600 0 51473 42 32902 13 5 71304
95800 3591 54169 42 32719 13 6 68122
96000 3066 51981 43 31761 12 5 67349
96200 3394 52311 42 31743 15 6 67150
96400 3498 54780 43 31794 14 6 66601
96600 3740 54375 42 32728 13 6 72097
96800 5107 82189 47 38190 18 6 79999
97000 3423 52409 42 32243 13 6 67173
97200 3843 55199 47 32047 14 6 69108
97400 3361 54167 42 31429 13 5 67268
97600 3492 51761 42 32714 14 6 67615
97800 6338 53079 76 32045 13 6 68077
98000 3557 52303 42 32157 13 5 67834
98200 0 52184 49 32262 15 6 68516
98400 3491 56437 42 32784 13 6 66256
98600 3392 52250 48 32479 13 5 66574
98800 3592 51629 42 32511 13 5 66683
99000 3748 53644 42 31771 13 5 70100
99200 3687 52236 51 32943 13 6 68062
99400 3512 52539 42 32670 13 6 66423
99600 4189 52875 42 32911 13 5 81945
99800 3303 51500 43 33011 13 6 67558
100000 3468 52384 42 31973 15 7 72644
100200 3725 54367 43 35949 18 6 67426
100400 3392 52147 41 31873 13 5 71284
100600 3714 52334 42 32513 13 6 67459
100800 3800 52904 43 32300 13 5 67341
101000 3760 52405 42 37901 13 6 68899
101200 3932 59227 42 36186 16 7 70394
101400 7433 57314 42 32906 13 6 67587
101600 3000 59303 42 33089 12 5 69990
101800 3600 57233 48 33784 14 199 70572
102000 3673 57230 80 38556 13 5 71246
102200 3582 54303 43 32491 23 6 71411
102400 4068 53433 42 32690 13 5 68701
102600 4006 66343 58 38978 19 7 88980
102800 4199 64546 47 39758 15 6 85993
103000 3925 63632 88 42834 20 7 84220
103200 5279 66942 48 38439 17 6 83394
103400 0 63766 48 42672 15 6 79085
103600 4919 64108 48 38201 16 6 87998
103800 4459 62901 69 40900 15 6 82811
104000 4426 62620 55 38265 14 7 89339
104200 4326 62691 48 37346 15 7 84877
104400 4225 67894 56 39534 19 6 86358
104600 4278 66663 47 38841 14 6 81562
104800 4371 63729 56 46084 19 7 82085
105000 4299 64090 48 38361 18 8 80403
105200 3916 63172 49 37519 16 6 80964
105400 3742 54693 48 33336 14 6 72137
105600 3572 52528 42 33174 13 6 67924
105800 3489 53580 42 32457 14 5 67416
106000 3476 55301 42 32328 14 6 69594
106200 3772 62633 51 39657 20 7 82298
106400 0 53785 43 32783 15 4 67435
106600 4266 62277 48 39547 15 7 78672
106800 3510 53327 42 32267 14 5 67429
107000 0 65516 51 39103 15 6 80056
107200 3539 52145 42 44878 15 6 68647
107400 3582 52443 42 31461 12 6 68851
107600 0 54495 42 32524 13 6 68735
107800 0 52511 42 32533 13 5 70622
108000 3501 53320 42 32744 14 6 67818
108200 3442 52017 42 32587 14 5 67376
108400 3734 54712 286 33135 16 6 67418
108600 3815 54257 42 32652 13 6 70606
108800 3457 52652 42 32611 13 5 68450
109000 3420 52342 43 33781 13 6 69904
109200 3745 53002 43 32016 14 6 67726
109400 3576 51937 41 32489 14 6 74666
109600 4529 54589 42 32745 13 6 68141
109800 3602 51937 42 32411 13 6 67475
110000 3470 53003 42 32099 14 6 68791
110200 3509 54628 42 32204 13 6 68027
110400 3834 52300 42 32191 13 6 67387
110600 3618 52919 42 36075 13 6 69696
110800 4482 54604 43 32347 14 6 69096
111000 3737 53901 42 33918 14 6 74677
111200 3739 53154 42 36525 13 5 69652
111400 3536 52434 41 32320 12 4 67799
111600 3536 53838 42 35753 12 5 68687
111800 4563 54040 42 32915 13 6 68388
112000 0 53508 42 33330 16 5 68822
112200 3911 55348 42 33974 12 5 68489
112400 3551 53941 42 33181 13 6 75338
112600 3909 54784 61 33593 13 5 69105
112800 3733 53206 41 33578 12 15 73261
113000 3433 60630 42 35103 14 5 71334
113200 4177 65142 60 47116 15 6 83829
113400 4101 55005 47 33385 13 5 74157
113600 3204 57409 42 33647 13 5 71460
113800 0 62869 42 33994 13 6 69046
114000 0 53161 42 33359 23 4 73586
114200 0 54880 42 34688 13 6 70992
114400 3541 61506 319 34253 13 6 72951
114600 3943 60855 47 36014 14 5 71662
114800 0 56077 42 32969 13 6 69066
115000 5159 66177 47 40292 19 6 82529
115200 3506 54834 42 33423 13 5 68882
115400 4845 65388 57 40678 15 6 79841
115600 4124 64537 51 39966 17 6 80278
115800 4311 61787 48 39337 15 7 82151
116000 3867 63933 48 37911 18 7 80854
116200 3809 63700 49 40269 15 6 83419
116400 0 64480 48 39031 18 7 83861
116600 5106 67134 56 36483 13 6 69560
116800 4292 62660 58 42153 19 6 83980
117000 3810 53418 42 33027 13 6 70880
117200 3429 53215 42 32740 17 6 68599
117400 3342 54063 42 33674 15 7 68029
117600 3695 54049 42 33122 13 6 71273
117800 4838 64234 48 42397 18 8 84332
118000 5021 64970 47 39377 15 7 81759
118200 3592 53793 42 33774 16 6 69261
118400 4838 61843 52 39000 16 6 82768
118600 0 52953 43 32461 44 6 73675
118800 4191 56127 49 33528 14 6 67405
119000 3738 53009 42 32346 14 5 71488
119200 3939 65133 50 38964 15 6 82782
119400 3652 52065 210 33218 41 5 69467
119600 3999 65806 51 38447 15 6 79613
119800 4070 62184 48 39960 19 7 83034
120000 4513 66477 47 40408 18 7 89758
120200 5461 63098 57 37093 18 6 85822
120400 4002 64355 57 40072 15 6 84575
120600 3863 70597 48 39824 19 7 80038
120800 4743 60311 48 39094 15 7 85980
121000 4211 63614 48 38812 17 5 87759
121200 4377 64408 87 39784 15 6 81818
121400 3980 65837 57 37016 15 7 87437
121600 5030 64359 48 41232 15 7 84201
121800 0 65170 51 38308 15 6 79908
122000 0 63800 48 39037 16 6 81708
122200 0 67645 47 38826 17 6 86059
122400 0 64494 57 40725 16 6 81932
122600 3644 53404 42 37860 12 5 69651
122800 4326 63236 51 40121 17 6 84577
123000 3598 57395 47 33076 13 6 69474
123200 4364 67208 60 37423 15 6 83048
123400 3727 53197 42 37803 16 6 72464
123600 4474 63598 51 42066 15 28 90051
123800 0 64266 48 38724 18 6 89846
124000 3940 54394 43 37721 20 6 70099
124200 0 57808 43 33138 13 6 68928
124400 4368 63785 48 40846 16 7 93854
124600 3577 53565 42 32769 13 5 68840
124800 4250 62863 47 38983 15 6 83440
125000 3461 61312 42 33588 13 6 88830
125200 3608 53894 48 32877 17 5 74897
125400 3935 60800 48 40104 19 7 86230
125600 4216 61536 56 38892 17 6 80104
125800 4530 64368 48 36544 36 6 80536
126000 3899 67169 48 37295 15 6 77210
126200 0 66995 48 39031 15 6 79531
126400 5055 66469 296 36761 15 7 84660
126600 3842 62771 51 38137 15 7 80897
126800 0 65228 57 39656 15 7 88559
127000 5061 64490 58 39914 15 6 84032
127200 4578 64355 48 39253 15 6 89423
127400 4734 63206 47 36932 16 7 85949
127600 4376 60054 51 37741 19 8 82508
127800 0 62263 58 43427 15 7 80927
128000 4160 65547 47 41555 19 7 85526
128200 4542 62946 51 38487 19 7 82888
128400 4139 65400 52 38377 15 7 77997
128600 0 63520 47 37327 19 7 81557
128800 3585 52832 43 32821 12 6 68893
129000 10177 55974 54 37191 20 11 73242
129200 10280 55477 140 34115 22 110 70773
129400 7483 57368 58 37269 18 9 72782
129600 8329 57502 59 34976 22 20 74923
129800 7501 62737 54 33722 19 11 71314
130000 0 58611 76 34958 21 9 71606
130200 10141 62722 56 35592 20 24 70355
130400 7894 59382 56 37927 26 10 71917
130600 8242 74466 67 42515 26 10 88589
130800 9405 69507 71 42426 25 11 84841
131000 7769 74315 67 39284 425 11 86693
131200 9599 73823 58 42672 36 15 88983
131400 0 76068 69 41306 26 10 89920
131600 8396 69725 66 39521 25 8 83038
131800 11338 81228 73 48980 26 10 82092
132000 7552 58957 56 36583 18 10 71762
132200 9712 80875 67 38937 24 11 89169
132400 8325 66264 54 36485 27 17 93372
132600 8368 61029 55 34950 22 12 72153
132800 6071 64117 115 34679 18 7 72499
133000 5911 57046 61 35695 32 14 72548
133200 8289 57553 63 36059 19 8 72532
133400 6138 59028 56 35757 20 10 77337
133600 7368 63338 56 35996 19 13 74054
133800 0 59038 60 37306 16 10 72249
134000 4987 60575 530 34920 22 9 71841
134200 6201 59544 56 35129 21 12 73472
134400 6797 61255 58 34904 21 7 70974
134600 5792 59053 64 34919 35 11 71145
134800 6841 59981 151 35710 26 9 78163
135000 0 56784 68 34982 22 10 73142
135200 5837 68662 67 38420 24 7 72103
135400 3745 59937 97 34736 24 12 71707
135600 8540 61203 55 34450 29 9 74177
135800 7278 60452 61 34012 18 12 70864
136000 5994 61469 60 34822 23 17 72485
136200 6814 66869 55 36445 21 10 73598
136400 7339 60599 57 34132 20 10 72518
136600 6665 60817 63 52637 28 20 103732
136800 7083 62541 56 39446 24 11 71522
137000 10141 57647 59 34621 542 13 70827
137200 8580 59338 61 34529 37 10 72888
137400 7977 59839 65 33711 26 9 71169
137600 7179 59934 59 35852 22 12 78332
137800 5562 61049 96 35295 22 8 71259
138000 10485 57757 77 34326 18 9 69877
138200 10115 55687 77 34017 21 18 75309
138400 10427 57796 390 33920 19 12 69867
138600 4903 58719 56 35256 18 10 70357
138800 0 59218 67 36428 20 14 80147
139000 6936 58415 57 35660 19 12 70996
139200 8108 61167 56 33559 20 11 74756
139400 10685 61027 68 35369 20 9 71183
139600 8094 58961 62 33878 20 11 75908
139800 5596 58866 55 35212 20 20 71309
140000 7776 61384 60 34536 22 7 72492
140200 7099 60144 55 33603 21 14 75071
140400 9191 55632 63 34064 20 10 74060
140600 9026 57602 57 34614 21 10 71490
140800 7100 58698 56 34406 21 8 70238
141000 12498 65747 71 35892 28 10 75481
141200 8111 75800 62 50360 25 8 103117
141400 0 64701 58 36774 21 11 72393
141600 6658 62862 311 36202 23 9 73109
141800 11677 59192 65 35492 26 590 76519
142000 9297 66436 65 37841 34 8 87228
142200 7905 58263 68 35838 23 9 75131
142400 6970 59339 61 34705 22 14 71497
142600 7767 57411 58 34760 19 15 71769
142800 0 62016 82 37117 23 9 71820
143000 7404 60427 90 33952 36 11 73957
143200 12011 57993 60 35376 20 9 71720
143400 8380 61141 63 34452 22 8 71268
143600 6792 57490 54 34924 20 13 70969
143800 8095 56839 58 35361 20 21 78847
144000 7801 58393 57 39443 20 12 72041
144200 0 58720 92 33651 25 12 73357
144400 8002 58610 55 35308 19 11 72635
144600 9809 66955 66 40645 26 9 85538
144800 9335 81539 82 41831 21 10 73439
145000 7960 56475 59 34147 29 14 72631
145200 6441 62624 61 35094 22 33 71531
145400 10619 55233 54 33841 21 12 70570
145600 4840 59330 61 33738 22 9 69973
145800 8075 60623 60 34262 19 10 71052
146000 6220 68297 71 38766 25 12 88479
146200 0 58760 344 33354 22 18 76013
146400 5316 58233 60 34001 486 10 70710
146600 9792 56627 55 36054 14 10 72719
146800 6785 59354 69 35805 20 10 73229
147000 6019 58068 59 36741 29 10 77670
147200 6830 58041 55 37243 19 15 79308
147400 5219 59795 61 35373 19 12 73187
147600 8706 69379 66 41878 30 7 80117
147800 5598 68366 68 39873 27 11 89176
148000 0 72900 67 40087 29 8 81238
148200 7576 72601 67 39794 31 10 87575
148400 9849 67172 76 40572 26 12 84620
148600 8866 63876 60 37436 21 17 70272
148800 0 67197 66 38808 26 794 83981
149000 10136 66116 55 41579 28 13 87249
149200 8509 66826 66 40038 25 37 86998
149400 9346 69898 67 39840 26 13 87522
149600 8982 73147 57 40328 28 8 82094
149800 0 65606 67 40829 26 11 83816
150000 10368 77174 68 42087 26 11 82774
150200 10449 68228 67 40684 31 9 93342
150400 5639 72688 624 43240 27 12 84121
150600 6858 68984 67 42789 17 8 96043
150800 0 69775 69 41298 27 9 84819
151000 9605 73062 67 42055 26 12 96400
151200 7030 75425 520 39375 25 9 85006
151400 11022 69202 74 38557 25 9 85221
151600 8282 72473 56 41965 25 11 86415
151800 10392 69194 72 40819 29 11 86699
152000 9957 73509 70 41200 47 12 88829
152200 8214 67786 68 41400 27 12 85027
152400 5308 71650 66 39236 474 9 87760
152600 7741 65868 136 39348 26 10 87224
152800 7620 75336 65 39261 29 10 88924
153000 11739 75008 65 48802 30 8 114928
153200 7177 58156 51 41511 73 15 72747
153400 4834 58470 58 34784 20 10 70417
153600 5322 56376 57 33871 19 8 69426
153800 5334 59444 57 34276 18 18 71671
154000 6589 59199 61 34040 77 10 71796
154200 6932 58895 57 44436 29 9 87975
154400 0 64927 65 34644 18 14 71162
154600 7775 75013 64 39150 27 10 84711
154800 7139 72784 71 39887 26 11 83272
155000 7291 67588 70 39146 25 10 87620
155200 9949 64679 102 39339 20 12 81444
155400 8402 66374 66 38581 27 10 87974
155600 7193 64908 74 41397 16 11 83151
155800 5391 69228 72 38500 26 14 85004
156000 11322 77930 62 46868 24 8 107607
156200 9242 66330 67 41703 25 8 86635
156400 9227 63897 68 40573 16 9 93398
156600 9206 68269 83 38872 35 13 91343
156800 7452 68599 64 40864 26 11 85756
157000 7907 65460 67 38529 25 10 84424
157200 6105 64208 419 40432 36 16 86359
157400 7527 62679 65 41246 27 10 83299
157600 9271 71676 69 43426 24 8 86501
157800 9640 69091 66 40619 29 12 84054
158000 7336 75694 71 40004 26 10 85586
158200 10292 65057 66 39469 26 10 86829
158400 6920 68563 67 39446 28 10 83537
158600 8082 66714 66 41705 29 9 87517
158800 5374 54214 57 34136 22 26 72355
159000 7904 57335 61 33790 19 8 70355
159200 6985 66092 64 40333 29 10 82270
159400 6845 56911 60 33275 28 12 69648
159600 6786 67163 148 38082 28 12 84659
159800 0 69824 129 41313 27 9 82096
160000 6218 66912 64 37397 32 10 86322
160200 11500 73008 77 38795 27 9 83800
160400 7140 65660 68 38748 28 9 90393
160600 12691 64996 65 41940 34 9 91648
160800 10237 75251 69 38679 26 8 85998
161000 8922 68443 55 40385 38 10 88950
161200 7161 74511 66 44598 30 14 87211
161400 8372 68152 74 39667 22 9 94651
161600 7423 64956 171 38919 29 8 87917
161800 8677 80511 67 38110 25 8 85844
162000 8614 70144 70 37286 28 10 82523
162200 11243 68400 67 41581 32 9 83556
162400 5588 56387 57 34198 19 10 75038
162600 7756 70287 83 39110 26 12 84353
162800 0 59658 60 36987 21 9 79471
163000 0 55996 56 35564 25 10 77753
163200 6211 72278 56 39554 30 12 85621
163400 7018 56014 55 35036 22 10 74866
163600 7519 64272 56 39845 21 13 71387
163800 5199 59059 55 35606 26 12 73397
164000 5299 54079 52 33621 18 6 70806
164200 8129 58211 55 36313 25 9 70602
164400 5812 57068 59 33207 19 10 79780
164600 6487 59073 59 34550 20 9 71400
164800 7683 56215 56 33920 19 13 69814
165000 5463 59479 55 33402 24 11 69494
165200 0 57242 58 34904 23 9 71285
165400 6170 71294 90 41907 26 9 86986
165600 0 71675 68 41022 81 12 81387
165800 8700 74936 67 41458 28 11 87315
166000 9286 67190 71 39396 28 9 90760
166200 0 65940 472 40076 25 10 85103
166400 0 67857 67 39680 28 8 83309
166600 10846 66764 57 40727 24 10 87255
166800 7728 67493 68 40920 27 9 82437
167000 8219 63095 66 39408 28 9 83809
167200 0 69666 62 40606 27 9 86880
167400 7212 69890 67 46177 28 10 81447
167600 7078 67394 131 39996 28 10 89854
167800 6143 68830 61 40467 18 9 83376
168000 7444 63703 66 38233 26 10 84797
168200 6037 55717 58 37272 19 8 71118
168400 5170 70413 70 38180 21 9 85845
168600 8201 78239 69 42095 26 9 81388
168800 5061 59758 55 33551 16 10 74377
169000 0 71168 68 40985 17 12 83415
169200 5571 53832 59 33406 19 10 73207
169400 8368 56231 61 35084 20 10 69379
169600 8127 70996 65 39674 22 9 84985
169800 0 66609 55 41295 26 9 81105
170000 7428 75504 65 40865 28 11 85537
170200 0 66940 69 39146 26 9 83643
170400 12430 65677 56 41319 25 12 85204
170600 8897 70633 68 39135 17 10 90301
170800 8199 71028 66 42333 28 8 86495
171000 7876 66753 62 44319 27 9 83989
171200 7812 69417 501 42251 27 10 87659
171400 6339 72056 948 40257 26 9 85291
171600 7448 70124 55 39322 26 9 87100
171800 12656 72416 81 41934 25 10 83152
172000 6810 70397 67 38768 23 8 88412
172200 7849 73858 68 42277 23 11 86189
172400 10642 68606 67 40077 21 9 92481
172600 11958 69336 56 47467 27 10 86467
172800 6602 63580 65 40537 21 8 82101
173000 0 69239 69 38595 28 10 83375
173200 5410 60668 58 34726 19 8 71979
173400 7977 65579 51 41736 20 9 87188
173600 6975 64739 69 39093 16 10 84315
173800 10458 63841 71 40903 26 9 85899
174000 16607 69608 69 40993 27 10 88249
174200 8223 73922 131 40014 29 7 91562
174400 7800 67424 69 40337 26 12 87654
174600 6404 65370 65 39549 32 9 83580
174800 6565 71185 67 40473 29 9 90069
175000 7043 74084 68 41231 25 10 82750
175200 11863 68895 69 40875 22 10 88576
175400 9584 69519 71 38406 18 10 95131
175600 9834 66788 66 41378 27 8 83801
175800 8484 66043 69 42176 26 8 86450
176000 8508 68035 68 40668 27 9 88772
176200 0 69496 67 40560 25 8 96481
176400 7128 70466 63 39939 28 8 83743
176600 6581 58075 57 34195 21 8 72681
176800 7059 66623 67 40645 24 8 93157
177000 7583 68978 70 38202 613 9 83773
177200 7075 62028 67 39361 26 7 84085
177400 6258 66807 417 39227 17 8 87018
177600 6589 67860 66 43171 27 9 88139
177800 8145 64463 69 39377 25 10 94259
178000 10944 72224 64 40036 22 10 91755
178200 7335 69538 66 44232 28 9 84693
178400 6907 66421 57 38124 20 10 82941
178600 8704 71679 70 39081 19 10 86518
178800 7538 71765 68 39352 22 8 84207
179000 7669 63951 68 40700 27 10 85269
179200 0 76267 55 37893 28 10 83543
179400 10054 66215 68 43581 26 10 87280
179600 8119 70464 69 39607 27 11 84751
179800 0 70552 66 42497 90 8 81223
180000 5407 55776 55 34847 20 14 70602
180200 8408 55191 59 33581 22 10 72462
180400 6369 61558 54 33212 26 7 70573
180600 5286 53911 54 34289 23 10 71848
180800 10428 57861 62 36880 21 13 70698
181000 0 61324 56 33803 17 9 72277
181200 7137 60214 60 33654 21 8 71936
181400 5683 58280 57 33681 19 8 74276
181600 8117 56080 63 33807 21 12 72771
181800 7677 56179 72 34706 29 10 75391
182000 0 59758 58 34556 20 9 73040
182200 9638 69808 70 39718 30 11 85190
182400 10793 76743 68 39517 27 9 87948
182600 0 79642 77 46202 29 9 83607
182800 0 67868 66 41158 24 10 89202
183000 11019 66670 66 42512 29 8 86330
183200 9543 70735 139 40749 30 16 86282
183400 6748 68543 67 40660 21 9 84664
183600 8474 78098 67 41933 35 13 86853
183800 10024 73706 734 41655 20 8 88793
184000 0 72865 67 41052 28 10 87244
184200 0 69774 63 39610 21 9 83216
184400 0 76624 68 42123 28 12 85921
184600 0 72422 68 42130 30 11 80996
184800 7770 66353 70 40843 26 9 89375
185000 7286 68173 64 40977 31 13 90704
185200 7398 69171 69 40663 25 9 86647
185400 7942 71651 70 41661 27 10 89531
185600 6054 71147 55 44488 26 10 86764
185800 6553 67114 75 39577 27 10 83424
186000 6713 69370 82 41349 24 9 85846
186200 6508 69871 129 40351 27 10 85182
186400 11101 68800 106 39515 32 11 89931
186600 6600 68880 137 39942 26 11 83041
186800 7682 70946 56 38548 28 9 88965
187000 0 70785 69 41091 26 8 98002
187200 13293 75117 68 42841 26 14 89668
187400 5622 56106 59 34081 21 10 71037
187600 13245 66739 67 41254 28 10 86133
187800 5594 54193 58 33930 19 8 71788
188000 8407 58854 61 34846 19 11 72717
188200 6841 65874 67 42831 33 8 84240
188400 6933 55842 54 33164 21 7 75272
188600 6900 63201 54 37730 21 8 71427
188800 0 54370 48 34358 15 7 78169
189000 6731 82005 48 37465 14 7 74411
189200 5517 61051 48 37045 14 6 78174
189400 4351 57821 48 35191 17 7 69999
189600 7784 59666 72 36003 26 9 72325
189800 5369 55918 47 34716 16 7 71564
190000 0 57710 49 38901 15 7 73907
190200 5863 58701 48 34796 14 6 77394
190400 4880 57783 47 38976 15 7 73817
190600 4454 57691 96 35693 16 7 91971
190800 7257 58809 58 36331 16 7 77686
191000 7672 58230 80 35373 19 9 73221
191200 6170 58291 51 38200 16 8 71227
191400 7664 59368 276 35236 27 71 70603
191600 8072 60614 59 35357 20 9 71246
191800 8222 57592 53 35467 16 8 73420
192000 8293 56488 54 38246 28 9 73637
192200 7684 56912 59 35253 20 7 74846
192400 5486 57277 61 36123 20 6 74039
192600 8200 58157 55 37810 20 7 73804
192800 0 57924 65 34209 31 10 72924
193000 7350 60487 57 37662 20 8 90961
193200 0 73864 68 42471 20 17 90899
193400 11494 72155 57 40329 33 9 93919
193600 8611 58334 51 36370 16 10 74328
193800 6900 62091 55 35106 26 8 74464
194000 6913 58578 50 34412 20 9 73159
194200 5868 70049 66 43445 19 14 88029
194400 5681 59532 63 35033 30 12 73269
194600 4848 64783 53 37174 20 7 78842
194800 8017 69058 64 43189 19 10 87907
195000 9916 70592 65 42653 20 7 96093
195200 7951 69376 64 42654 19 10 89432
195400 8247 68265 202 41991 22 8 92614
195600 10975 68454 58 39725 20 8 87345
195800 5917 74700 69 42563 17 13 83659
196000 9443 70861 60 42484 20 8 87608
196200 11144 67072 58 41060 19 9 84018
196400 7720 68333 59 42506 19 8 84763
196600 8987 67858 54 40525 17 7 84389
196800 9040 67918 53 48421 44 8 89351
197000 0 69866 54 43138 25 10 89077
197200 8067 67419 69 40073 20 9 90259
197400 11337 77603 59 40440 22 8 84449
197600 6793 68668 66 40678 22 9 88283
197800 6857 58022 61 35941 16 7 72698
198000 8281 57841 167 34260 21 9 71701
198200 8137 75574 62 41612 29 9 83244
198400 8173 55490 56 34378 18 10 70474
198600 6762 56727 52 34823 20 8 77912
198800 0 67069 63 39986 23 8 82097
199000 8107 58671 54 34453 15 9 75666
199200 7858 72506 60 40712 25 10 86744
199400 6882 56154 73 34409 20 7 71674
199600 0 68103 63 40046 18 11 83438
199800 6722 59712 60 35127 17 9 71000
200000 7690 55935 56 34300 20 7 70933
