Time in microseconds. Iter / Coll / Push1 / Fluid / Rho / Phi / E / Push2
200 5130 62901 56 37894 21 10 75048
400 4195 59308 48 37736 17 7 76962
600 4988 56770 49 34664 15 8 72432
800 0 57898 48 35269 16 7 72643
1000 0 54944 48 34584 16 7 70052
1200 0 55155 48 33483 15 7 71301
1400 0 54218 47 34219 15 7 69935
1600 0 58156 48 33239 15 7 74041
1800 5045 55731 48 34334 16 8 68128
2000 3896 66626 59 34780 26 9 80840
2200 0 68928 47 32975 15 7 76971
2400 4395 51837 48 32774 15 7 67352
2600 0 53275 48 32877 15 6 68656
2800 4173 53038 60 32436 16 7 67005
3000 4201 56060 54 32543 19 7 65781
3200 0 50696 70 32331 15 7 65842
3400 4166 53052 48 31906 217 7 71834
3600 0 63071 59 39795 19 8 80899
3800 7791 63062 60 37429 15 7 82524
4000 0 60226 49 40039 15 8 78298
4200 5190 62319 58 40505 20 9 78881
4400 0 50493 48 30961 16 7 64281
4600 5302 55805 48 36174 16 7 68274
4800 3919 50259 48 31399 17 7 70169
5000 4566 50436 48 34788 15 7 65385
5200 4866 49389 48 30977 16 7 63478
5400 4093 50999 46 31884 14 7 66368
5600 4996 55045 48 30956 16 7 63077
5800 4044 48730 48 30368 16 7 79560
6000 3957 52542 47 29918 15 7 62300
6200 3671 49529 49 33411 16 7 62355
6400 4161 48059 55 33937 15 7 61801
6600 3887 47800 47 30302 83 7 65551
6800 4235 49295 48 29656 16 7 62087
7000 4082 47653 49 30678 16 8 61225
7200 4281 50801 48 30910 16 6 60768
7400 4844 54801 48 33012 19 8 71037
7600 5108 61455 48 34257 19 7 77117
7800 5328 60108 60 36457 14 7 77714
8000 5417 61047 60 35091 19 7 71779
8200 5034 56102 49 34110 15 7 81329
8400 4890 59493 48 35788 16 7 74591
8600 5427 55042 73 33569 21 8 78446
8800 0 47963 48 29156 16 7 62929
9000 0 61641 59 34588 15 8 71738
9200 5545 60301 48 38909 20 7 72263
9400 4571 47709 48 30144 15 7 60309
9600 3918 47382 48 30967 17 7 63931
9800 4986 55904 56 33785 16 7 72663
10000 4308 48341 55 29224 16 7 60399
10200 4103 45633 48 33170 19 6 61766
10400 6187 55426 60 33728 16 7 72254
10600 3884 46901 49 32537 20 7 59236
10800 0 53852 57 34771 16 7 71287
11000 0 46473 285 31754 16 7 60798
11200 4834 46375 57 29194 16 7 83270
11400 4388 50742 48 30826 18 6 60498
11600 4620 46077 48 30055 712 7 59168
11800 5252 59344 58 36420 16 8 76184
12000 4314 47071 48 29143 15 7 58680
12200 4480 45641 283 28571 15 7 59389
12400 4628 57163 94 35397 16 7 73237
12600 4846 46458 57 29701 20 7 61030
12800 4963 51906 50 35792 16 7 59071
13000 5108 57245 48 33925 19 8 82970
13200 4858 49972 54 28698 15 7 59821
13400 4149 46839 48 28615 17 7 60254
13600 5545 57192 49 32413 18 8 71659
13800 4019 45826 49 30711 15 7 58554
14000 5025 54909 59 34055 20 7 73896
14200 5056 58446 48 37418 16 8 73063
14400 5997 55406 51 33359 15 6 71066
14600 4764 52758 47 33124 16 7 72430
14800 4550 45648 49 29455 16 7 59050
15000 3949 45998 48 31766 15 6 62730
15200 4938 51136 56 32510 15 7 73616
15400 4184 45068 263 27497 20 7 58158
15600 2927 46308 48 30963 15 7 57955
15800 0 45197 74 27591 13 6 57983
16000 3176 44813 41 27676 13 5 57972
16200 2812 44442 50 35771 16 7 58578
16400 3793 54317 46 31801 15 7 73317
16600 4251 53602 46 36321 15 7 71015
16800 3136 44033 41 28553 14 6 58096
17000 2776 48470 43 27905 14 6 56814
17200 3671 49841 48 28175 15 16 58097
17400 3024 45138 43 27833 13 5 61522
17600 3871 54507 58 39176 18 7 83276
17800 4638 46697 42 28371 13 7 57514
18000 3037 45732 41 30881 12 6 58697
18200 3272 45278 43 27645 13 6 57533
18400 2726 55799 46 33738 20 7 90112
18600 2908 60490 58 38859 20 7 75014
18800 3237 47192 42 28045 14 6 57796
19000 2843 48510 68 28255 13 6 58091
19200 4038 57372 46 32087 16 7 69324
19400 0 44370 43 28505 14 16 67930
19600 4106 52759 47 32685 16 7 71897
19800 3833 49597 54 28518 13 6 57913
20000 0 48606 42 31080 13 6 57498
20200 6636 45819 43 28807 14 6 59703
20400 0 53672 85 32234 15 7 67983
20600 4235 52280 59 34177 17 8 72396
20800 3336 45253 147 32132 15 7 61299
21000 5846 46493 42 28508 14 6 58170
21200 3683 55886 55 32639 15 7 71944
21400 4021 56618 48 36284 20 8 74680
21600 3194 46179 42 32235 15 7 61157
21800 2839 45098 43 27719 13 6 59327
22000 3834 51976 47 31979 15 7 71022
22200 4477 52744 46 33673 18 7 68220
22400 3359 45738 41 27834 22 6 58212
22600 4126 56234 48 31803 17 226 81337
22800 5195 49732 48 33494 15 7 66477
23000 4219 54329 46 32387 15 7 72642
23200 3887 55067 47 35385 17 6 73604
23400 4498 53747 47 33020 17 8 70041
23600 3654 53109 48 33517 15 7 72125
23800 3601 54132 48 32587 17 7 67505
24000 4052 55125 47 34848 21 7 68657
24200 4186 52228 52 33278 22 9 69646
24400 3822 51952 46 34172 20 8 73437
24600 3447 57597 48 31972 15 7 69079
24800 3520 55442 48 30926 15 7 68889
25000 4055 61052 46 32671 16 6 73255
25200 3713 53848 46 33348 17 6 71441
25400 3833 57714 50 32661 15 7 68680
25600 4041 56568 47 31089 15 6 79843
25800 3693 53066 57 33352 15 6 74259
26000 3437 51543 55 33372 19 7 87331
26200 4145 57548 47 32852 20 7 70253
26400 0 58112 58 32560 15 7 69731
26600 3641 52923 291 32699 15 7 67613
26800 3660 57329 47 34020 16 7 76250
27000 3927 54869 52 32829 24 8 74502
27200 4082 50975 47 32617 16 7 71645
27400 3956 54708 81 33491 17 8 72384
27600 3525 53885 58 31295 15 7 72408
27800 4176 55417 48 32539 16 6 75011
28000 3636 57202 48 33357 18 8 69605
28200 3155 44713 93 28586 14 6 59220
28400 3247 57607 352 39721 18 8 71215
28600 3818 49264 57 32865 15 7 69004
28800 4610 59029 57 34115 16 8 67680
29000 3036 44663 47 28254 13 10 59651
29200 3275 44488 41 27791 14 5 57623
29400 0 58596 72 33456 26 11 96191
29600 3225 45686 42 29976 15 6 60092
29800 3126 47997 48 28270 14 6 57970
30000 4954 51443 48 33424 15 7 68580
30200 3739 54616 48 31763 17 7 70230
30400 3209 45304 43 28436 14 6 58437
30600 3267 46506 46 28685 15 6 60569
30800 0 57312 61 35384 15 7 70252
31000 8514 45860 42 27803 13 5 59745
31200 4408 56654 59 34876 16 8 70949
31400 3690 56045 48 34862 15 7 66844
31600 5495 60280 48 38301 19 8 82524
31800 3297 45609 43 31188 14 6 61014
32000 4987 60110 46 39088 16 7 74600
32200 3244 48150 46 35453 15 7 62413
32400 3236 46153 43 28465 12 5 60177
32600 3387 46224 42 28718 17 15 59505
32800 0 56063 54 33025 15 7 79888
33000 3242 53243 42 29074 14 6 59668
33200 3694 50771 42 29169 14 6 60580
33400 6975 54206 57 30588 23 9 63236
33600 4571 52774 56 33972 21 13 62649
33800 5975 62307 69 36546 27 10 77145
34000 10555 50295 60 30658 21 80 64118
34200 7218 64474 72 35825 28 10 75089
34400 4679 53923 96 29490 23 17 62016
34600 9486 52794 55 30072 21 17 62604
34800 4963 55642 59 33562 522 9 61715
35000 0 52152 55 30852 24 16 63734
35200 9224 52774 61 31837 21 8 64066
35400 7121 67101 64 34691 24 8 74288
35600 5862 63826 67 41187 24 11 73621
35800 9560 51743 56 30129 20 10 68850
36000 6340 63405 73 36686 22 9 79124
36200 4639 65595 71 35483 26 12 73932
36400 10532 48863 54 32285 24 10 64592
36600 6289 59424 56 38164 25 10 78005
36800 5297 49983 55 30479 24 9 61189
37000 4118 53413 58 31284 305 10 66674
37200 8688 54103 72 33100 24 9 61519
37400 0 50134 57 32093 24 12 63148
37600 8589 66255 71 38832 30 9 72179
37800 10121 52572 66 33786 23 12 62511
38000 7054 61120 69 35244 32 9 80193
38200 4290 62943 52 32085 21 11 63784
38400 19252 61862 176 38205 28 10 72800
38600 5548 52859 45 33320 22 12 62873
38800 6688 50209 59 29979 21 8 62802
39000 0 60648 81 35357 26 11 74248
39200 6618 68085 73 34284 22 10 72927
39400 0 60532 63 35295 18 10 75548
39600 8734 56664 70 44461 30 10 78818
39800 11637 64564 70 36831 23 8 82907
40000 8034 60667 72 34467 719 13 81715
40200 7771 66159 68 37976 26 9 78513
40400 8047 67601 129 35431 28 9 71369
40600 9609 66300 67 36021 33 12 75606
40800 10368 63370 57 36646 26 13 77038
41000 7633 62305 53 34252 30 12 78305
41200 8298 59973 61 34839 28 10 73632
41400 6390 61725 81 35449 26 10 81381
41600 11389 66287 76 36046 27 10 71998
41800 10128 63935 65 36704 25 9 79370
42000 6419 61600 75 37833 28 15 76635
42200 5193 64030 69 35802 26 9 90709
42400 9593 65610 61 36401 25 8 78891
42600 0 64427 83 36880 26 9 79783
42800 6655 64113 74 37657 26 9 74419
43000 10715 68434 70 36130 28 9 80165
43200 0 61726 73 35911 26 10 81152
43400 10448 53232 66 31066 23 8 68387
43600 7164 53156 59 31153 21 11 67302
43800 6519 52737 68 31868 25 11 65654
44000 5611 60474 51 36338 17 9 73761
44200 7264 64147 68 41701 24 8 79537
44400 8063 63734 56 37089 26 13 79880
44600 7878 65503 69 35519 27 10 78175
44800 0 66331 46 36397 29 11 76713
45000 5867 63654 122 35996 25 11 71765
45200 9401 61625 71 35062 27 7 75526
45400 11341 60475 58 36498 28 10 74122
45600 7000 68079 74 36674 27 8 75639
45800 6950 65547 68 39750 21 9 77715
46000 4909 65682 71 35629 25 9 76487
46200 8149 63230 64 35807 21 9 72898
46400 0 64053 80 35085 25 10 75525
46600 6075 59825 76 47756 29 10 76726
46800 5643 63203 59 37513 28 9 82862
47000 9138 75767 72 42037 27 13 95295
47200 6171 65468 73 37215 27 9 74624
47400 0 61155 69 35894 26 11 82623
47600 8531 63683 128 34835 157 8 76683
47800 9737 59519 74 35418 27 13 76933
48000 10327 58643 71 34478 21 9 82408
48200 7266 56740 71 34623 26 10 72257
48400 9525 63033 70 35726 27 9 74619
48600 6428 60257 73 36544 30 9 75031
48800 9143 49653 58 33899 19 11 63216
49000 8353 59202 51 37376 28 11 75014
49200 4794 53050 53 31054 17 14 68318
49400 9262 60469 67 35569 26 8 76971
49600 8236 51326 60 30675 20 11 67198
49800 10216 60631 70 37197 25 10 72123
50000 7090 51647 60 32819 24 19 67082
50200 11745 60332 59 35715 31 8 73861
50400 4459 51551 58 30189 28 10 63469
50600 5130 49933 57 30499 21 8 62809
50800 6136 52907 60 29972 27 11 65639
51000 10059 50636 56 30817 19 8 66957
51200 6015 52568 53 33470 66 10 63279
51400 5477 52017 57 30570 22 10 66838
51600 6911 56816 63 32480 20 12 63189
51800 7545 52347 56 31591 22 12 63583
52000 4792 52380 64 33012 22 13 69783
52200 6134 53176 68 30306 25 9 66597
52400 9452 61490 69 35898 26 9 82232
52600 8653 58753 69 37085 17 9 78854
52800 7547 66918 74 38193 27 13 77987
53000 9545 60566 69 37648 26 8 75016
53200 5895 66853 69 36532 26 10 78067
53400 7093 65266 68 35810 28 10 75992
53600 6930 62792 72 37442 27 10 76250
53800 9599 66219 69 37149 28 10 74892
54000 8647 67205 68 35048 25 12 95922
54200 6183 63396 69 37210 29 9 77671
54400 9018 72600 68 36296 27 10 78504
54600 5330 61657 70 36597 25 12 81367
54800 10642 65884 66 35496 27 11 82198
55000 9192 67801 68 34841 22 15 86945
55200 0 59026 70 35903 28 21 78654
55400 6085 58086 58 30765 21 13 63847
55600 11682 75223 70 41440 30 10 90258
55800 4678 52411 54 30921 24 8 64976
56000 8257 64113 73 36527 26 8 78344
56200 0 63430 69 37744 27 10 72529
56400 5358 49357 60 31314 23 10 63575
56600 9083 64386 57 34965 27 10 76857
56800 6464 52525 57 30424 22 8 63771
57000 6875 60833 77 36960 27 9 77492
57200 0 52365 60 32013 23 8 64165
57400 4224 64397 51 35840 25 9 79549
57600 6029 72714 69 38758 28 10 80093
57800 0 61811 65 36570 28 9 79982
58000 5804 64273 59 37000 26 14 77765
58200 7790 72041 71 36493 29 10 74886
58400 7567 60234 69 40453 24 11 76824
58600 7673 64985 81 34663 31 11 80115
58800 0 64485 151 37529 29 9 78410
59000 0 63548 170 36819 29 10 81498
59200 0 66235 54 38979 27 8 78358
59400 0 62365 70 35566 25 11 79583
59600 7561 61683 71 36923 27 8 86156
59800 0 65845 175 40119 22 8 78999
60000 9381 63781 69 37249 28 11 77948
60200 6233 66792 148 35795 28 9 76811
60400 5341 62503 72 36887 29 10 80967
60600 5989 52314 59 31639 18 14 64271
60800 4992 52626 57 33737 18 7 63177
61000 5835 51241 57 31168 20 11 63772
61200 8426 53261 356 31220 23 11 64713
61400 11698 63679 66 39081 26 9 74736
61600 0 50914 56 39332 29 11 72086
61800 7930 54628 59 33452 17 12 64216
62000 8849 52370 169 34871 25 10 66112
62200 6691 69268 65 36132 28 10 82139
62400 4989 53339 60 30984 22 10 73499
62600 9746 62756 70 38529 26 11 80419
62800 5727 52892 57 31235 16 10 64981
63000 3512 55709 58 32257 20 10 65770
63200 8986 74826 75 39925 26 9 80075
63400 7188 66831 73 35684 25 7 77763
63600 0 65297 69 39997 29 10 74587
63800 9840 62695 128 36476 26 9 76258
64000 6448 59971 68 38215 20 7 80866
64200 6438 66899 58 37437 34 10 78701
64400 5892 66056 67 38943 26 9 81643
64600 8268 70397 1936 38865 27 10 82917
64800 7472 64948 70 35655 17 9 80919
65000 11528 63917 125 36001 25 8 82795
65200 8772 72881 77 37961 26 10 75061
65400 6446 64340 70 37477 31 10 78400
65600 6069 63625 71 36474 26 10 74715
65800 6205 65204 72 36640 27 10 80046
66000 5292 59792 68 37093 28 10 76356
66200 0 53155 58 31368 19 8 67271
66400 7079 65924 69 37505 27 7 72444
66600 5046 48972 59 30601 17 7 64862
66800 6827 62466 69 39957 20 11 76290
67000 0 59667 69 35337 28 10 78996
67200 4989 61639 71 36582 29 12 77808
67400 0 63748 58 36105 22 10 80788
67600 8817 62571 70 36358 21 11 72286
67800 10208 62388 67 40422 28 8 83473
68000 7683 65306 51 36790 27 12 83182
68200 0 65740 83 36423 22 10 83789
68400 9525 65469 72 42923 35 9 75777
68600 10866 61891 55 37803 21 12 78690
68800 6602 58637 72 39172 22 10 86870
69000 7696 63308 58 38336 26 10 84345
69200 7666 63772 71 39119 28 9 82208
69400 6166 67246 72 39328 26 11 81738
69600 9631 70181 652 37464 26 9 80217
69800 6828 64006 49 37934 69 9 77018
70000 7067 52002 70 31693 21 12 64325
70200 0 67626 69 39573 23 10 85785
70400 6813 59303 69 42987 28 9 77069
70600 0 51410 59 32299 19 8 63806
70800 6969 62871 58 37638 24 10 76774
71000 5696 51044 59 31821 21 10 66251
71200 7137 64987 72 38360 27 8 79572
71400 0 51618 55 32469 26 18 67633
71600 11224 60190 78 36426 26 11 76713
71800 0 59124 60 35025 25 16 79651
72000 8544 51986 59 33101 28 16 65015
72200 6740 60333 70 37608 27 8 77598
72400 7842 67236 68 37073 27 13 80910
72600 10434 63325 74 37784 25 10 83764
72800 8065 62507 61 40904 33 10 78198
73000 8167 62283 72 39140 27 8 81183
73200 0 61822 69 38123 29 10 75714
73400 9679 67698 72 36953 26 10 83495
73600 6537 66650 69 39756 627 10 77623
73800 9798 62150 68 36339 27 11 87784
74000 9966 65756 66 37797 30 7 78990
74200 11147 65892 181 38286 21 9 76663
74400 7244 66922 80 35746 27 10 79364
74600 8214 63639 69 37378 26 11 75264
74800 7460 64733 72 39708 27 9 79763
75000 5359 70937 69 38613 27 11 79170
75200 5873 60204 50 37136 525 10 80897
75400 7756 56668 50 34470 24 18 66399
75600 6746 70784 68 37715 28 11 83809
75800 8002 63492 58 36139 20 17 72620
76000 7271 55697 56 35442 21 11 67666
76200 6552 56254 687 32353 22 8 73113
76400 6674 68847 71 43727 26 9 78328
76600 9657 70438 85 37993 26 9 80391
76800 7079 56011 59 32510 21 10 68164
77000 6541 54544 54 35785 28 8 67997
77200 4810 54843 66 32043 28 10 67185
77400 8499 63621 71 39858 25 9 84578
77600 7714 56567 62 33735 18 10 68313
77800 5800 55538 56 33197 21 16 66952
78000 8088 73889 69 39490 31 9 80847
78200 0 55365 61 32764 20 9 66742
78400 10726 80203 68 36881 27 8 80402
78600 9174 51356 69 40102 27 10 67139
78800 9421 67228 70 41007 27 11 95248
79000 6814 59412 57 34660 27 9 70389
79200 9491 57554 72 32880 21 11 65963
79400 11657 63465 71 40258 26 9 87271
79600 9326 64409 69 37807 29 9 87397
79800 7124 58699 56 37537 21 11 66113
80000 6690 72350 80 37936 29 9 78423
80200 9555 64148 70 40407 29 9 83192
80400 10440 51905 55 34096 22 10 75706
80600 9648 53771 55 34442 20 9 67223
80800 13036 75044 56 37381 17 10 86844
81000 8296 68200 80 39129 25 11 80590
81200 7628 56021 69 32368 65 7 68104
81400 8842 52958 54 33089 36 7 67785
81600 0 72854 54 39641 25 10 79550
81800 8801 66782 68 40003 27 8 83691
82000 8187 73427 69 39198 29 9 87029
82200 10452 63966 69 36669 28 8 84801
82400 10693 69495 67 43604 30 10 80803
82600 7254 67603 63 38997 51 9 82630
82800 7790 67204 61 37333 27 9 83496
83000 7156 66809 72 40186 27 10 78286
83200 10371 71254 119 42023 27 7 83678
83400 9792 66555 60 41303 29 9 87374
83600 11693 63901 84 37673 36 14 84886
83800 9525 67395 174 38236 29 11 85117
84000 9044 64397 55 39470 26 9 80569
84200 9167 72272 70 38867 26 10 78499
84400 5111 66456 69 39868 28 12 81901
84600 9977 70072 65 42431 33 10 83245
84800 6025 69488 69 40991 21 38 80912
85000 10532 69435 73 37353 27 9 82985
85200 0 63251 78 36761 27 9 86811
85400 10682 68831 69 38955 22 10 79099
85600 8712 69049 67 40452 27 10 81355
85800 9331 60925 139 40873 26 11 79656
86000 8071 59214 70 37480 26 9 79880
86200 0 69556 68 37764 26 10 77300
86400 9073 62430 72 39014 28 9 87368
86600 6694 65285 69 37272 25 9 89330
86800 9274 64048 68 37557 17 9 84189
87000 7975 64014 69 37180 27 11 79154
87200 8152 64197 69 40393 23 9 81028
87400 9160 63271 72 41122 26 10 85344
87600 9783 65139 69 37177 26 11 84539
87800 0 66518 432 37159 29 10 84223
88000 8133 62425 70 39069 30 8 77946
88200 7829 64329 71 40574 27 9 80875
88400 5253 66554 72 40112 27 10 79914
88600 7362 55984 54 32704 20 12 66332
88800 7772 66048 72 38411 26 8 78679
89000 7647 59395 63 32178 21 11 68484
89200 5235 55148 53 32564 21 8 66862
89400 0 65077 55 38737 27 10 79693
89600 6326 55123 79 33967 19 9 66953
89800 9036 62608 71 37128 31 9 85019
90000 7480 70382 70 37902 28 9 80470
90200 8990 62399 70 38735 22 10 80809
90400 11110 68658 49 40026 18 10 85610
90600 9521 64869 56 39339 25 8 82761
90800 0 66325 70 36986 27 10 86580
91000 7569 63150 64 38535 27 11 89803
91200 9781 64680 70 40439 29 10 77654
91400 8922 66143 492 37535 28 12 76533
91600 5350 69036 64 37168 25 14 88031
91800 7421 69605 58 38258 26 11 81204
92000 8897 64377 60 46113 27 12 81145
92200 8782 62817 72 38019 19 10 80787
92400 10327 66705 261 39048 29 10 79857
92600 6942 66436 69 37253 28 10 79884
92800 6886 75307 68 38829 26 10 79344
93000 5710 63704 69 37353 27 9 80216
93200 7674 67771 67 37105 25 10 88272
93400 10579 65523 47 37585 29 7 70339
93600 10605 60466 57 32449 21 11 73979
93800 7614 74257 519 38499 28 9 78274
94000 11039 62662 55 38350 127 10 89585
94200 9061 67965 70 40487 24 11 86463
94400 7552 60873 74 39220 411 9 80304
94600 9152 68226 65 47249 25 9 85010
94800 10123 65034 72 39576 30 9 84019
95000 9296 67329 124 38801 25 9 85075
95200 8570 72421 67 38458 25 8 81027
95400 6155 66892 70 36689 28 10 82553
95600 0 74315 68 37565 21 9 80644
95800 9147 69418 69 40089 28 10 83299
96000 0 70088 69 38496 29 10 84192
96200 8154 69941 706 37946 26 9 82031
96400 9592 64390 60 35970 20 10 76857
96600 9865 66043 72 41623 18 9 84637
96800 10519 66556 69 38964 26 10 82424
97000 8187 67440 70 37285 648 10 79856
97200 7002 53934 54 34345 26 12 70157
97400 9351 56122 55 32520 27 12 71158
97600 22310 75726 145 44860 26 8 90535
97800 6845 66582 76 37448 22 8 80310
98000 8348 59585 62 33593 22 11 67918
98200 8980 56431 54 32629 26 11 67405
98400 7472 63461 439 40745 31 10 82598
98600 0 56561 65 32702 21 13 71463
98800 0 63522 69 39660 680 11 76056
99000 5869 55421 70 32569 21 13 68807
99200 0 68371 73 38683 27 10 82489
99400 7386 54741 51 33239 25 11 67008
99600 0 62950 79 39395 30 12 86054
99800 4899 54521 54 31877 28 8 66591
100000 8632 64935 71 40190 27 10 81624
100200 5336 53767 58 36786 21 10 71322
100400 5178 54383 56 34611 21 12 71670
100600 0 68312 66 40487 27 9 80612
100800 5605 60563 75 37215 21 11 72642
101000 8335 53372 58 37496 24 16 66734
101200 12121 70390 73 37859 28 10 85342
101400 8142 55143 57 32151 20 8 68483
101600 9983 64232 64 39898 29 9 81891
101800 5627 54903 56 35885 34 14 69769
102000 5593 53451 52 32807 19 11 68295
102200 8585 69111 69 41470 26 10 86213
102400 7499 56388 60 33908 20 12 68661
102600 8695 66827 71 38027 28 11 88974
102800 5626 54703 58 33117 20 8 70063
103000 8222 67616 72 39314 25 11 79940
103200 0 65767 132 33492 19 10 73298
103400 9022 70717 68 41305 27 11 81837
103600 7316 64882 68 37155 26 11 81912
103800 8362 69501 66 39721 30 10 87842
104000 11207 65945 68 39455 26 10 86104
104200 7620 63655 72 41219 28 9 83943
104400 7741 70242 72 37652 28 8 81923
104600 9358 68757 71 38939 28 10 82559
104800 0 66293 72 40645 29 9 84583
105000 0 66219 50 37545 27 10 80805
105200 7839 75073 73 38595 22 10 87976
105400 6417 66340 70 39767 29 7 83174
105600 11144 66046 71 39238 29 8 81197
105800 7656 65764 75 40175 28 9 80428
106000 9773 74532 71 38613 27 10 79992
106200 0 62181 53 41971 15 7 85768
106400 10042 65107 70 40932 28 9 85041
106600 11536 64272 69 38772 23 11 82473
106800 6741 68422 67 40292 25 9 79250
107000 9162 54976 159 38168 23 7 70820
107200 6402 63027 69 42290 27 10 81668
107400 10114 64950 68 39769 28 8 88439
107600 5687 66992 55 38505 28 9 83587
107800 0 57825 55 37034 21 8 68910
108000 6907 63283 72 40130 26 7 81539
108200 6397 55089 55 33310 40 11 72801
108400 8133 61539 65 38650 24 10 83882
108600 8484 55180 56 34192 32 15 68180
108800 7121 59670 378 33024 20 13 69975
109000 6752 71822 70 38765 28 11 85706
109200 5265 52399 57 32571 20 9 68340
109400 9592 66020 69 39771 25 9 83780
109600 9050 68634 73 39679 25 10 78831
109800 9026 57564 74 33207 287 10 69203
110000 0 55726 67 33826 23 9 68007
110200 8114 62721 69 38801 30 7 82465
110400 8180 56240 61 33177 18 13 69839
110600 5489 54341 58 33062 22 10 69291
110800 10244 71500 61 40579 29 9 86033
111000 8966 57570 50 36450 22 16 68580
111200 6203 57742 59 36101 22 10 68380
111400 8745 63837 75 37615 27 10 83813
111600 6589 58357 57 33748 20 10 69063
111800 5615 53679 55 34633 24 11 67805
112000 8640 57219 60 34216 20 11 69344
112200 8697 71993 67 40296 28 15 84988
112400 14810 68941 67 40326 26 13 79819
112600 7812 69119 68 40447 26 10 84003
112800 0 73421 60 40333 28 10 85613
113000 6764 66072 70 37920 29 10 91736
113200 0 67319 477 39201 27 10 84062
113400 5651 67004 74 38466 27 11 88835
113600 6363 70716 70 40989 28 10 94079
113800 11862 63701 70 40964 27 9 89784
114000 9784 66871 71 41756 27 10 90466
114200 9212 66900 70 39896 26 9 88794
114400 7725 66999 71 40958 30 10 78486
114600 9450 67143 69 38299 25 10 83966
114800 7660 69802 71 40975 26 9 84099
115000 5655 55727 54 33352 18 8 69473
115200 4819 54355 53 33606 18 6 73069
115400 0 69070 68 40416 26 11 84795
115600 9081 54943 56 34011 19 8 68506
115800 0 72491 60 40677 26 8 88406
116000 5102 58101 61 37111 29 8 69591
116200 6374 56685 62 46439 26 9 97733
116400 7247 68663 520 44859 17 81 91599
116600 6704 57776 61 33822 23 246 70898
116800 7659 68752 69 42136 27 14 83192
117000 7605 55500 55 34453 20 11 72165
117200 0 56504 54 33921 21 12 69677
117400 7983 69609 71 39403 26 52 83553
117600 7108 60212 50 33500 23 9 72803
117800 0 66592 68 39368 26 12 77166
118000 0 56718 54 34134 15 11 69392
118200 7167 71625 71 39911 17 10 84729
118400 5074 52045 56 33422 19 6 73704
118600 5634 56468 56 37312 20 14 68953
118800 7776 64129 69 38806 30 9 84826
119000 6796 56830 55 36960 22 10 70827
119200 7684 65882 70 38720 27 10 82842
119400 7982 70823 74 41712 27 9 88636
119600 8381 58507 62 34321 21 11 73187
119800 9941 58944 59 35061 19 11 72424
120000 7087 68860 69 50736 26 10 85935
