Iteration / Electron np / Ion np / Electron Inner np / Ion Inner np
0 1000000 1000000 499915 499515
200 894701 999172 499143 499641
400 889627 995829 499535 500108
600 888165 990115 500727 500707
800 885962 982995 501806 501519
1000 876964 975011 501824 502358
1200 875046 966826 502577 503207
1400 868103 958720 504199 504071
1600 859070 951009 505031 504938
1800 853492 943591 505513 505723
2000 848697 936432 506347 506523
2200 844144 929820 507531 507235
2400 839752 923617 508656 507977
2600 834858 917656 508943 508583
2800 829661 912061 508819 509201
3000 825661 906845 509402 509795
3200 823402 901759 510095 510334
3400 820569 896895 510736 510824
3600 816373 892096 510864 511194
3800 812224 887426 511158 511502
4000 808400 883060 511726 511812
4200 805917 878709 512245 512098
4400 802501 874451 511779 512341
4600 798871 870453 512696 512569
4800 796212 866568 512732 512743
5000 793556 862879 512991 512908
5200 790579 859141 512738 513102
5400 788138 855564 512804 513277
5600 785633 852078 513077 513458
5800 783205 848657 513967 513625
6000 781143 845410 514251 513805
6200 779221 842246 514280 513934
6400 777630 839135 514281 514097
6600 776077 836157 514393 514250
6800 774629 833276 514090 514401
7000 773438 830468 514512 514565
7200 772238 827684 514745 514727
7400 771215 825127 515297 514864
7600 770213 822639 515392 515064
7800 769352 820264 515196 515221
8000 768801 817982 515055 515392
8200 768369 815671 515820 515582
8400 768075 813535 516364 515784
8600 767932 811623 516478 515972
8800 767916 809854 516739 516182
9000 767977 808115 516921 516404
9200 768110 806417 517036 516618
9400 768448 804941 517147 516868
9600 768888 803611 517391 517194
9800 768940 802573 517651 517610
10000 767343 801895 518059 518228
10200 764021 801510 517919 518981
10400 761014 801465 518579 519899
10600 758341 801642 521267 521028
10800 755918 802128 522431 522247
11000 754124 802738 523790 523537
11200 751826 803466 525615 524993
11400 750634 804270 527319 526533
11600 749524 805172 528353 528138
11800 748159 806086 530378 529824
12000 747274 806815 531432 531517
12200 746149 807482 533209 533188
12400 745033 808040 534028 534817
12600 743709 808611 536469 536536
12800 742818 808864 539252 538330
13000 741847 809085 539775 540113
13200 741072 809113 542696 541826
13400 740172 808742 543217 543494
13600 738968 808482 545595 545217
13800 738493 807959 547851 546914
14000 737831 807229 549207 548583
14200 737382 806693 550925 550270
14400 736710 805775 552506 551881
14600 736153 805028 554074 553497
14800 736063 804213 556310 555156
15000 735870 803389 558105 556767
15200 735396 802565 559091 558344
15400 735511 801697 561022 559926
15600 735603 800827 562702 561432
15800 735851 800137 563888 563011
16000 736272 799328 565323 564518
16200 736550 798670 566839 566053
16400 737080 797849 568787 567558
16600 737639 797149 570266 568995
16800 738441 796714 571551 570531
17000 739375 796080 573588 571991
17200 740404 795631 575017 573508
17400 741662 795374 576404 575098
17600 742927 795052 577882 576580
17800 744187 794830 578980 578122
18000 745581 794630 580237 579641
18200 747114 794559 581661 581083
18400 748662 794330 582843 582506
18600 750273 794187 584375 583942
18800 751892 794202 585088 585373
19000 753449 794214 586934 586744
19200 754986 794290 588325 588061
19400 756401 794254 590236 589308
19600 757892 794261 590883 590577
19800 759491 794381 592572 591852
20000 761021 794633 593483 593102
