Iteration / Electron np / Ion np / Electron Inner np / Ion Inner np
0 10000 10000 4992 5076
200 8953 9996 5059 5079
400 8920 9973 5111 5090
600 8910 9915 5094 5102
800 8920 9858 5101 5111
1000 8872 9794 5109 5119
1200 8849 9717 5120 5128
1400 8820 9634 5113 5133
1600 8737 9584 5146 5136
1800 8690 9499 5127 5138
2000 8650 9433 5152 5140
2200 8578 9353 5123 5146
2400 8506 9297 5138 5145
2600 8448 9247 5137 5144
2800 8386 9182 5137 5139
3000 8329 9123 5146 5142
3200 8281 9067 5129 5143
3400 8238 9014 5142 5143
3600 8190 8961 5158 5143
3800 8150 8913 5143 5145
4000 8115 8864 5138 5146
4200 8079 8811 5141 5146
4400 8035 8769 5152 5143
4600 8004 8721 5147 5146
4800 7973 8687 5138 5146
5000 7938 8644 5141 5142
5200 7901 8605 5124 5142
5400 7878 8557 5149 5142
5600 7847 8519 5142 5143
5800 7823 8490 5141 5144
6000 7801 8463 5141 5143
6200 7782 8420 5133 5144
6400 7754 8389 5139 5146
6600 7734 8356 5140 5145
6800 7720 8318 5145 5145
7000 7707 8281 5154 5146
7200 7693 8251 5167 5146
7400 7681 8224 5138 5146
7600 7666 8193 5133 5145
7800 7658 8171 5151 5147
8000 7652 8143 5149 5149
8200 7645 8118 5137 5149
8400 7639 8096 5144 5148
8600 7636 8068 5158 5149
8800 7631 8040 5144 5154
9000 7627 8020 5149 5154
9200 7623 8006 5138 5156
9400 7626 7983 5166 5159
9600 7622 7972 5144 5160
9800 7606 7959 5166 5162
10000 7591 7951 5162 5167
10200 7561 7951 5183 5173
10400 7524 7944 5186 5181
10600 7483 7936 5211 5191
10800 7459 7939 5205 5203
11000 7429 7944 5247 5218
11200 7409 7942 5223 5235
11400 7389 7945 5260 5246
11600 7374 7948 5292 5262
11800 7353 7948 5307 5272
12000 7336 7949 5298 5285
12200 7316 7942 5305 5292
12400 7292 7929 5307 5301
12600 7279 7921 5326 5311
12800 7252 7902 5331 5320
13000 7233 7890 5345 5329
13200 7208 7878 5344 5337
13400 7194 7865 5348 5350
13600 7183 7855 5376 5362
13800 7172 7856 5396 5384
14000 7159 7832 5406 5389
14200 7140 7823 5413 5400
14400 7120 7801 5409 5411
14600 7117 7785 5409 5420
14800 7099 7770 5433 5424
15000 7077 7752 5441 5433
15200 7066 7730 5439 5436
15400 7066 7716 5447 5450
15600 7051 7685 5458 5461
15800 7040 7666 5486 5469
16000 7045 7660 5495 5482
16200 7033 7643 5495 5487
16400 7032 7626 5509 5498
16600 7026 7611 5504 5507
16800 7025 7589 5503 5509
17000 7021 7573 5519 5513
17200 7010 7551 5503 5517
17400 7010 7533 5518 5523
17600 7019 7526 5524 5536
17800 7020 7514 5540 5537
18000 7026 7510 5537 5543
18200 7039 7497 5544 5545
18400 7039 7480 5546 5552
18600 7049 7482 5549 5556
18800 7059 7474 5551 5565
19000 7063 7461 5573 5568
19200 7069 7452 5585 5574
19400 7078 7444 5590 5580
19600 7091 7442 5596 5588
19800 7107 7448 5607 5605
20000 7119 7442 5600 5609
