Iteration / Electron np / Ion np / Electron Inner np / Ion Inner np
0 1000000 1000000 499243 499860
200 894137 999172 499535 499977
400 888541 995894 501285 500439
600 886799 990131 500313 501017
800 885211 982779 501988 501732
1000 875637 974751 502018 502519
1200 873865 966297 503149 503324
1400 869096 958189 504193 504189
1600 859337 950372 505043 504998
1800 852509 942774 505645 505770
2000 847477 935701 506168 506541
2200 842680 928965 507065 507232
2400 838148 922708 508220 507876
2600 833200 916842 508886 508552
2800 828666 911141 508764 509163
3000 825330 905829 509343 509720
3200 822955 900633 509595 510168
3400 819703 895750 509984 510557
3600 815307 890782 510783 510887
3800 811018 886147 511073 511176
4000 807463 881697 511588 511419
4200 804902 877390 511220 511671
4400 801333 873133 512185 511885
4600 797621 869228 512091 512094
4800 794956 865393 512175 512236
5000 792182 861618 511923 512400
5200 789208 857981 512277 512563
5400 786765 854411 512784 512749
5600 784386 850794 512507 512903
5800 781991 847445 512905 513078
6000 779944 844014 513145 513231
6200 777936 840901 513462 513373
6400 776155 837684 513404 513498
6600 774558 834622 513659 513656
6800 773143 831721 513735 513791
7000 771974 828834 513952 513980
7200 770768 826174 514651 514124
7400 769700 823525 514820 514292
7600 768915 821047 514148 514464
7800 768120 818734 515038 514623
8000 767546 816570 515099 514816
8200 767111 814382 515131 515016
8400 766779 812219 515258 515179
8600 766554 810334 515732 515372
8800 766441 808485 516047 515541
9000 766551 806757 516434 515739
9200 766773 805133 515828 515987
9400 767048 803538 516504 516226
9600 767445 802238 516394 516565
9800 767604 801159 516899 516946
10000 766245 800454 517522 517512
10200 763170 800056 518109 518224
10400 759539 799899 518223 519072
10600 756737 799982 520211 520033
10800 754696 800395 521647 521226
11000 752677 800902 521884 522471
11200 751177 801442 524375 523792
11400 749180 802132 525905 525213
11600 747792 802799 526988 526641
11800 746439 803356 528191 528063
12000 745001 803901 530207 529536
12200 743499 804422 530594 531079
12400 741927 804867 532175 532645
12600 740803 805173 533725 534181
12800 739887 805402 535890 535848
13000 738827 805596 537137 537534
13200 737756 805768 539189 539299
13400 736978 805408 540811 541030
13600 735974 805246 542117 542722
13800 735181 804651 544892 544349
14000 734733 803982 546360 545958
14200 734189 803517 547896 547680
14400 733705 802675 548929 549272
14600 733297 801938 551442 550943
14800 733080 801184 552136 552636
15000 732759 800291 554480 554219
15200 732638 799450 556066 555727
15400 732697 798592 558178 557301
15600 732601 797721 558955 558803
15800 732887 797064 560410 560397
16000 733094 796297 563450 561942
16200 733498 795548 564374 563434
16400 734270 794913 566202 565019
16600 734779 794145 567373 566481
16800 735637 793664 569160 567973
17000 736814 793229 570582 569465
17200 737670 792701 572464 571013
17400 738764 792234 573301 572500
17600 740095 792064 575239 574056
17800 741488 791852 576743 575577
18000 742881 791615 577780 577035
18200 744485 791619 579229 578572
18400 746108 791569 580678 580027
18600 747616 791383 582151 581391
18800 749220 791461 583351 582837
19000 750818 791560 585483 584213
19200 752320 791592 586246 585501
19400 753876 791665 587544 586833
19600 755476 791801 588829 588117
19800 757010 792017 589690 589398
20000 758601 792293 590758 590709
