Iteration / Electron np / Ion np / Electron Inner np / Ion Inner np
0 10000 10000 4992 5076
200 8940 9986 5046 5076
400 8876 9943 5061 5080
600 8806 9868 5102 5080
800 8790 9792 5087 5081
1000 8732 9705 5083 5082
1200 8678 9608 5061 5082
1400 8633 9503 5055 5080
1600 8583 9426 5074 5076
1800 8497 9333 5067 5075
2000 8416 9254 5063 5072
2200 8352 9169 5070 5074
2400 8291 9106 5069 5074
2600 8228 9037 5051 5069
2800 8171 8966 5060 5066
3000 8108 8906 5042 5065
3200 8053 8836 5055 5062
3400 7999 8779 5071 5060
3600 7973 8730 5035 5059
3800 7935 8671 5060 5058
4000 7889 8622 5062 5056
4200 7841 8576 5054 5052
4400 7812 8526 5038 5051
4600 7775 8477 5034 5048
4800 7727 8436 5049 5047
5000 7688 8388 5047 5044
5200 7665 8347 5065 5045
5400 7635 8299 5042 5048
5600 7612 8262 5041 5046
5800 7573 8226 5052 5045
6000 7549 8186 5057 5045
6200 7529 8146 5038 5044
6400 7502 8110 5036 5048
6600 7480 8065 5050 5048
6800 7456 8026 5044 5049
7000 7445 8002 5039 5050
7200 7429 7966 5034 5052
7400 7413 7930 5043 5050
7600 7396 7903 5044 5050
7800 7384 7874 5052 5051
8000 7381 7839 5037 5052
8200 7357 7815 5052 5053
8400 7350 7787 5046 5052
8600 7349 7766 5036 5052
8800 7342 7740 5054 5052
9000 7334 7714 5051 5051
9200 7327 7693 5046 5054
9400 7326 7673 5043 5053
9600 7310 7650 5047 5052
9800 7277 7626 5043 5051
10000 7253 7604 5052 5051
10200 7195 7585 5062 5048
10400 7137 7568 5033 5048
10600 7078 7545 5032 5046
10800 7033 7524 5034 5041
11000 6984 7506 5054 5036
11200 6931 7486 5019 5032
11400 6883 7465 5047 5031
11600 6848 7439 5024 5029
11800 6817 7422 5048 5026
12000 6779 7392 5029 5024
12200 6737 7362 5034 5022
12400 6694 7333 5028 5020
12600 6668 7301 5029 5019
12800 6627 7274 5034 5014
13000 6589 7245 5016 5010
13200 6541 7210 5003 5005
13400 6512 7180 4999 4999
13600 6479 7147 4991 4997
13800 6435 7109 5026 4996
14000 6418 7078 4980 4992
14200 6377 7044 4972 4988
14400 6359 7012 4980 4984
14600 6323 6974 4989 4977
14800 6299 6940 4975 4972
15000 6274 6909 4962 4968
15200 6243 6882 4974 4963
15400 6222 6849 4986 4956
15600 6200 6820 4936 4947
15800 6184 6789 4973 4943
16000 6162 6766 4924 4938
16200 6147 6732 4929 4932
16400 6122 6697 4897 4927
16600 6101 6672 4947 4924
16800 6093 6644 4908 4916
17000 6080 6612 4900 4911
17200 6054 6587 4874 4901
17400 6031 6562 4875 4895
17600 6032 6531 4878 4889
17800 6026 6511 4862 4878
18000 6023 6482 4853 4872
18200 6013 6459 4863 4867
18400 6001 6433 4875 4864
18600 5993 6416 4845 4856
18800 5982 6389 4843 4848
19000 5973 6368 4837 4839
19200 5963 6351 4817 4832
19400 5951 6331 4819 4823
19600 5935 6306 4833 4815
19800 5919 6291 4812 4804
20000 5904 6276 4796 4798
